2021-02-27	0.067484	0.000838	0.189788	-0.005614	0.067484	19141980288.040001
2021-02-26	0.150113	0.001587	0.195467	-0.077810	0.150113	14884142108.700001
2021-02-25	0.026111	-0.000293	0.115128	-0.032017	0.026111	8248286269.200000
2021-02-24	0.101547	0.000261	0.125822	-0.054599	0.101547	8481334623.130000
2021-02-23	-0.131412	-0.000347	0.031437	-0.250199	-0.131412	11201900117.080000
2021-02-22	-0.001244	-0.000103	0.030566	-0.226246	-0.001244	10562051438.660000
2021-02-21	-0.019982	-0.001224	0.023991	-0.038859	-0.019982	7042361463.640000
2021-02-20	0.210542	-0.000202	0.287079	-0.011564	0.210542	11454890463.420000
2021-02-19	0.014802	0.000151	0.032445	-0.031546	0.014802	4582877242.520000
2021-02-18	0.026039	-0.000056	0.074063	-0.000056	0.026039	4918032801.850000
2021-02-17	0.022928	-0.000047	0.028708	-0.051047	0.022928	5841828077.100000
2021-02-16	0.011543	-0.000359	0.050166	-0.023332	0.011543	6948621245.970000
2021-02-15	0.014843	-0.000699	0.070412	-0.154763	0.014843	8979888269.660000
2021-02-14	-0.063265	0.000674	0.009800	-0.099941	-0.063265	7159401195.160000
2021-02-13	-0.021465	-0.000180	0.026321	-0.100028	-0.021465	7532474269.700000
2021-02-12	-0.002322	-0.000697	0.018663	-0.061028	-0.002322	8035829512.780000
2021-02-11	-0.002770	0.000542	0.046228	-0.062740	-0.002770	10627183208.030001
2021-02-10	0.322384	0.000046	0.341680	0.000046	0.322384	12667653584.780001
2021-02-09	0.030777	-0.000536	0.038870	-0.019211	0.030777	5885048711.590000
2021-02-08	0.029059	-0.001293	0.084695	-0.043657	0.029059	9056514740.920000
2021-02-07	0.056304	0.001507	0.118897	-0.065198	0.056304	11252055619.870001
2021-02-06	0.167348	-0.000216	0.222644	-0.027701	0.167348	8109402422.300000
2021-02-05	0.219526	0.000205	0.262266	-0.003391	0.219526	6808411306.580000
2021-02-04	-0.000789	-0.000097	0.012719	-0.070778	-0.000789	3553059567.680000
2021-02-03	0.035549	-0.000677	0.049520	-0.026278	0.035549	3648896566.700000
2021-02-02	0.060229	0.002285	0.125764	-0.032948	0.060229	6504904708.930000
2021-02-01	0.165660	-0.000233	0.209496	-0.031033	0.165660	3838085988.720000
2021-01-31	-0.048870	-0.000029	0.035261	-0.065266	-0.048870	2455679992.050000
2021-01-30	0.041615	-0.000152	0.070631	-0.030628	0.041615	2866173268.600000
2021-01-29	0.005785	0.017969	0.059641	-0.040777	0.005785	3367098094.590000
2021-01-28	0.105558	-0.000190	0.129049	-0.022284	0.105558	2863036708.650000
2021-01-27	-0.090500	-0.000047	-0.000047	-0.112635	-0.090500	2666764972.790721
2021-01-26	0.001011	-0.000130	0.017062	-0.052550	0.001011	2557745015.202492
2021-01-25	-0.028244	-0.000088	0.027216	-0.034525	-0.028244	2339817092.418248
2021-01-24	0.023833	-0.000166	0.066531	-0.019927	0.023833	2539663711.431206
2021-01-23	-0.011251	-0.000701	0.021839	-0.036833	-0.011251	2781033955.973590
2021-01-22	0.126907	-0.000500	0.157799	-0.085854	0.126907	4066222238.460708
2021-01-21	-0.173645	0.000147	0.008851	-0.197107	-0.173645	3567902823.360718
2021-01-20	0.016950	-0.000544	0.019127	-0.100717	0.016950	3281600988.296779
2021-01-19	-0.006168	0.000078	0.031122	-0.021011	-0.006168	2957453653.168023
2021-01-18	-0.022178	-0.000310	0.041045	-0.035853	-0.022178	3480282508.183064
2021-01-17	0.077766	-0.000304	0.122597	-0.027267	0.077766	5617481333.516533
2021-01-16	0.164987	-0.000061	0.207848	-0.000925	0.164987	4476161884.593305
2021-01-15	-0.025340	0.000510	0.062145	-0.095535	-0.025340	3171984602.259999
2021-01-14	-0.010246	-0.000200	0.031707	-0.044031	-0.010246	2686785563.548253
2021-01-13	0.092703	-0.001098	0.095686	-0.050898	0.092703	2656935143.963277
2021-01-12	0.041884	-0.000785	0.137601	-0.035352	0.041884	4037298874.636118
2021-01-11	-0.096524	0.000330	0.000330	-0.235695	-0.096524	4768803200.278120
2021-01-10	-0.084324	-0.000035	0.022287	-0.145408	-0.084324	3732911205.622683
2021-01-09	0.089582	0.000046	0.107981	-0.029132	0.089582	3655608662.497521
2021-01-08	0.018725	0.001358	0.067377	-0.111686	0.018725	4560690774.325775
2021-01-07	-0.096170	0.001125	0.064616	-0.146679	-0.096170	5149188551.595499
2021-01-06	0.284866	0.000912	0.340609	-0.008086	0.284866	6170988899.682350
2021-01-05	0.149274	0.000242	0.178514	-0.072557	0.149274	4097207384.053261
2021-01-04	0.096427	0.001174	0.169103	-0.051442	0.096427	3260699085.911579
2021-01-03	0.155408	-0.000231	0.176169	-0.022807	0.155408	2303857908.870005
2021-01-02	0.011820	0.000051	0.050773	-0.034886	0.011820	1408849503.555827
2021-01-01	-0.033336	-0.000082	0.015703	-0.051684	-0.033336	1122218004.358043
2020-12-31	-0.014360	-0.000031	0.009288	-0.040459	-0.014360	1132268396.941855
2020-12-30	-0.042278	-0.000740	0.005102	-0.085776	-0.042278	1849432294.586516
2020-12-29	0.087303	-0.000147	0.109972	-0.015252	0.087303	2967669490.148436
2020-12-28	0.144491	0.000119	0.156463	-0.006326	0.144491	1732151278.647035
2020-12-27	-0.021554	0.000070	0.046674	-0.047177	-0.021554	1578354821.332991
2020-12-26	0.001650	-0.000048	0.028037	-0.049121	0.001650	1191970341.269182
2020-12-25	0.030614	0.000016	0.091326	-0.015613	0.030614	1119917804.279788
2020-12-24	0.120895	0.000462	0.131555	-0.031285	0.120895	1470292430.817819
2020-12-23	-0.126682	0.000297	0.007908	-0.184146	-0.126682	1484453886.503968
2020-12-22	0.023078	-0.000142	0.048204	-0.020996	0.023078	1138400652.925925
2020-12-21	-0.057611	0.000096	0.021159	-0.086951	-0.057611	1139902285.997085
2020-12-20	-0.016545	0.000085	0.018275	-0.036538	-0.016545	729191687.344423
2020-12-19	-0.001664	-0.000051	0.033323	-0.010109	-0.001664	586684840.711456
2020-12-18	0.009209	-0.000207	0.031513	-0.026492	0.009209	1101018945.147024
2020-12-17	-0.024502	-0.000107	0.040296	-0.035470	-0.024502	1188727265.125797
2020-12-16	0.086089	0.000043	0.086157	-0.028057	0.086089	976699798.559666
2020-12-15	-0.023339	0.000462	0.010891	-0.029352	-0.023339	607184172.520506
2020-12-14	0.026163	0.000337	0.026224	-0.027245	0.026163	587078385.036944
2020-12-13	0.065793	0.000296	0.081678	-0.006806	0.065793	675025744.792642
2020-12-12	0.035933	-0.000189	0.056007	-0.001738	0.035933	519780650.712270
2020-12-11	-0.017926	0.000193	0.004924	-0.047978	-0.017926	704854539.342100
2020-12-10	-0.041647	0.000031	0.002462	-0.055204	-0.041647	798550525.206900
2020-12-09	0.051349	0.000095	0.063024	-0.074228	0.051349	1320752603.047249
2020-12-08	-0.085655	-0.000024	0.005226	-0.098435	-0.085655	939164987.227575
2020-12-07	-0.029813	0.000061	0.001099	-0.044876	-0.029813	789426235.678668
2020-12-06	-0.005017	-0.000058	0.017150	-0.039068	-0.005017	886137949.405966
2020-12-05	0.077082	-0.000522	0.088650	-0.009752	0.077082	1036100099.292992
2020-12-04	-0.097258	-0.000016	0.001793	-0.105036	-0.097258	1200621758.107336
2020-12-03	0.035663	0.000221	0.059609	-0.016535	0.035663	1287927034.682739
2020-12-02	0.016505	-0.000171	0.023585	-0.029193	0.016505	1367595805.361816
2020-12-01	-0.089461	0.000343	0.014844	-0.144392	-0.089461	2071556993.832508
2020-11-30	0.028020	-0.000054	0.036763	-0.036243	0.028020	2151589401.888174
2020-11-29	0.011215	0.000799	0.035102	-0.043549	0.011215	1731327207.419086
2020-11-28	0.168496	0.000324	0.216558	-0.010412	0.168496	1932319047.095048
2020-11-27	0.019865	0.000081	0.045959	-0.050008	0.019865	1505708870.426749
2020-11-26	-0.108795	-0.000354	0.032594	-0.204452	-0.108795	2523183035.805816
2020-11-25	-0.067101	0.000139	0.051322	-0.098695	-0.067101	1773041978.792094
2020-11-24	0.083465	0.000399	0.186021	0.000399	0.083465	2566224959.083391
2020-11-23	0.060443	0.000001	0.092520	-0.015811	0.060443	2203606417.606269
2020-11-22	0.088873	0.000000	0.148856	-0.095940	0.088873	2294032111.650075
2020-11-21	0.124502	0.000000	0.130071	-0.012301	0.124502	1385060441.518691
2020-11-20	0.116748	0.000001	0.116794	-0.000830	0.116748	688553865.300826
2020-11-19	-0.005043	-0.000003	0.012395	-0.017649	-0.005043	590674104.627165
2020-11-18	-0.029175	-0.000001	0.017546	-0.055243	-0.029175	692683323.577690
2020-11-17	0.053769	0.014158	0.076551	0.010617	0.053769	622568575.185180
2020-11-16	0.034583	0.000000	0.043383	-0.008706	0.034583	400498894.375937
2020-11-15	-0.035225	0.000000	0.008247	-0.051825	-0.035225	358303857.877862
2020-11-14	-0.020577	0.000000	0.004234	-0.043753	-0.020577	432474021.339585
2020-11-13	0.017849	-0.000000	0.031343	-0.004431	0.017849	477838893.360388
2020-11-12	-0.013588	-0.000001	0.005162	-0.029614	-0.013588	634274545.462733
2020-11-11	0.001509	-0.000000	0.024550	-0.002511	0.001509	631585357.164554
2020-11-10	0.004557	0.000006	0.031291	-0.013159	0.004557	700753239.359859
2020-11-09	-0.012152	0.000001	0.012662	-0.048447	-0.012152	802272881.762153
2020-11-08	0.051706	0.000000	0.068243	-0.011842	0.051706	625787081.183732
2020-11-07	-0.070811	0.000000	0.037418	-0.088878	-0.070811	861840303.773581
2020-11-06	0.124858	-0.000003	0.130814	-0.002821	0.124858	717731179.576173
2020-11-05	0.017042	0.000001	0.023105	-0.033088	0.017042	554496501.558823
2020-11-04	0.020706	0.000001	0.027482	-0.013990	0.020706	1041738045.940805
2020-11-03	0.014015	0.000000	0.018349	-0.044444	0.014015	859629132.095279
2020-11-02	-0.061650	-0.000001	0.017703	-0.065494	-0.061650	817756720.329477
2020-11-01	0.055245	0.000000	0.058360	-0.002179	0.055245	609565848.912770
2020-10-31	-0.003351	0.000000	0.020359	-0.012429	-0.003351	662592018.758048
2020-10-30	-0.021041	0.000001	0.002217	-0.052559	-0.021041	855782606.167458
2020-10-29	-0.036383	0.000001	0.017528	-0.040176	-0.036383	883054979.941545
2020-10-28	-0.037443	0.000000	0.005078	-0.070574	-0.037443	876721856.051052
2020-10-27	-0.002621	-0.000000	0.023209	-0.009958	-0.002621	913522301.820795
2020-10-26	-0.030594	0.000000	0.009686	-0.065078	-0.030594	880221833.213368
2020-10-25	-0.015956	0.000000	0.006055	-0.017550	-0.015956	722743351.340005
2020-10-24	-0.000072	0.000000	0.014610	-0.005030	-0.000072	868194496.752707
2020-10-23	-0.022509	0.001146	0.010692	-0.044945	-0.022509	1110973426.697287
2020-10-22	0.041294	-0.001229	0.058647	-0.006636	0.041294	933335640.933952
2020-10-21	0.036033	0.000242	0.056513	-0.006462	0.036033	779410098.655208
2020-10-20	-0.056897	-0.000582	0.001507	-0.068561	-0.056897	707955235.881043
2020-10-19	0.012003	0.000255	0.032896	-0.011172	0.012003	490775169.611082
2020-10-18	0.012107	-0.000560	0.014111	-0.007525	0.012107	432851134.579730
2020-10-17	0.019604	0.001485	0.028015	-0.006707	0.019604	472005226.733025
2020-10-16	-0.024118	0.001060	0.006391	-0.038435	-0.024118	553561875.000836
2020-10-15	-0.006166	-0.000745	0.002744	-0.021602	-0.006166	562197282.259207
2020-10-14	-0.014288	0.004100	0.031041	-0.028848	-0.014288	713264192.586669
2020-10-13	-0.010744	-0.000622	0.037284	-0.015761	-0.010744	823217250.806880
2020-10-12	0.032823	0.000086	0.061467	-0.036412	0.032823	821299646.556936
2020-10-11	0.014403	-0.001166	0.036564	-0.006128	0.014403	797480085.890989
2020-10-10	0.030410	-0.004504	0.084523	-0.004708	0.030410	923715999.461258
2020-10-09	0.060043	0.001238	0.065765	-0.010261	0.060043	762383013.623875
2020-10-08	0.025072	-0.000165	0.030891	-0.032005	0.025072	690490592.973752
2020-10-07	0.010696	0.000582	0.016350	-0.031374	0.010696	613251111.235080
2020-10-06	-0.048557	-0.000081	0.009780	-0.058121	-0.048557	997995413.193316
2020-10-05	0.012412	0.000576	0.024603	-0.000244	0.012412	625952256.888072
2020-10-04	0.031428	0.001169	0.038125	-0.007642	0.031428	697459534.472660
2020-10-03	0.005294	-0.000143	0.024110	-0.004448	0.005294	553029309.913567
2020-10-02	-0.050524	0.000870	0.021994	-0.076983	-0.050524	828579007.662437
2020-10-01	-0.031630	0.000930	0.031020	-0.051686	-0.031630	743737566.065898
2020-09-30	-0.001175	-0.001584	0.001975	-0.040200	-0.001175	615414657.431377
2020-09-29	0.005098	-0.003114	0.026662	-0.027355	0.005098	688007845.790776
2020-09-28	-0.006117	0.000012	0.050980	-0.008649	-0.006117	825058842.059055
2020-09-27	0.059891	-0.000464	0.070604	-0.007894	0.059891	727996428.218564
2020-09-26	-0.013234	0.000612	0.026337	-0.041476	-0.013234	649321135.345279
2020-09-25	0.169394	-0.000314	0.183301	-0.001991	0.169394	904408694.573660
2020-09-24	0.078862	0.000058	0.087950	-0.011426	0.078862	596569914.459754
2020-09-23	-0.061049	-0.002251	0.010993	-0.067241	-0.061049	501076416.076483
2020-09-22	0.016490	0.000251	0.032404	-0.006956	0.016490	316907647.457810
2020-09-21	-0.100691	0.000289	0.009535	-0.123078	-0.100691	566692193.864861
2020-09-20	-0.024265	0.000057	0.006363	-0.035954	-0.024265	682896131.338405
2020-09-19	0.006322	-0.002165	0.021836	-0.004929	0.006322	617795834.055988
2020-09-18	-0.033281	0.000000	0.000000	-0.044593	-0.033281	699241250.854782
2020-09-17	0.028009	0.000055	0.031230	-0.006330	0.028009	825621808.350044
2020-09-16	-0.019752	-0.001053	0.002025	-0.038146	-0.019752	822410832.383203
2020-09-15	-0.033817	0.000420	0.012026	-0.035768	-0.033817	813329600.582736
2020-09-14	0.020165	0.000532	0.035030	-0.013461	0.020165	851692143.609324
2020-09-13	-0.028098	0.000000	0.022053	-0.047747	-0.028098	771663332.507060
2020-09-12	0.006282	0.001267	0.017744	-0.017209	0.006282	699214252.565662
2020-09-11	-0.001714	0.000000	0.003808	-0.039725	-0.001714	771197364.081277
2020-09-10	0.040783	0.000908	0.067921	0.000908	0.040783	809239666.992245
2020-09-09	0.025688	0.001519	0.052016	-0.013705	0.025688	572617714.216807
2020-09-08	-0.024885	-0.001034	0.034720	-0.047253	-0.024885	610082646.516850
2020-09-07	0.002941	0.000138	0.008421	-0.065873	0.002941	463220961.523070
2020-09-06	0.034877	0.000000	0.058554	-0.034304	0.034877	454580262.391842
2020-09-05	-0.122228	-0.000542	0.014805	-0.146851	-0.122228	481176027.003339
2020-09-04	0.065432	-0.001731	0.081721	-0.021540	0.065432	514623980.056598
2020-09-03	-0.168315	-0.000649	0.007006	-0.173344	-0.168315	486369862.894132
2020-09-02	-0.078125	0.000525	0.008301	-0.106741	-0.078125	427391906.621045
2020-09-01	0.022189	-0.000642	0.038069	-0.021765	0.022189	451299015.394773
2020-08-31	0.044712	0.000471	0.076386	-0.032533	0.044712	453559242.169561
2020-08-30	0.006218	-0.000374	0.014307	-0.020781	0.006218	297044001.332454
2020-08-29	0.066322	0.000195	0.074867	-0.006128	0.066322	315465775.882428
2020-08-28	0.024604	0.000471	0.036940	-0.004422	0.024604	275672159.698042
2020-08-27	-0.073391	-0.000238	0.007188	-0.094341	-0.073391	361935073.535432
2020-08-26	0.017592	0.000481	0.039854	-0.017747	0.017592	314761939.163978
2020-08-25	-0.089939	0.000295	0.000829	-0.129458	-0.089939	431857368.811342
2020-08-24	0.023795	-0.000115	0.038776	-0.005911	0.023795	278021259.972027
2020-08-23	-0.029380	-0.000992	0.003089	-0.038140	-0.029380	232234230.231053
2020-08-22	0.012243	-0.000106	0.016031	-0.030078	0.012243	296099193.812519
2020-08-21	-0.073939	-0.000790	0.001676	-0.078677	-0.073939	363034924.346051
2020-08-20	0.033777	0.000263	0.035878	-0.012290	0.033777	314037833.686487
2020-08-19	-0.059317	0.000000	0.003919	-0.067525	-0.059317	383288760.395567
2020-08-18	-0.024785	-0.000721	0.015502	-0.033813	-0.024785	340692990.762968
2020-08-17	0.017683	0.000000	0.040771	-0.000533	0.017683	425628203.135443
2020-08-16	0.001211	0.000299	0.006247	-0.013522	0.001211	284566479.963014
2020-08-15	-0.000249	-0.000391	0.016582	-0.007257	-0.000249	343504347.507223
2020-08-14	-0.020581	0.000518	0.008542	-0.022250	-0.020581	355732406.613206
2020-08-13	0.027995	0.000734	0.041910	-0.027370	0.027995	470617782.060334
2020-08-12	-0.000271	-0.000087	0.010796	-0.091572	-0.000271	434540366.758764
2020-08-11	-0.044624	-0.001014	0.006533	-0.072233	-0.044624	595072471.260174
2020-08-10	-0.009565	0.000944	0.009274	-0.016217	-0.009565	311836534.634448
2020-08-09	-0.003680	0.003668	0.042755	-0.020333	-0.003680	426878183.720220
2020-08-08	0.047612	-0.000474	0.059423	-0.007384	0.047612	325527430.569308
2020-08-07	-0.033966	0.000222	0.020141	-0.062889	-0.033966	620550177.560061
2020-08-06	0.009483	0.000061	0.020420	-0.014941	0.009483	278613533.187051
2020-08-05	-0.002259	0.000777	0.015086	-0.009504	-0.002259	274829818.814058
2020-08-04	0.041382	-0.000017	0.074886	-0.003838	0.041382	376096013.235032
2020-08-03	0.028689	-0.000052	0.034574	-0.006808	0.028689	248378861.817111
2020-08-02	-0.070126	0.001274	0.024500	-0.093257	-0.070126	421324884.951979
2020-08-01	0.034404	0.000000	0.050658	-0.002158	0.034404	362476706.552157
2020-07-31	-0.012738	0.000603	0.002858	-0.028780	-0.012738	230659122.191009
2020-07-30	0.005069	0.000632	0.016510	-0.018711	0.005069	257573326.891026
2020-07-29	-0.058674	0.000328	0.005368	-0.063382	-0.058674	451915306.632944
2020-07-28	0.070817	-0.000067	0.082505	-0.023432	0.070817	638080213.507493
2020-07-27	-0.063040	-0.001460	0.008143	-0.120514	-0.063040	745732008.061218
2020-07-26	0.031550	-0.004226	0.070532	-0.015964	0.031550	743098554.181351
2020-07-25	0.177951	0.000309	0.186961	0.000309	0.177951	630341415.632630
2020-07-24	-0.015230	0.001177	0.002522	-0.021988	-0.015230	198707994.747111
2020-07-23	-0.001206	0.000359	0.015629	-0.002188	-0.001206	201587814.083780
2020-07-22	0.007786	0.000132	0.011086	-0.018991	0.007786	157853191.047326
2020-07-21	0.042745	-0.000169	0.053491	-0.008577	0.042745	208927328.909868
2020-07-20	-0.046782	0.000088	0.002585	-0.054727	-0.046782	176280625.604197
2020-07-19	0.010077	0.000054	0.016976	-0.010283	0.010077	159010744.006436
2020-07-18	-0.000070	-0.001461	0.014932	-0.032693	-0.000070	221333949.545130
2020-07-17	-0.027288	0.000330	0.004516	-0.031580	-0.027288	231984862.824335
2020-07-16	-0.034113	0.000215	0.016020	-0.083516	-0.034113	423824351.892748
2020-07-15	-0.012075	0.000254	0.003474	-0.033363	-0.012075	292680348.732104
2020-07-14	0.062879	0.000906	0.081433	-0.020880	0.062879	449379996.984183
2020-07-13	-0.020722	0.000000	0.063464	-0.036286	-0.020722	553867759.124319
2020-07-12	0.012532	0.001017	0.020960	-0.032081	0.012532	340033778.374356
2020-07-11	0.058300	0.000279	0.070987	-0.003292	0.058300	393237278.872239
2020-07-10	-0.048087	-0.000505	0.000995	-0.106684	-0.048087	513272164.051585
2020-07-09	-0.043220	0.000000	0.000000	-0.089657	-0.043220	659099388.726446
2020-07-08	0.105092	-0.000541	0.161628	-0.017133	0.105092	1161107597.942340
2020-07-07	0.117203	-0.002513	0.129077	-0.019753	0.117203	575537073.561015
2020-07-06	0.071385	0.000000	0.075123	-0.008931	0.071385	336062177.389106
2020-07-05	-0.017424	0.000127	0.000127	-0.055466	-0.017424	262132088.221030
2020-07-04	0.035366	0.001182	0.041742	-0.004094	0.035366	325220889.920089
2020-07-03	0.023452	-0.000080	0.075874	-0.017017	0.023452	449087829.104598
2020-07-02	-0.016966	0.009832	0.009832	-0.071821	-0.016966	416119935.528554
2020-07-01	0.154451	-0.000049	0.156028	-0.007016	0.154451	411496623.883490
2020-06-30	-0.008981	-0.000264	0.013230	-0.021981	-0.008981	208687716.443835
2020-06-29	0.043261	0.000000	0.049060	-0.000664	0.043261	275593606.540657
2020-06-28	0.034929	0.000000	0.048080	-0.018378	0.034929	188871400.637057
2020-06-27	-0.035779	-0.000043	0.008420	-0.055267	-0.035779	148184221.267633
2020-06-26	-0.013832	0.000502	0.003865	-0.022430	-0.013832	163378517.433477
2020-06-25	-0.010802	0.000396	0.010942	-0.037097	-0.010802	207010907.945121
2020-06-24	-0.004422	0.000511	0.048954	-0.028462	-0.004422	302220208.859713
2020-06-23	-0.007894	-0.002361	0.004886	-0.025130	-0.007894	184078790.167977
2020-06-22	0.065426	-0.000044	0.065426	-0.000557	0.065426	202271174.345103
2020-06-21	-0.010881	-0.000257	0.020077	-0.013122	-0.010881	151949750.589330
2020-06-20	-0.003317	0.000000	0.010556	-0.027153	-0.003317	167247006.499691
2020-06-19	-0.031285	-0.000422	-0.000422	-0.039182	-0.031285	211649408.776185
2020-06-18	-0.015239	0.000000	0.012100	-0.036774	-0.015239	244522788.207620
2020-06-17	0.055290	0.000154	0.058024	-0.018367	0.055290	294705845.821932
2020-06-16	0.008758	-0.000075	0.016964	-0.016915	0.008758	216508724.005216
2020-06-15	0.021356	0.000000	0.040549	-0.090913	0.021356	330333741.358092
2020-06-14	-0.028855	0.000951	0.001834	-0.033431	-0.028855	142625976.718298
2020-06-13	-0.006616	0.000741	0.001289	-0.024908	-0.006616	161430428.182440
2020-06-12	0.055657	0.000108	0.070434	-0.002530	0.055657	244019082.074492
2020-06-11	-0.097814	0.000117	0.019356	-0.110117	-0.097814	321763381.138330
2020-06-10	0.001486	-0.000147	0.004431	-0.040945	0.001486	326625303.995306
2020-06-09	-0.034980	0.000162	0.001153	-0.034980	-0.034980	213123819.612562
2020-06-08	-0.002589	0.000565	0.004136	-0.023697	-0.002589	212837063.529886
2020-06-07	0.007306	0.000112	0.029965	-0.034990	0.007306	317140969.917778
2020-06-06	0.006833	0.000082	0.020261	-0.003111	0.006833	230814839.588515
2020-06-05	-0.039978	0.000564	0.001830	-0.052522	-0.039978	357717348.188626
2020-06-04	0.041682	-0.000877	0.054425	-0.012081	0.041682	593406534.565282
2020-06-03	0.089001	0.000791	0.091878	-0.013196	0.089001	558410068.758815
2020-06-02	-0.033409	-0.002276	0.015795	-0.088701	-0.033409	588732846.626882
2020-06-01	0.091670	-0.001453	0.108035	-0.009316	0.091670	681780739.038042
2020-05-31	-0.033859	-0.000691	0.117880	-0.056657	-0.033859	848945702.291237
2020-05-30	0.190183	0.001810	0.194707	-0.013029	0.190183	591436389.114580
2020-05-29	0.001567	0.001322	0.032642	-0.025739	0.001567	393626086.385194
2020-05-28	0.169918	-0.001143	0.217399	-0.002406	0.169918	368087319.132512
2020-05-27	0.032798	0.000932	0.046485	-0.003876	0.032798	185161265.414332
2020-05-26	-0.010754	-0.002401	0.002754	-0.036596	-0.010754	162232160.951571
2020-05-25	0.026018	-0.008617	0.032368	-0.028724	0.026018	183914563.800487
2020-05-24	-0.048450	-0.001022	0.013161	-0.048674	-0.048450	108565176.397435
2020-05-23	-0.009163	0.000122	0.010817	-0.023971	-0.009163	131277191.111367
2020-05-22	0.068660	0.000702	0.089578	-0.013904	0.068660	224368473.699415
2020-05-21	-0.081390	-0.000101	0.010672	-0.110778	-0.081390	228349552.070385
2020-05-20	0.007550	0.000179	0.015533	-0.031875	0.007550	203310636.975441
2020-05-19	0.040495	-0.000507	0.048576	-0.025699	0.040495	186581379.250412
2020-05-18	0.056651	-0.000970	0.067853	-0.004859	0.056651	182874558.568069
2020-05-17	0.008086	-0.000367	0.022515	-0.000367	0.008086	115459525.169945
2020-05-16	0.009292	-0.000793	0.015189	-0.007501	0.009292	123913484.978544
2020-05-15	-0.008408	-0.000480	0.017226	-0.017217	-0.008408	142644324.143788
2020-05-14	-0.011303	-0.002092	0.008024	-0.019258	-0.011303	144469842.315063
2020-05-13	0.020846	-0.001083	0.032208	-0.013828	0.020846	148356780.226910
2020-05-12	0.048086	-0.000296	0.058729	-0.004187	0.048086	170879029.371580
2020-05-11	0.009041	0.000404	0.037199	-0.045858	0.009041	206327743.666914
2020-05-10	-0.078460	0.000152	0.000152	-0.130143	-0.078460	227335947.573675
2020-05-09	-0.010847	-0.000839	0.013857	-0.014947	-0.010847	141642170.697251
2020-05-08	0.023433	-0.000454	0.047611	-0.002351	0.023433	172647716.216502
2020-05-07	0.026910	-0.000532	0.034572	-0.018281	0.026910	143479708.016856
2020-05-06	0.008284	-0.001123	0.035867	-0.007593	0.008284	131357244.257360
2020-05-05	-0.006167	0.000079	0.016869	-0.012375	-0.006167	128066777.610374
2020-05-04	0.015024	0.000710	0.026545	-0.049177	0.015024	172243659.488527
2020-05-03	-0.040878	0.000348	0.013257	-0.052989	-0.040878	139890791.245006
2020-05-02	-0.004790	-0.001252	0.004891	-0.026711	-0.004790	128138136.076740
2020-05-01	0.071350	-0.000422	0.085871	-0.001463	0.071350	169546436.639448
2020-04-30	-0.074464	0.000415	0.049552	-0.079902	-0.074464	242494651.335478
2020-04-29	0.095352	0.000727	0.101746	-0.003733	0.095352	192508665.896554
2020-04-28	0.012753	0.000630	0.031419	-0.007200	0.012753	144584234.760189
2020-04-27	0.015741	0.001300	0.039089	-0.026919	0.015741	168989553.767237
2020-04-26	0.081835	-0.000066	0.089971	-0.004167	0.081835	150611026.704326
2020-04-25	0.012915	0.000053	0.043029	-0.011210	0.012915	101619888.944416
2020-04-24	0.031085	0.000286	0.079729	0.000286	0.031085	176233805.636194
2020-04-23	0.110665	0.000292	0.144632	-0.000970	0.110665	162468133.713220
2020-04-22	0.053590	-0.000343	0.058584	-0.004489	0.053590	78891247.299614
2020-04-21	0.015311	-0.000490	0.023937	-0.004243	0.015311	86348514.565726
2020-04-20	-0.045775	-0.000282	0.024805	-0.046287	-0.045775	94301264.787078
2020-04-19	-0.020163	0.000551	0.007791	-0.025257	-0.020163	87523446.106645
2020-04-18	0.057260	0.001428	0.065002	0.000036	0.057260	89893450.587004
2020-04-17	0.004798	0.000584	0.014413	-0.003403	0.004798	79385032.629367
2020-04-16	0.079876	0.001161	0.086282	-0.019513	0.079876	101314082.730959
2020-04-15	-0.033683	-0.000453	0.021859	-0.034419	-0.033683	68238170.719146
2020-04-14	-0.004008	0.000503	0.017490	-0.009825	-0.004008	74633336.262254
2020-04-13	-0.020682	-0.000696	0.000757	-0.051343	-0.020682	84000833.686496
2020-04-12	0.013544	-0.000747	0.039383	-0.008355	0.013544	73751090.458441
2020-04-11	0.004172	0.000000	0.023979	-0.013355	0.004172	75648110.703902
2020-04-10	-0.082403	-0.001015	0.001136	-0.100947	-0.082403	95977717.306121
2020-04-09	-0.003181	-0.000961	0.007788	-0.020376	-0.003181	86398496.754690
2020-04-08	0.033496	-0.000166	0.041512	-0.000480	0.033496	100892760.894977
2020-04-07	-0.013461	0.001095	0.035176	-0.021664	-0.013461	117230378.394252
2020-04-06	0.112913	-0.000115	0.112926	-0.002147	0.112913	117138444.740969
2020-04-05	-0.015443	0.000391	0.001774	-0.024773	-0.015443	64845688.463716
2020-04-04	0.006499	0.000000	0.008187	-0.013171	0.006499	89146986.511456
2020-04-03	0.009707	-0.000720	0.022843	-0.008672	0.009707	89797915.858134
2020-04-02	0.036609	-0.000440	0.071357	-0.000440	0.036609	106987595.204109
2020-04-01	0.009880	0.000000	0.009880	-0.032661	0.009880	92295629.310722
2020-03-31	0.022755	-0.001602	0.025534	-0.006402	0.022755	79871856.493927
2020-03-30	0.057510	-0.001088	0.064532	-0.004419	0.057510	81661518.256917
2020-03-29	-0.051137	-0.001112	0.002631	-0.051914	-0.051137	71027468.795969
2020-03-28	0.016026	-0.001611	0.023061	-0.037944	0.016026	85338156.192558
2020-03-27	-0.046401	0.000060	0.015718	-0.049232	-0.046401	85517314.128737
2020-03-26	0.043804	0.000000	0.044321	-0.002960	0.043804	81633746.003007
2020-03-25	-0.024029	0.000816	0.009240	-0.039382	-0.024029	83388812.603746
2020-03-24	0.037138	0.000314	0.040192	-0.012553	0.037138	88827461.200498
2020-03-23	0.073592	0.000000	0.073592	-0.012400	0.073592	92453323.925339
2020-03-22	-0.079036	0.001111	0.028645	-0.081612	-0.079036	78698656.438505
2020-03-21	0.001571	-0.000053	0.030801	-0.043023	0.001571	94598888.744191
2020-03-20	-0.035595	-0.001196	0.106738	-0.097162	-0.035595	142131507.017210
2020-03-19	0.201924	-0.000810	0.251807	-0.001205	0.201924	119348856.110499
2020-03-18	0.003665	-0.001350	0.029709	-0.025134	0.003665	77546807.378507
2020-03-17	0.046538	-0.000425	0.086665	-0.000425	0.046538	75837864.082555
2020-03-16	-0.110585	-0.000307	-0.000307	-0.180680	-0.110585	94985576.615278
2020-03-15	0.042697	-0.001941	0.106885	-0.007241	0.042697	67311254.163932
2020-03-14	-0.085389	0.000857	0.018951	-0.094675	-0.085389	65051355.993505
2020-03-13	0.186828	-0.000280	0.219845	-0.201596	0.186828	202296978.279002
2020-03-12	-0.395681	-0.000557	0.001306	-0.395681	-0.395681	179944369.753438
2020-03-11	-0.044488	-0.000036	0.005655	-0.092532	-0.044488	103084587.411620
2020-03-10	0.000320	0.001746	0.035542	-0.017254	0.000320	103411534.033262
2020-03-09	-0.041794	-0.001390	0.015147	-0.092873	-0.041794	125578007.250582
2020-03-08	-0.115504	-0.000365	-0.000365	-0.121841	-0.115504	111437013.273720
2020-03-07	-0.048668	0.001556	0.004890	-0.056265	-0.048668	90448414.116412
2020-03-06	0.007663	-0.000315	0.013028	-0.015380	0.007663	100834828.563073
2020-03-05	0.041897	0.000234	0.067404	0.000234	0.041897	112291733.840572
2020-03-04	0.004985	-0.000008	0.030914	-0.010814	0.004985	136505373.035206
2020-03-03	-0.003927	-0.000827	0.008486	-0.022685	-0.003927	117373434.476645
2020-03-02	0.065764	-0.001050	0.080582	-0.007505	0.065764	106582073.245624
2020-03-01	-0.033839	-0.000733	0.013172	-0.047944	-0.033839	96716580.618201
2020-02-29	-0.022115	-0.000175	0.025962	-0.022115	-0.022115	94074240.263280
2020-02-28	-0.021513	-0.000461	0.030612	-0.052419	-0.021513	153965236.623590
2020-02-27	0.004692	-0.000350	0.049851	-0.059497	0.004692	158104506.904442
2020-02-26	-0.122608	-0.001200	0.002246	-0.159502	-0.122608	207080422.593666
2020-02-25	-0.044031	-0.000114	0.000266	-0.047723	-0.044031	178219320.283062
2020-02-24	-0.041459	0.000555	0.003051	-0.064877	-0.041459	203582107.703363
2020-02-23	0.054408	-0.000217	0.058406	-0.002486	0.054408	190486306.528111
2020-02-22	-0.005180	-0.001076	0.006538	-0.028282	-0.005180	132866696.527803
2020-02-21	0.006523	-0.001268	0.028390	-0.010263	0.006523	180464940.893469
2020-02-20	0.010661	-0.003732	0.017874	-0.029657	0.010661	201763470.454951
2020-02-19	-0.079097	0.000126	0.004355	-0.083448	-0.079097	166141952.943391
2020-02-18	0.042539	0.000288	0.049884	-0.029300	0.042539	184674402.435666
2020-02-17	-0.041677	-0.001498	-0.001498	-0.105624	-0.041677	198079705.976519
2020-02-16	-0.018938	0.001978	0.048044	-0.101443	-0.018938	206918460.161798
2020-02-15	-0.095162	0.000000	0.007944	-0.110825	-0.095162	190925360.751159
2020-02-14	0.029137	0.000089	0.035107	-0.016280	0.029137	183283803.008570
2020-02-13	0.003049	-0.000588	0.054079	-0.034875	0.003049	251519040.671470
2020-02-12	0.081374	-0.000557	0.109837	-0.000557	0.081374	220517194.404723
2020-02-11	0.046915	-0.000819	0.046915	-0.024445	0.046915	203550299.079120
2020-02-10	-0.022889	0.000233	0.002135	-0.054091	-0.022889	137083309.160360
2020-02-09	0.031106	-0.000108	0.037872	-0.000780	0.031106	137945918.705878
2020-02-08	0.002578	-0.000641	0.022617	-0.036520	0.002578	135969080.132860
2020-02-07	0.000563	-0.000015	0.042232	-0.003044	0.000563	132154529.897281
2020-02-06	0.008877	0.000209	0.022785	-0.016407	0.008877	136652022.953683
2020-02-05	0.057766	-0.000207	0.068839	-0.005731	0.057766	138149930.792287
2020-02-04	-0.017252	-0.000240	0.011994	-0.048119	-0.017252	108933030.543040
2020-02-03	0.021722	-0.000779	0.034867	-0.006961	0.021722	106658349.117455
2020-02-02	-0.005772	0.000320	0.042042	-0.020800	-0.005772	161454526.830670
2020-02-01	0.042727	0.000800	0.062357	-0.009519	0.042727	110646744.084796
2020-01-31	-0.040601	-0.000644	0.008868	-0.067762	-0.040601	130754832.213199
2020-01-30	0.047762	-0.000836	0.062902	-0.021409	0.047762	153009927.688423
2020-01-29	0.012434	0.000763	0.084109	-0.005801	0.012434	187136957.861091
2020-01-28	0.103201	-0.001529	0.133915	-0.008958	0.103201	207996791.484794
2020-01-27	0.074726	0.001047	0.094590	-0.007872	0.074726	97006750.347313
2020-01-26	0.030809	-0.000027	0.032023	-0.005854	0.030809	62759584.862575
2020-01-25	-0.039009	-0.000798	0.004017	-0.042948	-0.039009	57389975.502072
2020-01-24	0.038542	0.001068	0.044070	-0.043524	0.038542	77503651.264630
2020-01-23	-0.050818	0.000123	0.003513	-0.074960	-0.050818	75034252.561687
2020-01-22	-0.007303	-0.001105	0.007511	-0.014711	-0.007303	67145740.163884
2020-01-21	0.048252	-0.001395	0.060975	-0.009190	0.048252	95915865.230877
2020-01-20	0.045110	-0.001393	0.055191	-0.001393	0.045110	70100648.322158
2020-01-19	-0.064043	-0.000017	0.020365	-0.076682	-0.064043	91187159.199320
2020-01-18	-0.002823	0.000152	0.012578	-0.038676	-0.002823	89192475.983850
2020-01-17	0.086666	0.001063	0.103591	-0.006891	0.086666	106282893.688653
2020-01-16	-0.027301	0.000442	0.012635	-0.054734	-0.027301	76686221.227812
2020-01-15	0.021442	-0.001909	0.031166	-0.030055	0.021442	111350540.276371
2020-01-14	0.126971	0.002017	0.142097	0.000085	0.126971	125280205.652591
2020-01-13	-0.019220	0.000152	0.006716	-0.024263	-0.019220	56296774.846865
2020-01-12	0.023492	-0.000125	0.025054	-0.006660	0.023492	56546260.444140
2020-01-11	-0.001315	-0.000523	0.019129	-0.009544	-0.001315	63485488.107696
2020-01-10	0.014164	-0.000654	0.017095	-0.042673	0.014164	47483943.210007
2020-01-09	-0.002086	0.000275	0.000275	-0.020901	-0.002086	26562775.573812
2020-01-08	-0.016520	0.000218	0.040604	-0.027849	-0.016520	49193345.076594
2020-01-07	-0.006043	0.000510	0.014352	-0.016600	-0.006043	51562679.506893
2020-01-06	0.073457	0.000852	0.074241	-0.001358	0.073457	37988443.986528
2020-01-05	0.003662	-0.000589	0.021993	-0.001450	0.003662	21479178.471128
2020-01-04	0.012144	0.000321	0.014783	-0.009013	0.012144	29535780.701829
2020-01-03	0.043615	-0.000111	0.051157	-0.007959	0.043615	30162644.440474
2020-01-02	-0.021121	0.000486	0.001482	-0.030190	-0.021121	20843933.887104
2020-01-01	0.018657	-0.000389	0.029462	-0.004286	0.018657	22948374.264901
2019-12-31	-0.022304	0.000369	0.009042	-0.023826	-0.022304	25320349.322892
2019-12-30	-0.020114	-0.000182	0.009063	-0.023062	-0.020114	21940559.009577
2019-12-29	0.019381	0.000137	0.031442	-0.007210	0.019381	23696263.281973
2019-12-28	0.016088	-0.000154	0.033565	-0.000621	0.016088	23018616.020767
2019-12-27	-0.034466	-0.000055	0.004251	-0.059959	-0.034466	42498574.287039
2019-12-26	0.016404	0.000499	0.030839	-0.005465	0.016404	28317661.417482
2019-12-25	-0.012698	0.000695	0.007244	-0.026659	-0.012698	19588981.450937
2019-12-24	0.028962	-0.000143	0.055722	-0.008887	0.028962	30932185.848991
2019-12-23	-0.036737	-0.000728	0.003415	-0.037897	-0.036737	36538149.735305
2019-12-22	0.036207	0.000105	0.037071	-0.001505	0.036207	24856105.514235
2019-12-21	-0.021831	-0.000121	0.002038	-0.031313	-0.021831	25280467.439667
2019-12-20	0.022657	0.000404	0.022786	-0.011418	0.022657	32935799.202684
2019-12-19	-0.035145	-0.000179	0.009609	-0.040495	-0.035145	43861871.384409
2019-12-18	0.083698	-0.000189	0.089982	-0.028775	0.083698	61099755.097305
2019-12-17	-0.072037	0.000000	0.000461	-0.086772	-0.072037	54217973.210950
2019-12-16	-0.065050	0.000230	0.001700	-0.083597	-0.065050	41961581.164523
2019-12-15	0.006212	0.000598	0.010329	-0.044461	0.006212	28289226.849084
2019-12-14	-0.018353	0.001396	0.011279	-0.027526	-0.018353	39951085.478810
2019-12-13	0.010483	-0.000110	0.017664	-0.002602	0.010483	42557713.842828
2019-12-12	0.001857	-0.000081	0.007538	-0.011075	0.001857	41806143.222698
2019-12-11	0.001335	-0.000106	0.019649	-0.007755	0.001335	46812213.716647
2019-12-10	-0.023387	-0.000232	0.001944	-0.031679	-0.023387	32469759.499381
2019-12-09	-0.037609	-0.000395	0.000673	-0.039178	-0.037609	31176738.835785
2019-12-08	0.004908	-0.000112	0.012489	-0.009583	0.004908	25653004.194983
2019-12-07	0.011487	-0.000143	0.024316	-0.003179	0.011487	30151245.486251
2019-12-06	0.011775	0.000210	0.011923	-0.010384	0.011775	30049656.483275
2019-12-05	0.012468	-0.000087	0.042085	-0.011658	0.012468	39975671.783858
2019-12-04	-0.013507	-0.000294	0.016253	-0.036053	-0.013507	51692273.924464
2019-12-03	-0.003653	-0.000251	0.018508	-0.021823	-0.003653	34356882.651496
2019-12-02	-0.038661	0.000640	0.004613	-0.050687	-0.038661	43069273.643937
2019-12-01	-0.020744	0.000016	0.000016	-0.048444	-0.020744	59641355.398542
2019-11-30	-0.024097	-0.000184	0.020392	-0.032718	-0.024097	64184925.999177
2019-11-29	0.056991	0.000937	0.072728	0.000116	0.056991	99506198.355846
2019-11-28	0.003614	0.002054	0.024115	-0.010434	0.003614	60743402.975459
2019-11-27	0.055575	-0.001014	0.075884	-0.032715	0.055575	76841561.344854
2019-11-26	0.026204	-0.000077	0.028461	-0.009524	0.026204	57431469.551971
2019-11-25	0.012947	-0.001253	0.044863	-0.063272	0.012947	96694224.401940
2019-11-24	-0.071864	0.000723	0.014951	-0.072689	-0.071864	62998664.482864
2019-11-23	0.032178	0.000293	0.034321	-0.012013	0.032178	58979321.341032
2019-11-22	-0.032764	0.001054	0.007273	-0.098815	-0.032764	93310135.872258
2019-11-21	-0.067326	-0.000227	0.001711	-0.083816	-0.067326	67101708.379992
2019-11-20	-0.032059	0.001068	0.005918	-0.040745	-0.032059	69854303.994719
2019-11-19	-0.028752	-0.002388	0.014835	-0.055227	-0.028752	91311583.173514
2019-11-18	-0.035648	-0.000387	0.027110	-0.041334	-0.035648	106595679.041532
2019-11-17	0.028281	-0.000412	0.050981	-0.011356	0.028281	74834540.109778
2019-11-16	0.004483	0.000077	0.015471	-0.010533	0.004483	61781146.174312
2019-11-15	0.019831	0.000249	0.030453	-0.018319	0.019831	81592975.373536
2019-11-14	-0.008579	-0.000083	0.001314	-0.025143	-0.008579	53295194.204624
2019-11-13	-0.006273	-0.001030	0.006326	-0.010205	-0.006273	42332677.955705
2019-11-12	0.013264	0.001458	0.033269	0.000769	0.013264	79520150.365369
2019-11-11	-0.017372	0.000299	0.003744	-0.033178	-0.017372	57846910.472577
2019-11-10	0.035634	-0.000176	0.041983	-0.001348	0.035634	71691724.664228
2019-11-09	0.003502	0.000011	0.010819	-0.003736	0.003502	41365741.968624
2019-11-08	-0.030705	0.000158	0.004576	-0.051727	-0.030705	70275427.523745
2019-11-07	-0.029340	-0.000626	0.001377	-0.049655	-0.029340	63525683.010462
2019-11-06	0.014155	-0.000615	0.040074	-0.011345	0.014155	71743244.275505
2019-11-05	0.025262	0.000562	0.039127	-0.000091	0.025262	82868890.422548
2019-11-04	0.031147	-0.000991	0.031653	-0.007716	0.031147	62120502.879282
2019-11-03	-0.015701	-0.000433	0.001986	-0.029129	-0.015701	38559537.281854
2019-11-02	0.005994	-0.000214	0.009447	-0.006524	0.005994	47127524.456759
2019-11-01	0.017045	0.000218	0.029368	-0.009494	0.017045	60880836.802665
2019-10-31	-0.007899	-0.000090	0.019652	-0.036010	-0.007899	65333066.621241
2019-10-30	-0.034000	-0.000368	0.020540	-0.048577	-0.034000	87541890.399362
2019-10-29	0.025528	-0.000811	0.034373	-0.002441	0.025528	83357024.232739
2019-10-28	0.000661	-0.000477	0.052403	-0.006698	0.000661	101906301.045483
2019-10-27	0.044081	-0.000248	0.060123	-0.022442	0.044081	122643092.575264
2019-10-26	-0.016949	-0.000650	0.046795	-0.038262	-0.016949	122861124.588277
2019-10-25	0.094504	-0.000182	0.109176	-0.002772	0.094504	80455620.996307
2019-10-24	0.035047	0.000000	0.046684	-0.005663	0.035047	49800737.827271
2019-10-23	-0.062004	0.000115	0.004201	-0.078044	-0.062004	48257597.994631
2019-10-22	-0.011822	-0.000240	0.021100	-0.011977	-0.011822	39376928.720969
2019-10-21	-0.006282	0.000357	0.000759	-0.021112	-0.006282	36963295.925445
2019-10-20	0.007736	-0.000199	0.010050	-0.019929	0.007736	33137956.069827
2019-10-19	0.030252	0.000156	0.041996	-0.006337	0.030252	40431590.758982
2019-10-18	-0.036709	0.000083	0.001756	-0.048901	-0.036709	39606481.452059
2019-10-17	0.020223	-0.000377	0.020456	-0.014767	0.020223	36229682.152030
2019-10-16	-0.025779	-0.000148	0.004675	-0.049322	-0.025779	44617563.662912
2019-10-15	-0.048421	0.000153	0.003794	-0.057976	-0.048421	47200973.721341
2019-10-14	0.011243	0.000000	0.020274	-0.005185	0.011243	41060020.696796
2019-10-13	0.019298	-0.000058	0.031048	-0.000736	0.019298	34184264.611052
2019-10-12	-0.001983	-0.002036	0.015089	-0.003474	-0.001983	34809571.145950
2019-10-11	-0.024913	0.000976	0.012105	-0.026380	-0.024913	46907954.970937
2019-10-10	-0.022711	0.000011	0.000284	-0.041591	-0.022711	51703356.034654
2019-10-09	0.028664	0.000021	0.045165	-0.011320	0.028664	61997644.441745
2019-10-08	-0.005546	0.000095	0.012176	-0.028015	-0.005546	56654019.584509
2019-10-07	0.059715	-0.000470	0.065458	-0.017633	0.059715	69132008.039772
2019-10-06	-0.010224	-0.000440	0.014932	-0.022126	-0.010224	38119872.421983
2019-10-05	0.001602	-0.000279	0.008225	-0.020734	0.001602	37111642.836504
2019-10-04	0.034022	0.000013	0.052741	-0.011717	0.034022	48050293.317063
2019-10-03	-0.027479	-0.001161	0.007156	-0.039775	-0.027479	37098921.261775
2019-10-02	0.024379	0.000000	0.026224	-0.016588	0.024379	36838965.676073
2019-10-01	-0.009739	0.000011	0.027586	-0.012584	-0.009739	38320345.912768
2019-09-30	0.037342	-0.000312	0.048052	-0.028368	0.037342	57274489.383435
2019-09-29	-0.034542	0.000023	0.002327	-0.056264	-0.034542	43311030.247559
2019-09-28	-0.017843	-0.000560	0.005906	-0.027488	-0.017843	39805245.548836
2019-09-27	0.034081	0.000018	0.044331	-0.026674	0.034081	80670014.889913
2019-09-26	-0.029623	0.000403	0.022605	-0.095269	-0.029623	98838746.855423
2019-09-25	0.048515	0.000976	0.073464	-0.032500	0.048515	126192409.410436
2019-09-24	-0.187857	-0.000123	0.008673	-0.221373	-0.187857	118474845.745580
2019-09-23	-0.057968	-0.001349	0.009032	-0.057968	-0.057968	70372238.484327
2019-09-22	-0.054127	-0.000535	0.000614	-0.078288	-0.054127	86152016.491404
2019-09-21	-0.007997	-0.000102	0.019247	-0.018962	-0.007997	81964425.855669
2019-09-20	-0.003117	-0.000247	0.001018	-0.037791	-0.003117	96532515.437007
2019-09-19	-0.014785	0.000070	0.024810	-0.063520	-0.014785	129365460.481395
2019-09-18	0.087415	-0.001203	0.120663	-0.002901	0.087415	138254972.183361
2019-09-17	0.041146	0.000817	0.071343	0.000745	0.041146	85720809.914770
2019-09-16	0.005820	0.000357	0.018457	-0.014956	0.005820	45484816.165951
2019-09-15	0.005910	-0.000364	0.012691	-0.006293	0.005910	41237028.541820
2019-09-14	0.016851	0.000109	0.029189	-0.017314	0.016851	51690256.137845
2019-09-13	0.006618	0.000212	0.007555	-0.010768	0.006618	38257028.037562
2019-09-12	0.010266	0.000075	0.031643	-0.012602	0.010266	43222873.113748
2019-09-11	-0.032670	-0.000291	0.002781	-0.041349	-0.032670	51727434.402871
2019-09-10	-0.008989	-0.000603	0.025752	-0.021649	-0.008989	48839823.917730
2019-09-09	0.004548	-0.000279	0.010527	-0.026070	0.004548	64445050.423873
2019-09-08	0.011275	0.000282	0.031488	0.000282	0.011275	46948887.148269
2019-09-07	0.040138	0.000237	0.048841	-0.012745	0.040138	40837132.283252
2019-09-06	-0.000480	0.000000	0.007354	-0.014482	-0.000480	44478144.687511
2019-09-05	-0.023726	-0.000280	0.000581	-0.034228	-0.023726	47778879.180896
2019-09-04	-0.026824	0.000267	0.000373	-0.033238	-0.026824	40737362.302453
2019-09-03	0.031075	0.000322	0.044919	-0.012692	0.031075	63769389.551246
2019-09-02	0.018386	0.000281	0.035248	-0.025156	0.018386	42959888.464290
2019-09-01	-0.009953	-0.000862	0.008152	-0.028029	-0.009953	31928554.926013
2019-08-31	0.003698	-0.000006	0.016964	-0.016564	0.003698	44165774.400033
2019-08-30	0.002865	0.000437	0.025949	-0.009895	0.002865	51959377.680279
2019-08-29	-0.024617	0.000221	0.000221	-0.053007	-0.024617	53919498.166368
2019-08-28	-0.080551	0.000475	0.009905	-0.083001	-0.080551	65386760.158832
2019-08-27	0.002871	0.000181	0.005106	-0.030517	0.002871	38041608.090710
2019-08-26	0.005209	0.000296	0.030445	-0.011041	0.005209	86216611.829587
2019-08-25	-0.014706	-0.000134	0.048400	-0.029190	-0.014706	104616408.220625
2019-08-24	0.007773	0.000239	0.028148	-0.029630	0.007773	87164790.751300
2019-08-23	0.007693	0.000000	0.017352	-0.010249	0.007693	54095276.054337
2019-08-22	0.048751	0.000843	0.085914	-0.007939	0.048751	60163312.758016
2019-08-21	-0.042316	0.000639	0.000639	-0.064005	-0.042316	43633315.003497
2019-08-20	-0.021935	-0.000932	0.000661	-0.028938	-0.021935	32132614.998762
2019-08-19	-0.008541	-0.000123	0.001615	-0.020605	-0.008541	32307052.321722
2019-08-18	0.070437	0.000653	0.080507	-0.007299	0.070437	38253394.622382
2019-08-17	0.011779	0.000584	0.025702	-0.010753	0.011779	34826995.054760
2019-08-16	-0.014253	0.000373	0.000373	-0.055942	-0.014253	44228391.458155
2019-08-15	0.011041	0.001913	0.021654	-0.031969	0.011041	43373582.697119
2019-08-14	-0.105808	-0.000137	0.017796	-0.106417	-0.105808	65540879.880236
2019-08-13	-0.007116	-0.000104	0.001408	-0.055326	-0.007116	48509716.817487
2019-08-12	-0.037165	-0.003372	-0.003372	-0.042420	-0.037165	35518598.118090
2019-08-11	0.057715	0.000215	0.075932	-0.000659	0.057715	58526307.574438
2019-08-10	0.091088	0.000000	0.115343	-0.000702	0.091088	64446721.899961
2019-08-09	-0.083294	-0.001152	0.001687	-0.086528	-0.083294	43195564.539987
2019-08-08	0.001236	0.000000	0.019791	-0.028371	0.001236	47971636.278472
2019-08-07	-0.027410	0.000093	0.013232	-0.036068	-0.027410	46290310.545895
2019-08-06	-0.058414	-0.000500	-0.000037	-0.064833	-0.058414	48272768.798250
2019-08-05	0.007271	-0.000015	0.037173	-0.002536	0.007271	54461468.948395
2019-08-04	-0.025837	0.000112	0.007305	-0.027177	-0.025837	45039556.846008
2019-08-03	0.006116	0.000093	0.016602	-0.008560	0.006116	37149597.286932
2019-08-02	-0.024800	-0.000144	0.001094	-0.037795	-0.024800	50056238.889630
2019-08-01	-0.021276	0.000137	0.002266	-0.036033	-0.021276	44730276.677612
2019-07-31	0.003465	-0.000031	0.016174	-0.008988	0.003465	47344104.004016
2019-07-30	-0.007431	0.000345	0.013027	-0.025942	-0.007431	32759716.557633
2019-07-29	0.015446	-0.001609	0.042038	-0.017898	0.015446	42220706.776600
2019-07-28	-0.006620	0.000066	0.002165	-0.045232	-0.006620	30475480.042439
2019-07-27	-0.047922	0.000000	0.012610	-0.085675	-0.047922	55521873.830831
2019-07-26	0.071942	0.000244	0.072427	-0.027307	0.071942	57109967.778609
2019-07-25	-0.006480	0.000455	0.025856	-0.011092	-0.006480	46420719.200861
2019-07-24	0.057958	0.000000	0.059196	-0.031983	0.057958	60954091.953198
2019-07-23	-0.061453	-0.000060	0.001507	-0.068346	-0.061453	59728000.760125
2019-07-22	-0.028375	0.000088	0.014122	-0.048098	-0.028375	53620676.565031
2019-07-21	-0.027882	-0.000222	0.019952	-0.052671	-0.027882	53461725.918787
2019-07-20	0.053045	0.000356	0.089407	-0.002567	0.053045	71844245.332209
2019-07-19	0.017266	0.000000	0.034605	-0.035948	0.017266	63433080.963210
2019-07-18	0.063956	-0.000067	0.077359	-0.030469	0.063956	88644359.853614
2019-07-17	0.061229	-0.001898	0.112552	-0.038061	0.061229	97931569.635080
2019-07-16	-0.125717	-0.000354	0.024299	-0.146453	-0.125717	103254765.388952
2019-07-15	0.001810	-0.000280	0.014657	-0.066092	0.001810	123473435.139461
2019-07-14	-0.109936	0.000377	0.006212	-0.110803	-0.109936	101190601.622237
2019-07-13	-0.042781	0.000728	0.016701	-0.074357	-0.042781	101320396.785281
2019-07-12	0.069861	-0.000275	0.086535	-0.024265	0.069861	118155306.355702
2019-07-11	-0.093702	-0.000074	0.000994	-0.124057	-0.093702	118873479.407688
2019-07-10	-0.077615	0.000247	0.004216	-0.104724	-0.077615	119999742.650555
2019-07-09	-0.030853	-0.000295	0.004280	-0.038792	-0.030853	122935384.391609
2019-07-08	0.006407	-0.000399	0.028698	-0.011999	0.006407	114339528.455527
2019-07-07	0.033987	0.000136	0.037830	-0.004566	0.033987	104984613.077307
2019-07-06	0.010497	-0.000179	0.049103	-0.003178	0.010497	128961683.027886
2019-07-05	-0.015964	0.000398	0.004085	-0.022455	-0.015964	116391599.149526
2019-07-04	-0.062943	0.000107	0.000107	-0.065184	-0.062943	142713204.685052
2019-07-03	0.023692	-0.000543	0.033481	-0.010859	0.023692	154492406.582889
2019-07-02	-0.032749	-0.000261	0.009255	-0.084043	-0.032749	180980795.460531
2019-07-01	0.021005	0.000000	0.046249	-0.019416	0.021005	168654990.562658
2019-06-30	-0.092062	0.000710	0.008245	-0.092062	-0.092062	161855807.029608
2019-06-29	0.012619	0.000018	0.020083	-0.051083	0.012619	169271858.363921
2019-06-28	0.032928	0.000391	0.037511	-0.018374	0.032928	195954056.128162
2019-06-27	-0.107117	0.009677	0.028186	-0.146417	-0.107117	253512191.045183
2019-06-26	0.004806	0.000003	0.109527	-0.001506	0.004806	340512938.924687
2019-06-25	-0.013940	0.000966	0.005355	-0.041419	-0.013940	193143079.507544
2019-06-24	0.011118	0.000000	0.025102	-0.026347	0.011118	135761450.659483
2019-06-23	0.024131	0.000385	0.082407	-0.002584	0.024131	245604694.013947
2019-06-22	0.053646	0.000740	0.092351	-0.003456	0.053646	243264334.691220
2019-06-21	0.024916	0.000199	0.044737	0.000199	0.024916	124230175.111893
2019-06-20	-0.028825	-0.000001	0.003159	-0.049118	-0.028825	159470236.545489
2019-06-19	0.009323	0.000087	0.027304	-0.002207	0.009323	114753636.583049
2019-06-18	-0.047133	0.000411	0.001499	-0.051699	-0.047133	146225452.506729
2019-06-17	0.013392	-0.000323	0.017195	-0.008331	0.013392	158000946.681108
2019-06-16	0.006959	0.000131	0.028312	-0.011451	0.006959	197578316.724925
2019-06-15	0.011736	0.000419	0.023383	-0.001479	0.011736	159441139.219136
2019-06-14	0.009810	0.000417	0.016825	-0.044888	0.009810	205015950.262996
2019-06-13	-0.070300	-0.002005	0.004796	-0.081025	-0.070300	228176588.024014
2019-06-12	0.097312	0.000383	0.097643	-0.016731	0.097312	247353617.876743
2019-06-11	0.028382	0.000681	0.042463	-0.034463	0.028382	152723260.304195
2019-06-10	0.076338	-0.000511	0.078200	-0.014095	0.076338	139307413.334292
2019-06-09	-0.056316	-0.000090	0.000767	-0.078159	-0.056316	122067718.344016
2019-06-08	-0.018574	0.000579	0.009177	-0.040613	-0.018574	126559141.880494
2019-06-07	0.027967	-0.000799	0.050313	-0.008484	0.027967	139056742.530505
2019-06-06	0.000413	-0.000560	0.006489	-0.053981	0.000413	154264120.644477
2019-06-05	0.011536	0.002822	0.031897	-0.024401	0.011536	118371207.399318
2019-06-04	-0.070139	-0.002948	-0.002948	-0.100182	-0.070139	184181601.530353
2019-06-03	-0.081486	0.000089	0.018267	-0.083932	-0.081486	227861801.342499
2019-06-02	0.066770	0.001796	0.077170	0.000897	0.066770	187162218.095502
2019-06-01	0.012202	0.000227	0.037716	-0.034024	0.012202	151835927.511859
2019-05-31	0.058356	0.000000	0.064217	-0.031205	0.058356	136542078.610699
2019-05-30	-0.069966	-0.000393	0.064934	-0.100406	-0.069966	232348614.584443
2019-05-29	-0.020983	0.000637	0.010279	-0.071616	-0.020983	154832177.107187
2019-05-28	0.012216	-0.001593	0.016933	-0.044434	0.012216	180587854.648640
2019-05-27	0.066044	0.000282	0.086747	-0.007576	0.066044	171736300.251908
2019-05-26	0.068475	0.000000	0.079923	-0.022422	0.068475	111190328.720897
2019-05-25	-0.004535	0.000000	0.020904	-0.013725	-0.004535	62522128.195028
2019-05-24	0.002213	0.000429	0.033271	-0.027801	0.002213	106320607.733912
2019-05-23	0.035090	-0.000514	0.035157	-0.048307	0.035090	101768393.249006
2019-05-22	-0.078737	-0.000170	0.009958	-0.081979	-0.078737	130856368.466293
2019-05-21	-0.002722	-0.000051	0.018799	-0.028232	-0.002722	97465476.886073
2019-05-20	-0.024689	-0.000391	-0.000028	-0.078767	-0.024689	133738559.254734
2019-05-19	0.099772	-0.000517	0.115364	-0.006032	0.099772	145752504.078637
2019-05-18	-0.049920	0.000000	0.019445	-0.052615	-0.049920	116482954.678332
2019-05-17	-0.055594	0.000519	0.030218	-0.130757	-0.055594	208531469.537571
2019-05-16	-0.061623	0.000480	0.068664	-0.102440	-0.061623	270983571.997169
2019-05-15	0.111775	0.000670	0.123035	-0.011210	0.111775	207490352.098255
2019-05-14	0.156466	-0.000761	0.157362	-0.002774	0.156466	192076841.056365
2019-05-13	0.042605	0.000000	0.093111	-0.007934	0.042605	124764722.889940
2019-05-12	-0.067644	-0.000339	0.021063	-0.089488	-0.067644	141023789.494011
2019-05-11	0.185141	-0.001149	0.236557	-0.006582	0.185141	187252193.448560
2019-05-10	0.028142	0.000057	0.050986	-0.041916	0.028142	87926145.523353
2019-05-09	-0.045120	0.000000	0.007152	-0.064538	-0.045120	60306852.738499
2019-05-08	0.008906	-0.000292	0.014890	-0.029168	0.008906	40605280.041156
2019-05-07	-0.041094	-0.000316	0.027888	-0.041094	-0.041094	53650713.976937
2019-05-06	0.009588	0.000266	0.035149	-0.037255	0.009588	60289464.371776
2019-05-05	-0.010974	0.000408	0.016242	-0.017518	-0.010974	49098472.715463
2019-05-04	-0.042622	0.000000	0.030010	-0.057632	-0.042622	75467766.555255
2019-05-03	0.018647	-0.000052	0.048968	-0.013514	0.018647	77726743.523524
2019-05-02	-0.006310	0.000083	0.010073	-0.010677	-0.006310	55122570.545394
2019-05-01	-0.018926	-0.000109	0.006032	-0.039989	-0.018926	58865338.177834
2019-04-30	0.088412	0.000458	0.088412	0.000458	0.088412	62990602.215478
2019-04-29	-0.057726	0.000424	0.005523	-0.063965	-0.057726	69287156.361015
2019-04-28	-0.022860	-0.000090	0.006409	-0.030991	-0.022860	42979831.198281
2019-04-27	0.014103	-0.000124	0.034415	-0.013655	0.014103	50161507.448946
2019-04-26	-0.000350	0.001494	0.022887	-0.034119	-0.000350	83227767.895348
2019-04-25	-0.046818	-0.000020	0.046597	-0.054746	-0.046818	96537993.691774
2019-04-24	-0.025211	0.000000	0.017658	-0.077646	-0.025211	90318024.262498
2019-04-23	-0.045053	0.000354	0.029391	-0.047653	-0.045053	100698845.057156
2019-04-22	0.053075	-0.000077	0.071103	-0.025448	0.053075	90476347.417247
2019-04-21	-0.031369	0.000647	0.019231	-0.059045	-0.031369	89301951.623432
2019-04-20	-0.037659	0.000183	0.000183	-0.051568	-0.037659	77410325.366009
2019-04-19	-0.027823	-0.000450	0.000082	-0.043604	-0.027823	82646736.441465
2019-04-18	-0.015633	-0.000093	0.009731	-0.020432	-0.015633	70016365.903394
2019-04-17	-0.008459	0.000031	0.009272	-0.020350	-0.008459	66210752.920458
2019-04-16	0.017929	-0.000518	0.018864	-0.022547	0.017929	65962870.086028
2019-04-15	-0.027599	0.000000	0.011706	-0.038791	-0.027599	73555913.178551
2019-04-14	0.010894	0.000000	0.020873	-0.028179	0.010894	82514758.380411
2019-04-13	0.003211	0.000263	0.024488	-0.006665	0.003211	71755835.536437
2019-04-12	0.000934	0.002386	0.023870	-0.035833	0.000934	110371615.104753
2019-04-11	-0.073126	-0.000390	0.008365	-0.137108	-0.073126	163656337.825753
2019-04-10	0.074206	0.000355	0.104233	-0.002556	0.074206	131422301.894205
2019-04-09	-0.037461	-0.000224	0.000109	-0.060932	-0.037461	122878696.093612
2019-04-08	-0.038415	-0.000209	0.012567	-0.078942	-0.038415	134978650.319989
2019-04-07	0.002164	-0.001421	0.011047	-0.019412	0.002164	100804121.362307
2019-04-06	-0.010275	-0.000134	0.026902	-0.036447	-0.010275	114652737.506086
2019-04-05	0.044143	-0.000167	0.055601	-0.000314	0.044143	122685904.330022
2019-04-04	-0.036962	-0.002257	0.037093	-0.082005	-0.036962	182769802.399945
2019-04-03	0.061496	-0.000348	0.169550	-0.007334	0.061496	300935984.803058
2019-04-02	0.181633	-0.000267	0.181633	-0.019661	0.181633	201276067.900730
2019-04-01	0.037042	-0.001358	0.043148	-0.010429	0.037042	81836246.719878
2019-03-31	-0.027784	0.000000	0.005379	-0.032709	-0.027784	67772020.272041
2019-03-30	0.006319	-0.000446	0.033987	-0.040451	0.006319	94907668.432283
2019-03-29	0.082959	-0.000984	0.105563	-0.000984	0.082959	125904169.953513
2019-03-28	-0.026140	-0.000032	-0.000032	-0.038343	-0.026140	78259559.810308
2019-03-27	0.083769	-0.002217	0.095579	-0.017589	0.083769	113386031.255609
2019-03-26	0.056672	0.003074	0.056672	0.001788	0.056672	79200005.553975
2019-03-25	-0.043411	0.002377	0.002377	-0.067582	-0.043411	74748664.841239
2019-03-24	-0.032564	-0.000898	0.008876	-0.063738	-0.032564	102441666.318015
2019-03-23	0.098483	-0.001195	0.114783	-0.017488	0.098483	137854803.591324
2019-03-22	0.097594	0.000112	0.118566	-0.004372	0.097594	119817467.241429
2019-03-21	-0.018398	0.001215	0.019797	-0.057967	-0.018398	66543590.194538
2019-03-20	0.024670	0.002380	0.025276	-0.023347	0.024670	47370105.620297
2019-03-19	0.042449	0.000088	0.064197	-0.013793	0.042449	46089907.744368
2019-03-18	0.004889	0.002077	0.018476	-0.010718	0.004889	37198857.146657
2019-03-17	-0.027393	-0.000404	0.002730	-0.031114	-0.027393	28870444.675961
2019-03-16	0.030826	0.000699	0.035926	-0.006725	0.030826	44616837.420626
2019-03-15	0.042067	-0.001441	0.057715	-0.002066	0.042067	42730117.812571
2019-03-14	0.031465	-0.000317	0.035689	-0.005177	0.031465	26216581.222444
2019-03-13	-0.017032	-0.000642	0.025041	-0.025011	-0.017032	29855262.064175
2019-03-12	-0.004962	0.000675	0.012226	-0.036541	-0.004962	35348848.771429
2019-03-11	0.042343	-0.000021	0.061867	-0.015743	0.042343	54732769.715661
2019-03-10	-0.022036	0.000567	0.000567	-0.048473	-0.022036	27465021.855021
2019-03-09	0.095262	0.000513	0.100486	-0.000170	0.095262	52185658.047828
2019-03-08	-0.006528	0.000191	0.019802	-0.011243	-0.006528	20315017.024920
2019-03-07	0.002352	0.000168	0.017219	-0.007708	0.002352	17201355.854676
2019-03-06	-0.008528	-0.000615	0.005972	-0.019842	-0.008528	15221352.731288
2019-03-05	0.064275	-0.000063	0.067745	-0.007475	0.064275	20952203.605364
2019-03-04	-0.040406	-0.000208	0.003908	-0.058648	-0.040406	18487838.092829
2019-03-03	-0.012297	0.000339	0.003685	-0.015883	-0.012297	11011516.851654
2019-03-02	-0.010189	-0.001434	0.005840	-0.018468	-0.010189	11304262.705018
2019-03-01	0.003617	-0.000268	0.022943	-0.001045	0.003617	12997143.767026
2019-02-28	-0.003396	-0.000593	0.010518	-0.007448	-0.003396	14678619.014550
2019-02-27	-0.000781	0.000569	0.011948	-0.027869	-0.000781	18346578.252567
2019-02-26	-0.016783	-0.001787	-0.000545	-0.028286	-0.016783	16641229.325311
2019-02-25	0.037391	-0.006775	0.049754	-0.006775	0.037391	24692109.708922
2019-02-24	-0.126299	0.002753	0.038419	-0.134354	-0.126299	51650807.054890
2019-02-23	0.052647	-0.003909	0.058975	-0.009621	0.052647	27665132.549761
2019-02-22	0.026542	0.001588	0.026542	-0.002922	0.026542	17691041.631027
2019-02-21	-0.054299	0.000679	0.004793	-0.059115	-0.054299	25111686.276566
2019-02-20	0.030174	0.000407	0.032642	-0.018800	0.030174	25594088.911779
2019-02-19	0.012130	0.001679	0.053082	0.001105	0.012130	42563542.549999
2019-02-18	0.100203	0.000382	0.126380	-0.001734	0.100203	36845045.564347
2019-02-17	0.010381	0.000017	0.019954	-0.010076	0.010381	15275650.050130
2019-02-16	0.010489	0.000463	0.016117	-0.000762	0.010489	11097835.635258
2019-02-15	0.001473	-0.000100	0.020366	-0.007082	0.001473	13336096.114700
2019-02-14	-0.014050	0.000446	0.005771	-0.021799	-0.014050	11428289.776626
2019-02-13	-0.015161	0.000091	0.013382	-0.016845	-0.015161	12736279.741674
2019-02-12	0.000436	-0.001252	0.006187	-0.026309	0.000436	14893311.079812
2019-02-11	-0.025610	-0.001342	-0.001342	-0.031401	-0.025610	17847243.395298
2019-02-10	0.043145	-0.000189	0.047155	-0.025593	0.043145	22634046.984706
2019-02-09	0.007538	0.000578	0.030397	-0.007249	0.007538	18529364.691642
2019-02-08	0.119647	0.000069	0.132182	-0.004620	0.119647	32705206.393911
2019-02-07	-0.007277	-0.000321	0.014149	-0.009017	-0.007277	12424740.037631
2019-02-06	-0.032539	0.002558	0.002558	-0.048456	-0.032539	17351383.700562
2019-02-05	0.001026	-0.000886	0.012939	-0.010907	0.001026	13348305.169664
2019-02-04	-0.004522	0.002653	0.014888	-0.006138	-0.004522	12233073.907113
2019-02-03	-0.032763	-0.001476	0.002378	-0.038302	-0.032763	12940762.057859
2019-02-02	0.016524	-0.002071	0.016524	-0.011790	0.016524	12312316.692215
2019-02-01	0.007930	0.001758	0.019849	-0.032763	0.007930	18778624.375361
2019-01-31	-0.032316	0.001092	0.015917	-0.042941	-0.032316	22222102.456915
2019-01-30	0.036730	-0.001925	0.047699	-0.011829	0.036730	26151501.351933
2019-01-29	-0.013447	-0.001530	0.016716	-0.044575	-0.013447	19526239.811963
2019-01-28	-0.058200	-0.000746	0.003637	-0.094366	-0.058200	30041137.105403
2019-01-27	-0.034721	0.000407	0.000740	-0.041078	-0.034721	20835106.774936
2019-01-26	-0.000988	-0.000098	0.019862	-0.003698	-0.000988	13550563.648408
2019-01-25	-0.007800	0.001640	0.005151	-0.013306	-0.007800	12663795.513680
2019-01-24	0.002946	0.000867	0.013684	-0.008469	0.002946	12440167.124695
2019-01-23	-0.015545	-0.000668	0.012273	-0.020253	-0.015545	15241102.410352
2019-01-22	0.014917	-0.001112	0.026613	-0.024704	0.014917	22963399.050456
2019-01-21	-0.012415	0.001469	0.004462	-0.021679	-0.012415	16583935.140230
2019-01-20	-0.049694	-0.001663	0.005037	-0.069908	-0.049694	26755021.630407
2019-01-19	0.032369	-0.000923	0.047947	-0.007486	0.032369	23657401.573369
2019-01-18	-0.022115	-0.000220	-0.000220	-0.030036	-0.022115	18937099.915778
2019-01-17	0.012091	0.002044	0.032281	-0.016808	0.012091	38222964.350610
2019-01-16	0.045936	-0.000990	0.056919	-0.006928	0.045936	35481506.791737
2019-01-15	-0.028336	0.002225	0.007415	-0.045692	-0.028336	24504026.798570
2019-01-14	0.094871	0.000197	0.105441	-0.000918	0.094871	30269130.716757
2019-01-13	-0.079246	0.002458	0.002458	-0.089184	-0.079246	21758341.345792
2019-01-12	-0.010032	0.000143	0.010938	-0.023739	-0.010032	18224445.160746
2019-01-11	-0.008580	-0.004648	0.014095	-0.039988	-0.008580	35963010.519783
2019-01-10	-0.146449	-0.002314	0.047290	-0.180439	-0.146449	91162431.485399
2019-01-09	0.075099	0.000854	0.086849	0.000168	0.075099	55364234.026603
2019-01-08	0.011027	0.002994	0.042195	-0.025984	0.011027	34626382.568635
2019-01-07	-0.025674	0.000113	0.030118	-0.034139	-0.025674	45688430.900989
2019-01-06	0.101994	0.000164	0.110418	0.000164	0.101994	51366407.223997
2019-01-05	0.020304	-0.003492	0.040132	-0.010539	0.020304	25100964.610778
2019-01-04	0.026480	-0.001242	0.033045	-0.004792	0.026480	16024029.226631
2019-01-03	-0.056937	-0.003380	0.000019	-0.060182	-0.056937	21126963.196224
2019-01-02	0.063735	0.000503	0.070886	-0.013281	0.063735	24151526.200189
2019-01-01	0.036136	-0.001917	0.036136	-0.018392	0.036136	14962901.828607
2018-12-31	-0.051220	-0.001108	0.001946	-0.064389	-0.051220	19280456.746065
2018-12-30	0.042672	0.002131	0.051952	-0.016065	0.042672	27767173.871051
2018-12-29	-0.008435	0.000272	0.049655	-0.015573	-0.008435	30992034.034637
2018-12-28	0.133107	0.001961	0.154019	-0.012007	0.133107	26948332.515424
2018-12-27	-0.103265	0.000638	0.011939	-0.112887	-0.103265	22969394.667209
2018-12-26	-0.007536	0.002219	0.036714	-0.058656	-0.007536	27218408.910451
2018-12-25	-0.091984	-0.000911	-0.000911	-0.141607	-0.091984	38493643.545296
2018-12-24	0.033600	0.001250	0.114221	0.001250	0.033600	57936797.513566
2018-12-23	0.052875	0.004626	0.067739	-0.004517	0.052875	40656189.775918
2018-12-22	0.029727	-0.003383	0.033329	-0.053526	0.029727	31227245.975486
2018-12-21	0.035420	-0.008162	0.155064	-0.019509	0.035420	93581789.256348
2018-12-20	0.140560	-0.009641	0.154603	-0.015024	0.140560	43040801.371243
2018-12-19	-0.005468	0.003698	0.101637	-0.007013	-0.005468	43168563.289696
2018-12-18	0.058217	-0.000127	0.063615	-0.020018	0.058217	78783798.346253
2018-12-17	0.127852	0.002454	0.163110	-0.000148	0.127852	37555983.187415
2018-12-16	0.029343	-0.002495	0.050345	-0.003020	0.029343	10366600.668191
2018-12-15	-0.002978	0.001313	0.007414	-0.020011	-0.002978	8387951.399316
2018-12-14	-0.028511	0.001526	0.012562	-0.043804	-0.028511	9205270.881944
2018-12-13	-0.046345	0.000859	0.003684	-0.051617	-0.046345	11234574.779587
2018-12-12	0.035804	-0.003781	0.052934	-0.008318	0.035804	11071814.487981
2018-12-11	-0.021589	-0.002826	0.007649	-0.042636	-0.021589	10444630.990442
2018-12-10	-0.047006	-0.001242	0.011848	-0.059528	-0.047006	12553718.190926
2018-12-09	0.033067	-0.001145	0.059882	-0.014718	0.033067	16588923.937665
2018-12-08	0.027270	-0.001727	0.065057	-0.033366	0.027270	19987029.016996
2018-12-07	-0.030326	-0.000011	-0.000011	-0.110551	-0.030326	31750703.116549
2018-12-06	-0.100830	0.001936	0.036491	-0.100830	-0.100830	27195356.737204
2018-12-05	-0.091462	-0.001071	0.000389	-0.091462	-0.091462	26250706.370257
2018-12-04	-0.025126	-0.002958	0.030269	-0.033194	-0.025126	23563420.360840
2018-12-03	-0.072012	0.004845	0.005101	-0.087473	-0.072012	21282052.996814
2018-12-02	0.004905	-0.002863	0.043820	-0.018783	0.004905	23206022.625145
2018-12-01	0.065590	0.001933	0.092643	-0.019491	0.065590	19314340.176935
2018-11-30	-0.070458	0.002831	0.010581	-0.098990	-0.070458	28861638.778573
2018-11-29	-0.003685	0.005916	0.059432	-0.054856	-0.003685	39544072.185549
2018-11-28	0.152478	0.001338	0.209719	0.001338	0.152478	47624500.000000
2018-11-27	0.018296	-0.003455	0.032844	-0.049640	0.018296	17966300.000000
2018-11-26	-0.050876	0.000938	0.043806	-0.095655	-0.050876	31641100.000000
2018-11-25	-0.019042	0.004426	0.009850	-0.147172	-0.019042	40704000.000000
2018-11-24	-0.114129	0.000182	0.020476	-0.149244	-0.114129	25740400.000000
2018-11-23	-0.019038	-0.004366	0.009208	-0.058394	-0.019038	24258500.000000
2018-11-22	-0.073780	0.002198	0.015749	-0.073780	-0.073780	18689900.000000
2018-11-21	0.067068	0.008317	0.077129	-0.039087	0.067068	33938000.000000
2018-11-20	-0.148431	0.001447	0.002853	-0.184728	-0.148431	65556800.000000
2018-11-19	-0.150758	-0.000208	-0.000208	-0.160335	-0.150758	53737000.000000
2018-11-18	0.020458	0.002111	0.037215	0.002111	0.020458	16669400.000000
2018-11-17	-0.007797	-0.001457	-0.001457	-0.026127	-0.007797	17926300.000000
2018-11-16	-0.037639	-0.004745	0.008023	-0.051952	-0.037639	27544700.000000
2018-11-15	-0.019754	0.000358	0.006499	-0.101401	-0.019754	60267800.000000
2018-11-14	-0.119287	-0.002234	-0.002210	-0.160359	-0.119287	54964400.000000
2018-11-13	-0.031551	-0.001559	-0.000475	-0.036170	-0.031551	20329300.000000
2018-11-12	-0.006271	0.004405	0.009609	-0.020036	-0.006271	20975100.000000
2018-11-11	0.016755	-0.000746	0.028612	-0.010400	0.016755	23663500.000000
2018-11-10	0.013406	-0.000788	0.023804	-0.002282	0.013406	15012100.000000
2018-11-09	-0.029646	-0.002209	0.012234	-0.033739	-0.029646	23756800.000000
2018-11-08	-0.026106	-0.001942	0.011203	-0.029032	-0.026106	32149600.000000
2018-11-07	-0.029755	0.000833	0.004412	-0.036260	-0.029755	36852900.000000
2018-11-06	0.063089	0.002481	0.063089	0.002481	0.063089	49473200.000000
2018-11-05	-0.001063	-0.003516	0.034774	-0.019473	-0.001063	34358100.000000
2018-11-04	0.066460	0.000185	0.081533	-0.002632	0.066460	52924200.000000
2018-11-03	-0.015224	-0.000315	0.000507	-0.024271	-0.015224	14948900.000000
2018-11-02	0.024220	-0.000748	0.030663	-0.001125	0.024220	18823400.000000
2018-11-01	0.016680	-0.000095	0.025232	-0.008398	0.016680	11256600.000000
2018-10-31	0.000824	0.001091	0.002605	-0.025338	0.000824	16366000.000000
2018-10-30	0.000293	0.000073	0.005705	-0.005756	0.000293	11418800.000000
2018-10-29	-0.048376	-0.001706	0.000670	-0.058323	-0.048376	21315700.000000
2018-10-28	0.003850	0.001976	0.005625	-0.007195	0.003850	11226100.000000
2018-10-27	-0.011218	-0.000347	0.001069	-0.011459	-0.011218	10316000.000000
2018-10-26	-0.001984	-0.001502	0.001359	-0.015974	-0.001984	13464800.000000
2018-10-25	-0.006210	-0.000421	0.000332	-0.015572	-0.006210	12567300.000000
2018-10-24	-0.005651	-0.001757	0.012159	-0.007935	-0.005651	14151400.000000
2018-10-23	-0.013632	0.001153	0.004784	-0.035692	-0.013632	20710600.000000
2018-10-22	-0.001280	-0.001572	0.008389	-0.009602	-0.001280	16871700.000000
2018-10-21	-0.006138	-0.000485	0.015645	-0.009693	-0.006138	17620200.000000
2018-10-20	0.006664	-0.000632	0.017271	-0.008363	0.006664	20363900.000000
2018-10-19	0.009386	-0.001457	0.017728	-0.009380	0.009386	18153800.000000
2018-10-18	-0.029418	0.001651	0.007061	-0.040674	-0.029418	28634400.000000
2018-10-17	0.021033	0.000604	0.032406	-0.009390	0.021033	36907800.000000
2018-10-16	0.013705	-0.000016	0.024557	-0.005304	0.013705	26555800.000000
2018-10-15	0.049036	-0.012015	0.102825	-0.021322	0.049036	71953000.000000
2018-10-14	-0.024756	-0.000539	0.009191	-0.032661	-0.024756	26250600.000000
2018-10-13	-0.001520	-0.007886	0.022890	-0.010151	-0.001520	23571900.000000
2018-10-12	0.032064	-0.008464	0.069640	-0.015509	0.032064	40979000.000000
2018-10-11	-0.162251	-0.001810	-0.001489	-0.173043	-0.162251	72659700.000000
2018-10-10	-0.019434	-0.000134	0.000872	-0.032593	-0.019434	35888200.000000
2018-10-09	-0.002891	0.001910	0.010437	-0.024782	-0.002891	38710200.000000
2018-10-08	0.023021	-0.001503	0.041464	-0.017254	0.023021	62079800.000000
2018-10-07	0.041269	0.001856	0.047334	-0.006919	0.041269	34848400.000000
2018-10-06	-0.020337	0.003829	0.008890	-0.024174	-0.020337	26277600.000000
2018-10-05	0.020746	0.000950	0.021972	-0.007551	0.020746	31160900.000000
2018-10-04	0.006380	0.000364	0.024765	-0.003149	0.006380	31665100.000000
2018-10-03	-0.021043	-0.005981	-0.001459	-0.040597	-0.021043	38063700.000000
2018-10-02	-0.023014	0.001599	0.002502	-0.024641	-0.023014	34775200.000000
2018-10-01	-0.008520	0.001140	0.007167	-0.030042	-0.008520	42076400.000000
2018-09-30	0.006965	-0.002815	0.025984	-0.014007	0.006965	49853100.000000
2018-09-29	0.006836	-0.003799	0.027846	-0.027649	0.006836	55854000.000000
2018-09-28	-0.022905	0.004674	0.027045	-0.046003	-0.022905	89113600.000000
2018-09-27	0.082105	-0.000125	0.102666	-0.013269	0.082105	101911000.000000
2018-09-26	-0.019148	-0.000437	0.022753	-0.047588	-0.019148	64321400.000000
2018-09-25	-0.020858	-0.005440	-0.005440	-0.089125	-0.020858	87535200.000000
2018-09-24	-0.077990	-0.000535	0.017833	-0.082886	-0.077990	89522100.000000
2018-09-23	0.078865	0.003553	0.120599	-0.003589	0.078865	149996000.000000
2018-09-22	-0.050376	0.000621	0.008956	-0.083095	-0.050376	82526800.000000
2018-09-21	0.075004	0.003489	0.103249	-0.003227	0.075004	212274000.000000
2018-09-20	0.126376	0.001233	0.142511	-0.011555	0.126376	103788000.000000
2018-09-19	0.042052	-0.004103	0.071775	-0.029062	0.042052	96071300.000000
2018-09-18	0.086565	-0.005175	0.098915	-0.020345	0.086565	67159000.000000
2018-09-17	-0.086668	-0.001548	0.004389	-0.093590	-0.086668	48609600.000000
2018-09-16	0.009242	-0.002435	0.009508	-0.038970	0.009242	32643600.000000
2018-09-15	0.015731	-0.004695	0.031018	-0.006599	0.015731	34842300.000000
2018-09-14	-0.022634	0.003802	0.012751	-0.053292	-0.022634	62256800.000000
2018-09-13	0.046207	0.004622	0.062718	-0.015395	0.046207	86011700.000000
2018-09-12	-0.053444	0.003985	0.003985	-0.124875	-0.053444	91272400.000000
2018-09-11	-0.040741	0.009141	0.016892	-0.086568	-0.040741	47614500.000000
2018-09-10	-0.040905	0.008275	0.019438	-0.057849	-0.040905	44682000.000000
2018-09-09	-0.020345	0.002661	0.037234	-0.041020	-0.020345	47870100.000000
2018-09-08	-0.068446	0.001636	0.013656	-0.077135	-0.068446	35208700.000000
2018-09-07	-0.052815	-0.001634	0.011045	-0.058762	-0.052815	41868100.000000
2018-09-06	0.012521	-0.000505	0.021233	-0.050692	0.012521	73239200.000000
2018-09-05	-0.168105	0.000019	0.009044	-0.168105	-0.168105	98708900.000000
2018-09-04	0.016003	-0.001187	0.028010	-0.002143	0.016003	54317400.000000
2018-09-03	-0.007900	0.002087	0.007287	-0.018222	-0.007900	53687200.000000
2018-09-02	-0.022419	0.000711	0.003323	-0.040402	-0.022419	58391900.000000
2018-09-01	0.045315	-0.003121	0.065609	-0.003121	0.045315	70208900.000000
2018-08-31	0.016269	0.003401	0.021838	-0.012980	0.016269	42250400.000000
2018-08-30	-0.046544	-0.002503	0.015881	-0.077590	-0.046544	64807500.000000
2018-08-29	-0.000104	0.001242	0.032651	-0.031229	-0.000104	83582300.000000
2018-08-28	0.052023	0.003002	0.063742	-0.002314	0.052023	79059500.000000
2018-08-27	0.074207	-0.001708	0.079896	-0.008737	0.074207	55515600.000000
2018-08-26	-0.010018	-0.000214	0.003638	-0.030514	-0.010018	26907400.000000
2018-08-25	0.002178	0.002419	0.009880	-0.018358	0.002178	30674700.000000
2018-08-24	0.017567	0.004246	0.020658	-0.016286	0.017567	35302400.000000
2018-08-23	0.025562	0.000618	0.035393	-0.010912	0.025562	37397400.000000
2018-08-22	-0.051099	0.000127	0.053941	-0.072793	-0.051099	64566000.000000
2018-08-21	0.013223	-0.006423	0.024400	-0.019669	0.013223	49545100.000000
2018-08-20	-0.084671	-0.001894	0.012603	-0.086092	-0.084671	53939600.000000
2018-08-19	0.026582	-0.000406	0.045834	-0.016684	0.026582	51106900.000000
2018-08-18	-0.091935	-0.000364	0.023570	-0.112859	-0.091935	101454000.000000
2018-08-17	0.152693	0.003681	0.153007	-0.001666	0.152693	103569000.000000
2018-08-16	0.003054	-0.000052	0.037162	-0.019385	0.003054	50188900.000000
2018-08-15	0.004001	0.008744	0.067813	0.000033	0.004001	91346700.000000
2018-08-14	-0.080151	-0.001273	-0.001273	-0.155074	-0.080151	111693000.000000
2018-08-13	-0.089050	0.001885	0.024290	-0.090927	-0.089050	56974900.000000
2018-08-12	0.004723	0.000516	0.020891	-0.006946	0.004723	35031500.000000
2018-08-11	-0.033656	0.000765	0.002699	-0.061536	-0.033656	65816400.000000
2018-08-10	-0.057908	0.004728	0.011813	-0.079024	-0.057908	71125700.000000
2018-08-09	0.085757	0.006637	0.117185	0.006637	0.085757	93016600.000000
2018-08-08	-0.092728	0.001723	0.001723	-0.101621	-0.092728	82209700.000000
2018-08-07	-0.039639	0.002834	0.019509	-0.045591	-0.039639	57321700.000000
2018-08-06	-0.008867	-0.006089	0.035552	-0.027027	-0.008867	57534800.000000
2018-08-05	0.032725	-0.001999	0.035148	-0.015916	0.032725	43901500.000000
2018-08-04	-0.020790	0.003961	0.033289	-0.037181	-0.020790	54577300.000000
2018-08-03	-0.012778	-0.003979	0.021934	-0.056055	-0.012778	77768900.000000
2018-08-02	-0.063591	0.002945	0.011214	-0.074038	-0.063591	68531400.000000
2018-08-01	-0.016721	-0.001472	0.012150	-0.042688	-0.016721	79987900.000000
2018-07-31	-0.070025	-0.000130	0.000649	-0.086406	-0.070025	93183800.000000
2018-07-30	-0.056493	-0.000484	-0.000484	-0.085927	-0.056493	69612600.000000
2018-07-29	-0.000410	0.004792	0.008520	-0.018123	-0.000410	47319500.000000
2018-07-28	-0.013048	0.004156	0.004156	-0.033321	-0.013048	51592200.000000
2018-07-27	0.004704	-0.001912	0.023937	-0.049191	0.004704	103693000.000000
2018-07-26	-0.046118	-0.001824	0.011631	-0.059248	-0.046118	84282200.000000
2018-07-25	-0.002547	-0.004689	0.012311	-0.036680	-0.002547	123649000.000000
2018-07-24	0.055747	0.004316	0.077603	-0.016759	0.055747	191390000.000000
2018-07-23	-0.036699	-0.004410	0.053536	-0.036699	-0.036699	147071008.000000
2018-07-22	0.040578	0.001448	0.086637	-0.003520	0.040578	139332992.000000
2018-07-21	0.009015	-0.001116	0.041104	-0.039747	0.009015	125996000.000000
2018-07-20	-0.103357	-0.005396	0.009847	-0.106292	-0.103357	215667008.000000
2018-07-19	0.008312	-0.002185	0.056423	-0.039392	0.008312	216980992.000000
2018-07-18	0.049823	-0.003313	0.129137	-0.003313	0.049823	323366016.000000
2018-07-17	0.094461	-0.007706	0.118507	-0.036761	0.094461	133441000.000000
2018-07-16	0.097398	0.000105	0.101875	-0.009026	0.097398	90578096.000000
2018-07-15	0.037712	-0.000459	0.061411	-0.013239	0.037712	50143900.000000
2018-07-14	-0.005766	0.003467	0.014534	-0.029270	-0.005766	55022100.000000
2018-07-13	0.084179	0.000928	0.114388	-0.009074	0.084179	92778496.000000
2018-07-12	-0.032719	0.000586	0.000586	-0.063347	-0.032719	37623900.000000
2018-07-11	0.020894	0.000070	0.039855	-0.018060	0.020894	50179700.000000
2018-07-10	-0.079867	-0.001729	0.004880	-0.079867	-0.079867	62318800.000000
2018-07-09	-0.037266	-0.000303	0.004966	-0.037424	-0.037266	42768500.000000
2018-07-08	-0.033144	-0.002793	0.006730	-0.037314	-0.033144	48142400.000000
2018-07-07	0.029360	0.001184	0.029360	-0.049150	0.029360	47965500.000000
2018-07-06	-0.019050	-0.001155	-0.001155	-0.063443	-0.019050	69138800.000000
2018-07-05	-0.013507	0.004220	0.023927	-0.038792	-0.013507	73881296.000000
2018-07-04	0.002024	-0.003020	0.061392	-0.025037	0.002024	86594896.000000
2018-07-03	-0.048162	0.001542	0.053128	-0.055706	-0.048162	108280000.000000
2018-07-02	0.113004	0.002693	0.138726	-0.025097	0.113004	161860000.000000
2018-07-01	0.032955	0.004307	0.058545	-0.027638	0.032955	108733000.000000
2018-06-30	0.095060	0.002514	0.100636	0.002514	0.095060	104599000.000000
2018-06-29	0.053637	0.000645	0.068019	-0.038937	0.053637	65802200.000000
2018-06-28	-0.063746	-0.000400	0.008309	-0.070196	-0.063746	42250100.000000
2018-06-27	0.010666	0.003584	0.015075	-0.017240	0.010666	37072400.000000
2018-06-26	-0.067791	0.002617	0.005811	-0.067791	-0.067791	32927500.000000
2018-06-25	0.019336	-0.002879	0.041830	-0.031250	0.019336	57752100.000000
2018-06-24	-0.037463	0.003532	0.005251	-0.115371	-0.037463	73037504.000000
2018-06-23	-0.014095	0.003540	0.024600	-0.035662	-0.014095	38721800.000000
2018-06-22	-0.118047	-0.000605	0.002920	-0.133246	-0.118047	79062000.000000
2018-06-21	-0.021169	0.000408	0.010939	-0.027373	-0.021169	41237700.000000
2018-06-20	-0.031103	-0.002416	0.000873	-0.062135	-0.031103	83625600.000000
2018-06-19	0.018694	0.003565	0.035255	-0.012186	0.018694	69854400.000000
2018-06-18	0.016960	-0.001599	0.037991	-0.028950	0.016960	55507800.000000
2018-06-17	-0.009708	0.001074	0.009297	-0.011874	-0.009708	35748800.000000
2018-06-16	0.001321	-0.000037	0.011558	-0.017764	0.001321	42213400.000000
2018-06-15	-0.055855	-0.000911	-0.000911	-0.060600	-0.055855	73950496.000000
2018-06-14	0.074603	-0.000985	0.100450	-0.031414	0.074603	199562000.000000
2018-06-13	-0.037080	-0.002695	0.001399	-0.092331	-0.037080	99731600.000000
2018-06-12	-0.081062	0.000375	0.008870	-0.102008	-0.081062	82885904.000000
2018-06-11	0.024945	-0.003426	0.028660	-0.050744	0.024945	89350704.000000
2018-06-10	-0.124810	-0.002840	-0.002840	-0.153208	-0.124810	137836000.000000
2018-06-09	-0.015909	-0.000477	0.020988	-0.015909	-0.015909	51481400.000000
2018-06-08	-0.027288	-0.001364	-0.001317	-0.040191	-0.027288	68728600.000000
2018-06-07	-0.021333	0.001780	0.016827	-0.028500	-0.021333	76949400.000000
2018-06-06	-0.021527	0.000445	0.001792	-0.044265	-0.021527	84766304.000000
2018-06-05	0.030162	0.001098	0.036054	-0.042974	0.030162	119846000.000000
2018-06-04	-0.061984	0.000004	0.013473	-0.069532	-0.061984	115605000.000000
2018-06-03	0.001809	-0.000184	0.039602	-0.011522	0.001809	117208000.000000
2018-06-02	0.023527	0.000872	0.031568	-0.014674	0.023527	116435000.000000
2018-06-01	-0.012020	-0.003024	0.017628	-0.036672	-0.012020	130538000.000000
2018-05-31	0.066642	-0.003552	0.089579	-0.023387	0.066642	202076000.000000
2018-05-30	0.039141	0.002436	0.073001	-0.009873	0.039141	222612000.000000
2018-05-29	0.162527	0.003959	0.194275	-0.003605	0.162527	185184000.000000
2018-05-28	-0.096995	0.000718	0.007336	-0.101030	-0.096995	95106200.000000
2018-05-27	-0.015313	-0.001084	-0.000666	-0.021596	-0.015313	58991000.000000
2018-05-26	-0.020373	-0.004455	0.024106	-0.023722	-0.020373	60616400.000000
2018-05-25	-0.039878	0.000340	0.007881	-0.055835	-0.039878	83368000.000000
2018-05-24	0.030147	0.002223	0.051407	-0.048129	0.030147	127678000.000000
2018-05-23	-0.095964	-0.000067	0.007763	-0.114122	-0.095964	124268000.000000
2018-05-22	-0.098184	0.002238	0.004967	-0.102202	-0.098184	78363296.000000
2018-05-21	-0.028485	-0.000023	0.019650	-0.035145	-0.028485	85090304.000000
2018-05-20	0.052883	-0.000526	0.071994	-0.009442	0.052883	101310000.000000
2018-05-19	-0.009257	0.002668	0.011444	-0.026920	-0.009257	57778000.000000
2018-05-18	0.007716	-0.003480	0.012907	-0.036456	0.007716	79212200.000000
2018-05-17	-0.049580	0.003811	0.026274	-0.055314	-0.049580	83683800.000000
2018-05-16	-0.014530	-0.004124	0.000119	-0.063174	-0.014530	108749000.000000
2018-05-15	-0.048564	0.003054	0.019478	-0.057553	-0.048564	97408800.000000
2018-05-14	-0.043569	-0.000133	0.000692	-0.086761	-0.043569	161643008.000000
2018-05-13	0.055210	0.002613	0.070937	-0.024253	0.055210	179522000.000000
2018-05-12	0.041537	0.009695	0.089506	-0.072461	0.041537	255480992.000000
2018-05-11	-0.124414	-0.000983	0.007987	-0.164772	-0.124414	348752000.000000
2018-05-10	-0.081905	0.000884	0.013335	-0.084291	-0.081905	122958000.000000
2018-05-09	-0.014494	0.000225	0.000225	-0.072770	-0.014494	178122000.000000
2018-05-08	-0.020359	0.001250	0.038914	-0.036115	-0.020359	142455008.000000
2018-05-07	-0.042412	-0.000209	-0.000209	-0.075753	-0.042412	171384992.000000
2018-05-06	-0.044541	-0.001106	-0.001106	-0.067891	-0.044541	148186000.000000
2018-05-05	0.017091	0.003154	0.037267	0.002166	0.017091	139447008.000000
2018-05-04	-0.025769	0.002889	0.002889	-0.051032	-0.025769	171266000.000000
2018-05-03	-0.007279	-0.001326	0.046531	-0.009750	-0.007279	300814016.000000
2018-05-02	0.038270	-0.003042	0.050213	-0.026120	0.038270	272855008.000000
2018-05-01	0.044784	-0.001063	0.058089	-0.057139	0.044784	365521984.000000
2018-04-30	-0.059550	-0.002082	-0.002082	-0.077884	-0.059550	298712000.000000
2018-04-29	0.020071	0.007813	0.083904	-0.028965	0.020071	671886976.000000
2018-04-28	0.240512	-0.004711	0.265053	-0.004711	0.240512	636742016.000000
2018-04-27	-0.019728	0.000999	0.044765	-0.022117	-0.019728	197183008.000000
2018-04-26	0.083345	-0.003162	0.085837	-0.043397	0.083345	220715008.000000
2018-04-25	-0.131749	-0.000224	-0.000224	-0.152492	-0.131749	351596000.000000
2018-04-24	0.084590	0.000229	0.104779	-0.003959	0.084590	369016992.000000
2018-04-23	0.010289	0.000080	0.014317	-0.006924	0.010289	127213000.000000
2018-04-22	-0.017362	-0.010641	0.021677	-0.033777	-0.017362	160968000.000000
2018-04-21	-0.035409	0.003469	0.020930	-0.094816	-0.035409	294632992.000000
2018-04-20	0.106070	-0.005038	0.107517	-0.009770	0.106070	349348992.000000
2018-04-19	0.046159	0.027472	0.051836	0.001832	0.046159	240910000.000000
2018-04-18	0.068180	-0.004062	0.076496	-0.004062	0.068180	181118000.000000
2018-04-17	-0.050350	-0.006063	0.062323	-0.054063	-0.050350	520975008.000000
2018-04-16	0.159248	0.002254	0.159248	-0.043281	0.159248	678780992.000000
2018-04-15	0.102249	0.002669	0.112475	-0.004546	0.102249	169798000.000000
2018-04-14	0.001601	-0.009260	0.029736	-0.029043	0.001601	113212000.000000
2018-04-13	-0.055133	-0.002832	0.028973	-0.073815	-0.055133	230412992.000000
2018-04-12	0.278289	0.004385	0.292093	-0.009029	0.278289	488007008.000000
2018-04-11	0.061926	0.002648	0.064497	-0.014506	0.061926	91793296.000000
2018-04-10	0.021168	0.000875	0.030789	-0.024754	0.021168	55981300.000000
2018-04-09	-0.022305	0.003161	0.057836	-0.058244	-0.022305	93021904.000000
2018-04-08	0.052455	0.000208	0.064909	0.000208	0.052455	51093100.000000
2018-04-07	0.030065	0.003004	0.048584	-0.004306	0.030065	48205400.000000
2018-04-06	-0.028953	-0.002447	0.011583	-0.046572	-0.028953	51827500.000000
2018-04-05	-0.042470	0.001519	0.005458	-0.074757	-0.042470	113407000.000000
2018-04-04	-0.099109	-0.007475	0.038997	-0.109141	-0.099109	154800992.000000
2018-04-03	0.102708	0.009457	0.109045	-0.007232	0.102708	155987008.000000
2018-04-02	0.037256	0.006122	0.053254	-0.014446	0.037256	102697000.000000
2018-04-01	-0.033036	0.004348	0.031465	-0.093484	-0.033036	100833000.000000
2018-03-31	0.059168	-0.000639	0.090687	-0.015977	0.059168	113124000.000000
2018-03-30	0.002226	-0.001552	0.033360	-0.071928	0.002226	119874000.000000
2018-03-29	-0.082320	0.000531	0.003474	-0.089630	-0.082320	103465000.000000
2018-03-28	0.033126	0.001743	0.068891	-0.002976	0.033126	60260800.000000
2018-03-27	-0.076755	0.002437	0.008456	-0.105133	-0.076755	107510000.000000
2018-03-26	-0.091000	-0.003494	0.004420	-0.127174	-0.091000	117497000.000000
2018-03-25	-0.024292	-0.004255	-0.000386	-0.039646	-0.024292	59349400.000000
2018-03-24	-0.000306	-0.002193	0.063041	-0.032981	-0.000306	132660000.000000
2018-03-23	-0.069894	-0.005814	-0.003288	-0.108398	-0.069894	148850000.000000
2018-03-22	-0.045537	0.010385	0.041184	-0.098772	-0.045537	201540000.000000
2018-03-21	0.040215	0.001796	0.110053	-0.017073	0.040215	257686000.000000
2018-03-20	0.036929	-0.021255	0.072634	-0.087803	0.036929	249683008.000000
2018-03-19	0.265717	0.029419	0.265717	0.004995	0.265717	321964000.000000
2018-03-18	0.008994	-0.005376	0.046497	-0.179093	0.008994	189688992.000000
2018-03-17	-0.134813	-0.000604	0.001577	-0.143930	-0.134813	81096600.000000
2018-03-16	-0.036783	0.005810	0.005810	-0.057359	-0.036783	97455296.000000
2018-03-15	-0.069417	-0.004044	0.010267	-0.135682	-0.069417	204232992.000000
2018-03-14	-0.105208	0.001811	0.045380	-0.121156	-0.105208	144156000.000000
2018-03-13	-0.003111	-0.002735	0.024244	-0.037189	-0.003111	98868704.000000
2018-03-12	0.001002	0.002711	0.061942	-0.017199	0.001002	184250000.000000
2018-03-11	0.064920	-0.000724	0.083141	-0.055843	0.064920	161362000.000000
2018-03-10	-0.055507	0.013541	0.019581	-0.060070	-0.055507	129138000.000000
2018-03-09	0.002092	-0.002061	0.015207	-0.135017	0.002092	246848992.000000
2018-03-08	-0.103275	0.003555	0.028603	-0.105750	-0.103275	167808992.000000
2018-03-07	-0.133433	-0.002394	0.007853	-0.172069	-0.133433	190792992.000000
2018-03-06	-0.041210	-0.005628	0.018134	-0.045793	-0.041210	110305000.000000
2018-03-05	-0.010522	-0.002959	0.056306	-0.032355	-0.010522	202675008.000000
2018-03-04	0.012390	-0.002763	0.021817	-0.036731	0.012390	94436000.000000
2018-03-03	0.012272	-0.001881	0.053236	-0.003397	0.012272	115320000.000000
2018-03-02	-0.035785	0.000089	0.008742	-0.050993	-0.035785	107240000.000000
2018-03-01	-0.026182	-0.001945	-0.001945	-0.077385	-0.026182	184691008.000000
2018-02-28	-0.068413	-0.003129	0.001869	-0.068467	-0.068413	114757000.000000
2018-02-27	-0.008273	0.002356	0.008435	-0.021765	-0.008273	106757000.000000
2018-02-26	-0.016562	0.003601	0.008493	-0.063433	-0.016562	201812992.000000
2018-02-25	0.065230	-0.002520	0.097862	-0.026489	0.065230	247808000.000000
2018-02-24	-0.064566	-0.004605	0.020941	-0.084557	-0.064566	133524000.000000
2018-02-23	0.021863	-0.009213	0.039568	-0.044573	0.021863	222508992.000000
2018-02-22	-0.072906	-0.004912	0.021060	-0.093082	-0.072906	208342000.000000
2018-02-21	-0.037853	-0.008411	0.012498	-0.040617	-0.037853	242378000.000000
2018-02-20	-0.032424	-0.001354	0.032843	-0.035591	-0.032424	281249984.000000
2018-02-19	0.015181	0.003402	0.028500	0.001572	0.015181	169966000.000000
2018-02-18	-0.081606	-0.003639	0.000302	-0.093112	-0.081606	251314000.000000
2018-02-17	0.039803	-0.003484	0.060088	-0.006820	0.039803	341415008.000000
2018-02-16	-0.013577	0.001891	0.007416	-0.040775	-0.013577	192420000.000000
2018-02-15	0.031393	-0.005636	0.049833	-0.017563	0.031393	348342016.000000
2018-02-14	0.063201	0.001211	0.075023	-0.007824	0.063201	299008992.000000
2018-02-13	-0.028625	-0.002287	0.007033	-0.063477	-0.028625	225695008.000000
2018-02-12	0.039338	0.007643	0.063656	0.007643	0.039338	243039008.000000
2018-02-11	-0.088952	-0.001892	-0.001665	-0.104092	-0.088952	331944000.000000
2018-02-10	0.036440	-0.012592	0.181725	-0.015919	0.036440	951824000.000000
2018-02-09	0.098204	-0.010477	0.105302	-0.038344	0.098204	401271008.000000
2018-02-08	0.047399	0.011799	0.079475	-0.010648	0.047399	346383008.000000
2018-02-07	-0.079258	-0.006723	0.020192	-0.100732	-0.079258	679744000.000000
2018-02-06	0.129462	0.011724	0.156850	-0.185869	0.129462	1338390016.000000
2018-02-05	-0.136914	0.015136	0.053308	-0.157281	-0.136914	658547968.000000
2018-02-04	-0.135661	-0.011328	0.094122	-0.157264	-0.135661	814753984.000000
2018-02-03	0.123682	0.026710	0.284495	-0.152916	0.123682	1404499968.000000
2018-02-02	-0.073844	-0.005246	-0.005246	-0.348465	-0.073844	1438809984.000000
2018-02-01	-0.188023	-0.006553	0.030823	-0.206561	-0.188023	595624000.000000
2018-01-31	-0.023684	-0.008112	0.034478	-0.113883	-0.023684	505904000.000000
2018-01-30	-0.146487	0.002559	0.002559	-0.160118	-0.146487	359622016.000000
2018-01-29	-0.070242	-0.001362	-0.001362	-0.073888	-0.070242	238318000.000000
2018-01-28	0.086657	0.006042	0.105560	0.006042	0.086657	325145984.000000
2018-01-27	-0.010506	0.000152	0.015358	-0.045097	-0.010506	331308992.000000
2018-01-26	-0.022138	-0.005634	0.024083	-0.111808	-0.022138	810062016.000000
2018-01-25	0.024569	0.011458	0.097741	-0.001041	0.024569	654814016.000000
2018-01-24	0.105028	0.000531	0.129538	-0.032531	0.105028	689838016.000000
2018-01-23	-0.012951	-0.006873	0.038168	-0.088429	-0.012951	375958016.000000
2018-01-22	-0.069647	0.002968	0.029881	-0.148858	-0.069647	522984000.000000
2018-01-21	-0.133351	-0.001582	-0.001582	-0.164969	-0.133351	847731008.000000
2018-01-20	0.087644	0.009325	0.116440	-0.004387	0.087644	738798976.000000
2018-01-19	-0.014163	-0.015608	0.043460	-0.066542	-0.014163	584574016.000000
2018-01-18	0.048865	0.003486	0.130195	-0.059726	0.048865	1285490048.000000
2018-01-17	0.004164	-0.003783	0.083040	-0.296688	0.004164	1713769984.000000
2018-01-16	-0.195346	0.002612	0.002612	-0.383570	-0.195346	1632649984.000000
2018-01-15	-0.029510	-0.008103	0.102515	-0.030974	-0.029510	972993024.000000
2018-01-14	-0.092591	-0.002446	-0.002446	-0.152252	-0.092591	160712000.000000
2018-01-13	-0.014912	0.022175	0.080018	-0.067991	-0.014912	313215008.000000
2018-01-12	0.303737	0.010687	0.354231	-0.041320	0.303737	365795008.000000
2018-01-11	-0.132021	-0.002016	-0.002016	-0.278168	-0.132021	229000992.000000
2018-01-10	-0.026538	0.001386	0.001852	-0.169266	-0.026538	236472000.000000
2018-01-09	-0.093725	-0.000909	0.022730	-0.114377	-0.093725	209492000.000000
2018-01-08	-0.108593	-0.009113	-0.009113	-0.242129	-0.108593	264460992.000000
2018-01-07	-0.018138	-0.002921	0.016366	-0.034814	-0.018138	226067008.000000
2018-01-06	0.027603	-0.002560	0.054475	-0.070407	0.027603	297615008.000000
2018-01-05	-0.102826	0.051188	0.124134	-0.189043	-0.102826	508100000.000000
2018-01-04	0.031917	0.013310	0.229285	-0.038910	0.031917	593430016.000000
2018-01-03	0.379604	-0.003713	0.387283	-0.005123	0.379604	657398016.000000
2018-01-02	0.074013	-0.005463	0.090563	-0.042271	0.074013	289712000.000000
2018-01-01	0.012453	-0.001178	0.014389	-0.066353	0.012453	150186000.000000
2017-12-31	0.125855	0.005222	0.180218	0.004778	0.125855	305947008.000000
2017-12-30	0.207716	-0.001857	0.468707	-0.109093	0.207716	645155968.000000
2017-12-29	0.298253	0.006760	0.365901	-0.009213	0.298253	266403008.000000
2017-12-28	-0.015633	-0.005205	0.011488	-0.111762	-0.015633	82263800.000000
2017-12-27	-0.033349	-0.003169	0.005513	-0.063872	-0.033349	82067504.000000
2017-12-26	0.029066	-0.006701	0.032959	-0.025831	0.029066	94896000.000000
2017-12-25	0.067518	0.005900	0.127352	-0.069795	0.067518	122194000.000000
2017-12-24	-0.057962	0.006362	0.006362	-0.161796	-0.057962	67372304.000000
2017-12-23	0.016891	0.017856	0.106148	-0.035817	0.016891	88865000.000000
2017-12-22	-0.147956	0.002350	0.002350	-0.385497	-0.147956	150972992.000000
2017-12-21	-0.017073	0.008018	0.077071	-0.060936	-0.017073	162926000.000000
2017-12-20	-0.084932	0.004578	0.004578	-0.168749	-0.084932	182924000.000000
2017-12-19	0.025232	0.003995	0.137768	-0.033028	0.025232	279631008.000000
2017-12-18	0.010111	-0.002090	0.026286	-0.088903	0.010111	253463008.000000
2017-12-17	0.267742	-0.044209	0.463969	-0.065862	0.267742	628142976.000000
2017-12-16	0.895679	-0.002773	1.094900	-0.043257	0.895679	581052032.000000
2017-12-15	-0.113336	-0.031335	-0.031335	-0.223137	-0.113336	207311008.000000
2017-12-14	0.792904	-0.004572	0.792904	-0.018156	0.792904	309307008.000000
2017-12-13	0.002913	-0.001135	0.059474	-0.086063	0.002913	61575000.000000
2017-12-12	0.103046	-0.001697	0.136963	-0.058995	0.103046	60056800.000000
2017-12-11	0.100670	-0.012278	0.100670	-0.014898	0.100670	39513900.000000
2017-12-10	-0.077987	0.001547	0.001547	-0.162831	-0.077987	46376600.000000
2017-12-09	0.035890	-0.006236	0.200883	-0.016490	0.035890	63308600.000000
2017-12-08	0.094445	0.006076	0.144311	-0.060329	0.094445	70092400.000000
2017-12-07	-0.104702	-0.000619	0.053777	-0.104702	-0.104702	71024600.000000
2017-12-06	-0.075686	-0.005805	0.042098	-0.106692	-0.075686	75688800.000000
2017-12-05	-0.061691	-0.001803	0.003930	-0.066924	-0.061691	50381100.000000
2017-12-04	0.030825	-0.001980	0.107270	-0.041401	0.030825	76392704.000000
2017-12-03	-0.004110	0.000000	0.051900	-0.055957	-0.004110	46458900.000000
2017-12-02	0.007605	0.002139	0.057228	-0.016901	0.007605	56712600.000000
2017-12-01	0.095668	-0.027202	0.095668	-0.057156	0.095668	73657600.000000
2017-11-30	0.336223	0.058101	0.430073	0.058101	0.336223	124345000.000000
2017-11-29	-0.250753	-0.012602	0.226834	-0.319918	-0.250753	210624992.000000
2017-11-28	1.366810	0.000662	1.603720	-0.052266	1.366810	240338000.000000
2017-11-27	0.392519	0.007886	0.572371	0.007886	0.392519	77777296.000000
2017-11-26	0.193275	-0.000335	0.308993	-0.010822	0.193275	30527100.000000
2017-11-25	0.072776	-0.002022	0.072776	-0.022363	0.072776	6156460.000000
2017-11-24	0.034175	-0.001366	0.042013	-0.017534	0.034175	5502350.000000
2017-11-23	-0.038716	-0.000319	0.004505	-0.038716	-0.038716	5132300.000000
2017-11-22	0.007720	0.002428	0.024850	-0.015513	0.007720	4938480.000000
2017-11-21	-0.042284	0.000186	0.004334	-0.073597	-0.042284	5836790.000000
2017-11-20	0.053296	0.002400	0.150101	-0.016828	0.053296	16172400.000000
2017-11-19	0.065053	-0.004801	0.079969	-0.029887	0.065053	4725050.000000
2017-11-18	0.023149	-0.006817	0.052346	-0.039763	0.023149	2930550.000000
2017-11-17	-0.065537	-0.015859	-0.005228	-0.086867	-0.065537	3578870.000000
2017-11-16	0.042935	0.005237	0.065231	-0.029912	0.042935	4888130.000000
2017-11-15	0.008178	-0.004358	0.058822	-0.036942	0.008178	6858800.000000
2017-11-14	0.016371	-0.000415	0.037981	-0.018030	0.016371	3033290.000000
2017-11-13	0.076348	0.016145	0.096872	-0.020107	0.076348	4419440.000000
2017-11-12	-0.126110	0.001582	0.018763	-0.176626	-0.126110	7280250.000000
2017-11-11	0.011722	-0.008407	0.093657	-0.052926	0.011722	5532220.000000
2017-11-10	-0.153924	0.005191	0.040393	-0.174758	-0.153924	6766780.000000
2017-11-09	0.272648	-0.001028	0.392039	-0.007159	0.272648	18716200.000000
2017-11-08	0.134775	-0.012755	0.189162	-0.024082	0.134775	6367000.000000
2017-11-07	0.014337	-0.001609	0.067012	-0.021356	0.014337	2539540.000000
2017-11-06	0.060383	0.016588	0.144114	-0.004909	0.060383	4591160.000000
2017-11-05	-0.062987	0.001453	0.044691	-0.062987	-0.062987	2396230.000000
2017-11-04	-0.026781	0.000566	0.053973	-0.029101	-0.026781	2626920.000000
2017-11-03	0.062058	0.005271	0.089492	-0.069413	0.062058	2836080.000000
2017-11-02	-0.073100	0.004046	0.086604	-0.207786	-0.073100	6165050.000000
2017-11-01	-0.244807	-0.043072	-0.040020	-0.244807	-0.244807	9382780.000000
2017-10-31	0.064885	-0.001256	0.074576	-0.017752	0.064885	7304450.000000
2017-10-30	-0.000839	-0.010113	0.009351	-0.035691	-0.000839	3781270.000000
2017-10-29	0.105961	-0.001369	0.153510	-0.009286	0.105961	4746180.000000
2017-10-28	-0.019548	-0.001638	0.017872	-0.029899	-0.019548	1739460.000000
2017-10-27	-0.027643	0.000232	0.012203	-0.053734	-0.027643	2511440.000000
2017-10-26	-0.014375	-0.004287	0.001192	-0.038126	-0.014375	2437710.000000
2017-10-25	0.012312	-0.005685	0.024021	-0.039919	0.012312	2561430.000000
2017-10-24	0.068324	-0.004502	0.137611	-0.066289	0.068324	7589560.000000
2017-10-23	-0.082052	-0.001612	0.011616	-0.122036	-0.082052	3517050.000000
2017-10-22	-0.024877	0.004529	0.010814	-0.047236	-0.024877	2930210.000000
2017-10-21	-0.071617	0.005736	0.005736	-0.086608	-0.071617	5344520.000000
2017-10-20	0.133098	-0.001831	0.141437	-0.015526	0.133098	8716410.000000
2017-10-19	0.012784	0.000517	0.015773	-0.034435	0.012784	2897720.000000
2017-10-18	-0.019355	0.000066	0.005228	-0.094799	-0.019355	2336180.000000
2017-10-17	-0.059786	0.000155	0.023483	-0.119755	-0.059786	7039900.000000
2017-10-16	-0.036621	-0.003651	0.023316	-0.048984	-0.036621	6196030.000000
2017-10-15	-0.074428	0.012589	0.036233	-0.116141	-0.074428	7104990.000000
2017-10-14	-0.034960	0.006994	0.137535	-0.130368	-0.034960	27853200.000000
2017-10-13	0.281459	-0.007283	0.288125	-0.040252	0.281459	15613600.000000
2017-10-12	0.165750	0.000844	0.188446	-0.030836	0.165750	8680640.000000
2017-10-11	0.045896	-0.002383	0.048506	-0.025772	0.045896	3606720.000000
2017-10-10	-0.026337	-0.000072	0.015031	-0.037732	-0.026337	2725600.000000
2017-10-09	0.079918	-0.006490	0.113785	-0.006602	0.079918	4663310.000000
2017-10-08	-0.022143	-0.000549	0.126871	-0.037892	-0.022143	7727460.000000
2017-10-07	0.129553	-0.006753	0.135454	-0.049576	0.129553	7411240.000000
2017-10-06	-0.137263	-0.006040	0.002476	-0.145611	-0.137263	7780710.000000
2017-10-05	-0.020190	0.000903	0.010127	-0.048889	-0.020190	5562510.000000
2017-10-04	0.053599	0.002320	0.095624	0.002320	0.053599	9000050.000000
2017-10-03	-0.197287	-0.006756	0.057590	-0.202142	-0.197287	16997800.000000
