2021-02-27	0.016100	0.001355	0.069916	-0.007132	0.016100	2755271254.140000
2021-02-26	-0.052186	0.005919	0.020818	-0.100798	-0.052186	4167145957.640000
2021-02-25	-0.080489	0.000426	0.040675	-0.080489	-0.080489	4059853073.090000
2021-02-24	0.101149	0.000551	0.212533	-0.071298	0.101149	7154121651.120000
2021-02-23	-0.136502	-0.000543	0.003839	-0.288204	-0.136502	8280752930.040000
2021-02-22	-0.089866	0.002343	0.005290	-0.241234	-0.089866	7885768925.160000
2021-02-21	0.148347	-0.005526	0.201733	-0.021148	0.148347	8505963718.530000
2021-02-20	-0.230483	0.000909	0.005529	-0.314784	-0.230483	9680520705.920000
2021-02-19	0.697604	0.000282	0.749987	-0.002791	0.697604	17982945189.090000
2021-02-18	0.189850	0.002118	0.211244	-0.008473	0.189850	6110987388.820000
2021-02-17	0.266141	0.000180	0.346460	-0.022794	0.266141	5236224271.100000
2021-02-16	0.003772	0.001327	0.028655	-0.021388	0.003772	1925775293.730000
2021-02-15	-0.050273	-0.001098	0.020474	-0.122348	-0.050273	2414986848.420000
2021-02-14	0.022284	0.000158	0.039745	-0.035376	0.022284	2312597445.340000
2021-02-13	-0.025526	-0.000149	0.011115	-0.081927	-0.025526	2116751635.410000
2021-02-12	0.100568	-0.002209	0.127046	-0.021756	0.100568	2981627649.860000
2021-02-11	-0.040874	-0.003329	0.013863	-0.082019	-0.040874	2809765027.340000
2021-02-10	0.202391	-0.001768	0.372343	-0.001768	0.202391	7000323240.280000
2021-02-09	0.351587	-0.000307	0.442185	-0.017352	0.351587	4425849540.380000
2021-02-08	0.163886	-0.000947	0.163886	-0.010662	0.163886	2133574290.950000
2021-02-07	-0.056962	0.001851	0.025833	-0.113231	-0.056962	1493688264.600000
2021-02-06	0.072046	0.000134	0.111375	-0.083092	0.072046	2114553791.920000
2021-02-05	0.213150	0.001532	0.224208	0.001532	0.213150	1431595318.770000
2021-02-04	0.070488	-0.000008	0.092420	-0.012250	0.070488	940905213.970000
2021-02-03	0.023234	-0.000123	0.031750	-0.021561	0.023234	714000887.590000
2021-02-02	-0.010682	-0.001081	0.025271	-0.043029	-0.010682	1006694242.380000
2021-02-01	0.165591	0.000747	0.177584	-0.016980	0.165591	1256933735.330000
2021-01-31	-0.011085	0.000590	0.020893	-0.030001	-0.011085	512545443.390000
2021-01-30	0.044803	0.000027	0.049843	-0.004020	0.044803	533768579.480000
2021-01-29	0.007601	-0.003361	0.034808	-0.014628	0.007601	651771602.850000
2021-01-28	0.037425	-0.000206	0.050778	-0.011888	0.037425	533847526.990000
2021-01-27	-0.016785	0.001473	0.008469	-0.047103	-0.016785	519618043.147468
2021-01-26	0.001707	0.000755	0.020505	-0.038821	0.001707	546536514.309994
2021-01-25	-0.006158	-0.000133	0.035145	-0.029797	-0.006158	507172505.422512
2021-01-24	0.026121	0.001151	0.033714	-0.007630	0.026121	450486065.740113
2021-01-23	-0.001030	0.000184	0.024297	-0.031109	-0.001030	468609052.512105
2021-01-22	0.057231	-0.000272	0.071517	-0.043793	0.057231	561072899.072053
2021-01-21	-0.092968	-0.000020	0.000664	-0.097578	-0.092968	621983627.441514
2021-01-20	-0.004175	-0.002865	-0.000724	-0.057943	-0.004175	684094132.535969
2021-01-19	-0.056614	-0.000387	0.038474	-0.075172	-0.056614	750638729.058735
2021-01-18	-0.007255	0.001815	0.024498	-0.033450	-0.007255	586905636.030087
2021-01-17	0.058204	-0.000363	0.080671	-0.048188	0.058204	664875512.992476
2021-01-16	0.055056	0.000011	0.073290	-0.004525	0.055056	604218251.938869
2021-01-15	-0.020929	0.000030	0.014772	-0.064561	-0.020929	562019412.557807
2021-01-14	0.041303	-0.000426	0.043282	-0.011949	0.041303	534108764.263533
2021-01-13	0.053116	-0.000057	0.060085	-0.025395	0.053116	542384725.142847
2021-01-12	-0.006769	-0.002394	0.040644	-0.030905	-0.006769	567249584.486812
2021-01-11	-0.096049	0.000569	0.000684	-0.171445	-0.096049	890728693.585254
2021-01-10	-0.033787	0.000256	0.027828	-0.075979	-0.033787	701488831.551768
2021-01-09	0.036267	-0.000510	0.040675	-0.018993	0.036267	590039660.356870
2021-01-08	-0.024262	0.002743	0.003245	-0.067090	-0.024262	650561499.763195
2021-01-07	0.030440	0.000727	0.054643	-0.015892	0.030440	829964769.684771
2021-01-06	0.010336	0.000981	0.010977	-0.027365	0.010336	641021601.116572
2021-01-05	0.019749	0.000267	0.019749	-0.047583	0.019749	644270927.177367
2021-01-04	-0.005410	0.001198	0.048194	-0.073027	-0.005410	807877170.680764
2021-01-03	0.076027	0.000317	0.087986	-0.011074	0.076027	758008613.166655
2021-01-02	0.008880	0.000319	0.024568	-0.025838	0.008880	521965394.192778
2021-01-01	0.014153	-0.000039	0.041528	-0.008822	0.014153	459165743.256956
2020-12-31	-0.019936	-0.000367	0.000707	-0.036506	-0.019936	404140895.693471
2020-12-30	-0.020962	-0.000141	0.005231	-0.052585	-0.020962	501223200.934720
2020-12-29	0.086715	0.000213	0.101541	-0.014003	0.086715	938849532.145582
2020-12-28	0.069608	0.000603	0.073551	-0.003300	0.069608	611476292.223623
2020-12-27	0.001037	0.000081	0.041083	-0.041499	0.001037	567285548.223141
2020-12-26	0.009412	0.000158	0.023529	-0.016983	0.009412	434464850.761501
2020-12-25	0.020442	-0.000360	0.028759	-0.019579	0.020442	421026462.470692
2020-12-24	0.045106	0.000521	0.051686	-0.020647	0.045106	488263503.628413
2020-12-23	-0.071232	-0.000157	0.026837	-0.101803	-0.071232	582613805.166837
2020-12-22	0.037603	-0.002006	0.046072	-0.051956	0.037603	563925549.089904
2020-12-21	-0.055350	0.001198	0.041074	-0.073669	-0.055350	583000547.097156
2020-12-20	0.025947	-0.000085	0.067499	-0.018766	0.025947	583559932.348691
2020-12-19	0.076216	0.000138	0.104306	0.000073	0.076216	534843838.837410
2020-12-18	0.024988	-0.000005	0.032967	-0.016034	0.024988	359055461.130294
2020-12-17	-0.010038	0.000112	0.031569	-0.021531	-0.010038	479985920.444663
2020-12-16	0.031912	0.000090	0.035503	-0.016330	0.031912	347039607.070740
2020-12-15	-0.016061	-0.000086	0.008904	-0.021598	-0.016061	294288115.284339
2020-12-14	0.031884	0.000178	0.036859	-0.014022	0.031884	335453985.977789
2020-12-13	0.033277	0.000036	0.038592	-0.003638	0.033277	265728019.632205
2020-12-12	0.029365	-0.000100	0.032194	-0.001188	0.029365	238973887.109763
2020-12-11	-0.012102	0.000034	0.001622	-0.033613	-0.012102	278060132.179107
2020-12-10	-0.015397	0.000079	0.003866	-0.024771	-0.015397	263890749.871519
2020-12-09	0.017839	0.000011	0.026868	-0.023167	0.017839	323390503.719752
2020-12-08	-0.059290	0.000093	0.003744	-0.063533	-0.059290	323672205.515675
2020-12-07	-0.005507	-0.000353	0.003920	-0.015251	-0.005507	238972453.962280
2020-12-06	-0.006347	-0.000026	0.013595	-0.021307	-0.006347	249993855.486104
2020-12-05	0.022609	0.000101	0.032015	-0.010826	0.022609	307895991.101146
2020-12-04	-0.053159	0.000377	0.013424	-0.057936	-0.053159	362626785.737613
2020-12-03	0.013436	0.000219	0.015571	-0.010531	0.013436	324897559.612391
2020-12-02	0.006279	0.001302	0.026632	-0.011937	0.006279	371441750.078681
2020-12-01	-0.040917	0.000596	0.015262	-0.060799	-0.040917	467818960.305747
2020-11-30	0.042340	0.000223	0.047022	-0.011016	0.042340	389608480.722203
2020-11-29	0.033410	0.000693	0.044879	-0.006334	0.033410	347773041.182810
2020-11-28	0.023484	-0.000008	0.040209	-0.017192	0.023484	338275296.177832
2020-11-27	0.009582	0.000907	0.017866	-0.032044	0.009582	361093512.800825
2020-11-26	-0.100120	-0.000805	0.012389	-0.153322	-0.100120	659590249.728351
2020-11-25	-0.072780	0.001616	0.043758	-0.089600	-0.072780	599500600.459602
2020-11-24	0.091644	0.000206	0.133966	-0.003684	0.091644	840230024.217215
2020-11-23	0.034763	0.000001	0.037398	-0.003550	0.034763	433686947.542431
2020-11-22	-0.015341	0.000000	0.022446	-0.042831	-0.015341	426289161.278439
2020-11-21	0.051893	-0.000000	0.063687	-0.018748	0.051893	419204706.486219
2020-11-20	0.028401	-0.000068	0.041910	-0.000068	0.028401	321436881.218455
2020-11-19	0.000639	-0.000004	0.009335	-0.015002	0.000639	282317318.671151
2020-11-18	-0.015927	-0.000002	0.008780	-0.034592	-0.015927	327690836.449526
2020-11-17	0.016622	0.003819	0.024469	0.003819	0.016622	320321793.469152
2020-11-16	0.016041	-0.000000	0.020248	-0.004350	0.016041	275039274.083198
2020-11-15	-0.011282	0.000000	0.008457	-0.029425	-0.011282	254946427.017681
2020-11-14	-0.008728	0.000000	0.000000	-0.027404	-0.008728	254114574.150533
2020-11-13	0.020546	-0.000019	0.031386	-0.001895	0.020546	292737428.437750
2020-11-12	-0.012211	-0.000014	0.007190	-0.021691	-0.012211	266092376.207913
2020-11-11	-0.008412	-0.000001	0.015135	-0.011415	-0.008412	279645462.612337
2020-11-10	0.006257	0.000021	0.016063	-0.011172	0.006257	310738348.952761
2020-11-09	-0.010143	0.000001	0.021843	-0.031671	-0.010143	335957338.482453
2020-11-08	0.020442	0.000000	0.034150	-0.008051	0.020442	321186881.892467
2020-11-07	-0.044107	0.000000	0.028485	-0.070024	-0.044107	362934992.574560
2020-11-06	0.048495	-0.000002	0.062944	-0.000002	0.048495	343104561.947765
2020-11-05	0.027638	0.000002	0.035940	-0.007905	0.027638	299236755.762811
2020-11-04	0.002773	0.000013	0.003704	-0.033146	0.002773	383972479.500875
2020-11-03	-0.036827	-0.000000	-0.000000	-0.071252	-0.036827	457901612.793036
2020-11-02	-0.020295	-0.000003	0.028686	-0.022084	-0.020295	390864651.699869
2020-11-01	0.001068	-0.000000	0.008231	-0.011603	0.001068	338657898.349859
2020-10-31	-0.002708	0.000000	0.013479	-0.011885	-0.002708	360596997.671676
2020-10-30	-0.044704	0.000007	0.011784	-0.075613	-0.044704	531974962.128275
2020-10-29	-0.017160	0.000002	0.001900	-0.028016	-0.017160	426303252.418372
2020-10-28	-0.040306	0.000002	0.009117	-0.055955	-0.040306	477279858.422425
2020-10-27	0.015541	0.000004	0.038213	-0.004975	0.015541	715978374.360553
2020-10-26	0.034776	0.000000	0.039975	-0.003822	0.034776	624224135.767693
2020-10-25	-0.015734	-0.000000	0.012334	-0.020503	-0.015734	391997739.167313
2020-10-24	-0.001474	-0.000000	0.006788	-0.005674	-0.001474	407454460.433169
2020-10-23	-0.000790	-0.000096	0.016503	-0.018110	-0.000790	514504829.715525
2020-10-22	0.029754	-0.000229	0.051311	-0.000267	0.029754	530907795.810507
2020-10-21	0.033639	0.000361	0.054852	-0.003264	0.033639	510855829.883329
2020-10-20	-0.037481	0.000175	0.005180	-0.046169	-0.037481	493774161.635298
2020-10-19	-0.023955	-0.000108	-0.000108	-0.026173	-0.023955	385913100.727811
2020-10-18	0.013597	-0.000240	0.024739	-0.000877	0.013597	440840685.159958
2020-10-17	0.008446	0.001629	0.018693	-0.009165	0.008446	377026507.532894
2020-10-16	-0.041570	0.000581	0.019852	-0.052048	-0.041570	546849696.156421
2020-10-15	0.012414	-0.000718	0.021259	-0.013328	0.012414	504135679.796641
2020-10-14	0.006688	0.001044	0.019240	-0.007973	0.006688	460297910.635310
2020-10-13	-0.000258	-0.001455	0.034199	-0.014497	-0.000258	600050050.209063
2020-10-12	0.075610	-0.000199	0.088478	-0.002246	0.075610	718406691.080421
2020-10-11	0.008586	0.002456	0.015187	-0.012405	0.008586	408482938.521336
2020-10-10	-0.004660	-0.000348	0.027389	-0.010100	-0.004660	426434525.708207
2020-10-09	0.026700	0.001187	0.030188	-0.006411	0.026700	465984452.408543
2020-10-08	0.000017	0.000312	0.003892	-0.039857	0.000017	431553685.772507
2020-10-07	-0.000350	-0.000597	0.005658	-0.027815	-0.000350	394557518.208912
2020-10-06	-0.032959	0.000243	0.010843	-0.047417	-0.032959	505088689.690512
2020-10-05	-0.009838	0.002256	0.012438	-0.026633	-0.009838	425642119.116627
2020-10-04	0.026294	0.000376	0.033111	-0.004716	0.026294	514574736.347549
2020-10-03	0.033594	0.002228	0.036655	-0.005342	0.033594	495908650.484412
2020-10-02	-0.005333	0.000664	0.027365	-0.056064	-0.005333	638940975.957892
2020-10-01	-0.063464	0.001055	0.003119	-0.099952	-0.063464	630087804.832627
2020-09-30	0.015529	0.001185	0.024840	-0.027786	0.015529	566560144.360412
2020-09-29	0.069066	0.000392	0.075003	-0.000132	0.069066	612454594.976975
2020-09-28	0.029787	0.001403	0.058364	-0.010656	0.029787	530311671.660722
2020-09-27	-0.000838	-0.000328	0.025417	-0.018211	-0.000838	435755665.971061
2020-09-26	0.063162	0.000761	0.072405	-0.004810	0.063162	490827675.515584
2020-09-25	0.002014	-0.001158	0.018716	-0.029840	0.002014	442583903.674488
2020-09-24	0.076863	-0.000174	0.079937	-0.006878	0.076863	475917195.725331
2020-09-23	-0.051607	-0.002258	0.006108	-0.058021	-0.051607	446713264.171946
2020-09-22	0.035794	-0.003424	0.053734	-0.018082	0.035794	340023557.578592
2020-09-21	-0.118378	0.001421	0.011507	-0.145592	-0.118378	462503298.684987
2020-09-20	-0.031521	-0.000045	0.002752	-0.073226	-0.031521	343197520.157094
2020-09-19	-0.005415	0.007951	0.017488	-0.023225	-0.005415	331216806.197357
2020-09-18	0.015054	0.000000	0.066074	-0.010504	0.015054	482149966.818778
2020-09-17	-0.034739	-0.001398	0.031141	-0.065311	-0.034739	512578970.842433
2020-09-16	0.028020	-0.000224	0.048450	-0.041208	0.028020	664539529.883060
2020-09-15	-0.127531	-0.000631	0.002924	-0.138449	-0.127531	861821909.555367
2020-09-14	0.003864	0.001411	0.078213	-0.060739	0.003864	1009392259.573320
2020-09-13	0.088636	0.000000	0.133025	-0.011005	0.088636	1144638250.839910
2020-09-12	0.120953	0.000037	0.120953	-0.000177	0.120953	688007352.174943
2020-09-11	0.036300	0.000000	0.047622	-0.060454	0.036300	420689466.021838
2020-09-10	0.001207	0.000288	0.044181	-0.012881	0.001207	456365135.112736
2020-09-09	0.057785	0.001363	0.059131	-0.028025	0.057785	456284483.710439
2020-09-08	0.035588	0.001444	0.045950	-0.045998	0.035588	555422363.324335
2020-09-07	-0.034383	0.000126	0.013579	-0.125909	-0.034383	555588377.867480
2020-09-06	0.190561	0.000000	0.201954	-0.040800	0.190561	740680572.572538
2020-09-05	-0.074911	-0.000569	0.023536	-0.136416	-0.074911	399969032.542166
2020-09-04	0.021155	-0.001119	0.058573	-0.030991	0.021155	489923568.433635
2020-09-03	-0.164861	0.000294	0.033388	-0.169001	-0.164861	574956638.487107
2020-09-02	-0.005307	-0.000311	0.038990	-0.048764	-0.005307	577817196.798929
2020-09-01	0.070239	-0.000345	0.095388	-0.008829	0.070239	450200844.345149
2020-08-31	-0.019110	0.000124	0.011387	-0.024951	-0.019110	215511199.974412
2020-08-30	0.027536	-0.000096	0.035903	-0.002036	0.027536	228141192.176208
2020-08-29	-0.005297	0.000009	0.016395	-0.013152	-0.005297	213897144.725457
2020-08-28	0.002299	-0.000134	0.019586	-0.016104	0.002299	260086578.704994
2020-08-27	0.036066	-0.000864	0.038715	-0.015991	0.036066	296206827.549021
2020-08-26	0.037342	-0.000049	0.047013	-0.006520	0.037342	255812853.938086
2020-08-25	-0.050009	0.000104	0.001270	-0.064183	-0.050009	234877041.413958
2020-08-24	0.033607	-0.000232	0.046860	-0.004480	0.033607	192633739.294851
2020-08-23	-0.016591	-0.000934	-0.000934	-0.028424	-0.016591	181970641.309359
2020-08-22	0.005008	-0.000625	0.005008	-0.030173	0.005008	208053380.650089
2020-08-21	-0.041727	0.000513	0.011304	-0.053525	-0.041727	245533836.487196
2020-08-20	0.035059	0.002747	0.043091	-0.008079	0.035059	240389083.939203
2020-08-19	-0.032808	-0.000503	0.008084	-0.045781	-0.032808	224754804.588546
2020-08-18	-0.018840	-0.000772	0.007241	-0.039769	-0.018840	259152684.308572
2020-08-17	0.000553	0.000000	0.015275	-0.017508	0.000553	264606384.809877
2020-08-16	0.020648	0.001240	0.032516	-0.008374	0.020648	271264838.950331
2020-08-15	-0.002082	0.000814	0.035093	-0.007285	-0.002082	269746412.322129
2020-08-14	0.045038	0.000207	0.058286	-0.017160	0.045038	357386066.876342
2020-08-13	0.014900	0.001001	0.018447	-0.045865	0.014900	299981375.666176
2020-08-12	0.023263	0.002485	0.043759	-0.030185	0.023263	256078366.241257
2020-08-11	-0.060001	0.000646	0.006661	-0.078583	-0.060001	310846749.419919
2020-08-10	0.006152	0.000207	0.016386	-0.008921	0.006152	239664308.378808
2020-08-09	-0.017597	0.000689	0.002795	-0.031338	-0.017597	216694610.437657
2020-08-08	0.025394	0.000047	0.028166	-0.016633	0.025394	236392684.879190
2020-08-07	-0.017444	0.000605	0.013067	-0.047516	-0.017444	326409994.020742
2020-08-06	-0.026935	-0.000499	-0.000249	-0.032848	-0.026935	246554660.784018
2020-08-05	0.047285	0.000210	0.057200	-0.006400	0.047285	344072749.341576
2020-08-04	0.010319	-0.000010	0.015867	-0.019557	0.010319	241931958.219738
2020-08-03	0.053002	-0.000202	0.068616	-0.008297	0.053002	265708948.722747
2020-08-02	-0.027196	0.000757	0.022513	-0.072351	-0.027196	299350525.199861
2020-08-01	0.041720	0.000000	0.046005	-0.003530	0.041720	264604007.693760
2020-07-31	0.032750	-0.001131	0.041261	-0.003892	0.032750	229781079.940296
2020-07-30	0.005888	0.000084	0.008741	-0.016254	0.005888	200436410.198819
2020-07-29	-0.013778	0.000898	0.009943	-0.015310	-0.013778	204440431.671337
2020-07-28	0.028196	0.004091	0.050605	-0.006143	0.028196	284409543.876425
2020-07-27	0.005087	-0.000293	0.031677	-0.049690	0.005087	325386898.983172
2020-07-26	-0.012914	-0.001203	0.023177	-0.021172	-0.012914	248581856.816195
2020-07-25	0.032555	0.000255	0.043070	-0.000545	0.032555	257057784.793030
2020-07-24	0.025684	0.000178	0.045521	-0.021357	0.025684	248008822.614070
2020-07-23	0.032135	-0.000252	0.032861	-0.001006	0.032135	220207322.577736
2020-07-22	0.021253	-0.000562	0.021253	-0.011401	0.021253	191909868.426058
2020-07-21	0.013194	-0.000998	0.026526	-0.004423	0.013194	187854335.452950
2020-07-20	-0.026235	0.000304	0.017348	-0.034632	-0.026235	203143854.497114
2020-07-19	0.048408	0.000009	0.053880	-0.012660	0.048408	213342723.856477
2020-07-18	0.002443	0.000113	0.010625	-0.013129	0.002443	149402466.073570
2020-07-17	-0.003434	0.000020	0.019394	-0.007074	-0.003434	153498441.065194
2020-07-16	-0.025432	0.000025	0.006029	-0.048736	-0.025432	191191483.065685
2020-07-15	-0.027191	-0.000601	0.002779	-0.035232	-0.027191	169152686.434683
2020-07-14	-0.017744	-0.000930	0.016555	-0.025852	-0.017744	203397122.500825
2020-07-13	0.009488	0.000000	0.035871	-0.025464	0.009488	261690866.458415
2020-07-12	0.034863	0.000351	0.054441	-0.000506	0.034863	224015851.085961
2020-07-11	0.020910	0.001046	0.023369	-0.010771	0.020910	186743533.674943
2020-07-10	0.022291	-0.000399	0.024251	-0.028109	0.022291	174222028.641115
2020-07-09	-0.019898	0.000650	0.012550	-0.038032	-0.019898	179705380.221083
2020-07-08	0.027276	0.000230	0.038132	-0.006322	0.027276	212383912.236791
2020-07-07	0.029052	-0.001277	0.034707	-0.016764	0.029052	196296818.359629
2020-07-06	0.052748	0.000000	0.055133	-0.002030	0.052748	172232439.505793
2020-07-05	-0.004678	0.000001	0.005206	-0.019800	-0.004678	138494209.087873
2020-07-04	0.017069	-0.000321	0.020456	-0.001983	0.017069	146316736.400747
2020-07-03	-0.015866	-0.000278	0.003122	-0.017041	-0.015866	138591560.926371
2020-07-02	-0.018382	-0.000549	0.008036	-0.036544	-0.018382	151839908.126372
2020-07-01	0.026981	-0.000268	0.030146	-0.004019	0.026981	159837868.568561
2020-06-30	-0.005911	-0.000679	0.005180	-0.012178	-0.005911	151582461.013071
2020-06-29	0.005522	-0.000511	0.011530	-0.012017	0.005522	167963468.650632
2020-06-28	0.015465	0.000000	0.021460	-0.010840	0.015465	159817886.339706
2020-06-27	-0.035809	0.000111	0.009755	-0.042751	-0.035809	152435706.575818
2020-06-26	-0.010895	-0.000376	0.005526	-0.017657	-0.010895	136599245.092705
2020-06-25	-0.006492	-0.000255	0.001147	-0.024720	-0.006492	143049947.270936
2020-06-24	-0.024102	0.000737	0.014422	-0.025330	-0.024102	168239834.458622
2020-06-23	-0.003200	-0.000401	0.001363	-0.012892	-0.003200	165960946.574909
2020-06-22	0.029627	-0.000169	0.029627	-0.000169	0.029627	181943735.970832
2020-06-21	-0.002887	-0.000574	0.012752	-0.004154	-0.002887	151504786.593703
2020-06-20	0.008831	0.000000	0.014333	-0.006122	0.008831	158722068.506330
2020-06-19	-0.018602	-0.000037	0.005194	-0.019302	-0.018602	160670034.991367
2020-06-18	-0.011825	0.000000	0.008047	-0.025732	-0.011825	176409001.529922
2020-06-17	-0.001182	0.000003	0.011194	-0.019023	-0.001182	190623458.733820
2020-06-16	0.002268	0.000111	0.014643	-0.009134	0.002268	197512179.100763
2020-06-15	-0.016297	0.000000	0.001209	-0.061877	-0.016297	205913863.445184
2020-06-14	-0.009956	0.000439	0.002680	-0.016201	-0.009956	197988813.031408
2020-06-13	0.009274	0.000387	0.010513	-0.007593	0.009274	217773557.209700
2020-06-12	0.022087	-0.001010	0.028638	-0.009304	0.022087	220884223.379934
2020-06-11	-0.063269	0.000200	0.006549	-0.069013	-0.063269	214293278.146375
2020-06-10	-0.001429	0.000062	0.003587	-0.009804	-0.001429	218805703.626498
2020-06-09	0.002435	0.000441	0.004952	-0.008214	0.002435	203076334.861039
2020-06-08	-0.003095	-0.000041	0.006337	-0.009082	-0.003095	201873194.975619
2020-06-07	-0.005070	0.000097	0.006292	-0.032576	-0.005070	229571455.691882
2020-06-06	-0.008641	0.000000	0.012392	-0.008917	-0.008641	247410757.853877
2020-06-05	0.006997	0.000162	0.018796	-0.004446	0.006997	264892610.604398
2020-06-04	0.001167	0.000103	0.005885	-0.023325	0.001167	251564500.032329
2020-06-03	0.017756	-0.000272	0.022253	-0.007832	0.017756	278598569.198839
2020-06-02	-0.037714	0.000218	0.013475	-0.056439	-0.037714	285916006.989139
2020-06-01	0.051317	0.001705	0.056417	-0.001658	0.051317	343444956.695915
2020-05-31	-0.039617	-0.000053	0.020575	-0.046548	-0.039617	306613468.063803
2020-05-30	0.041181	-0.000258	0.042016	-0.004593	0.041181	330991077.736992
2020-05-29	-0.001038	0.001023	0.009999	-0.019761	-0.001038	302410995.204594
2020-05-28	0.034320	0.000285	0.038005	-0.001410	0.034320	307231706.568533
2020-05-27	0.017316	0.000008	0.021236	-0.002015	0.017316	289787287.573284
2020-05-26	-0.011485	0.000451	0.005214	-0.021467	-0.011485	264787792.857147
2020-05-25	0.019739	-0.000551	0.020899	-0.007747	0.019739	295250982.890856
2020-05-24	-0.030429	-0.000510	0.012348	-0.030547	-0.030429	250849074.650234
2020-05-23	-0.003089	-0.000487	0.011533	-0.016889	-0.003089	281071630.329643
2020-05-22	0.032080	0.000248	0.045014	-0.008785	0.032080	308017282.995064
2020-05-21	-0.045337	-0.000046	0.008852	-0.064956	-0.045337	283593221.056865
2020-05-20	-0.015543	-0.000700	0.009833	-0.029073	-0.015543	305581859.593181
2020-05-19	0.031161	0.000172	0.031161	-0.016115	0.031161	351679091.918471
2020-05-18	0.019713	0.000220	0.032150	-0.002207	0.019713	337613742.531899
2020-05-17	0.016376	-0.001166	0.026703	-0.001448	0.016376	329675186.908854
2020-05-16	0.018878	-0.000031	0.030307	-0.006647	0.018878	339913391.103706
2020-05-15	-0.036889	-0.000616	0.005918	-0.043139	-0.036889	340889407.813673
2020-05-14	0.013565	-0.000187	0.024804	-0.013454	0.013565	388231861.158675
2020-05-13	0.025273	0.000096	0.032192	-0.001083	0.025273	359517913.522690
2020-05-12	0.042623	0.001558	0.070452	-0.006956	0.042623	394508012.966438
2020-05-11	-0.012953	0.002897	0.012694	-0.066116	-0.012953	404659512.530347
2020-05-10	-0.096853	0.000068	0.000068	-0.130839	-0.096853	436166815.498625
2020-05-09	-0.017720	-0.001248	0.014107	-0.020387	-0.017720	365221789.096582
2020-05-08	0.013418	0.000353	0.025174	-0.005944	0.013418	382131706.939880
2020-05-07	0.021382	0.000055	0.037894	-0.018346	0.021382	414976837.313800
2020-05-06	-0.015528	-0.000767	0.014061	-0.015528	-0.015528	364717661.923409
2020-05-05	-0.010583	-0.000722	0.012967	-0.021850	-0.010583	358987880.884735
2020-05-04	-0.001492	0.000552	0.013374	-0.038788	-0.001492	390548946.724712
2020-05-03	-0.026079	-0.000177	0.012166	-0.031671	-0.026079	381109060.886594
2020-05-02	0.001134	-0.000750	0.003630	-0.009026	0.001134	393955299.645100
2020-05-01	0.031174	0.000737	0.050412	-0.000437	0.031174	453439051.839319
2020-04-30	-0.026284	-0.002629	0.036342	-0.040787	-0.026284	498015944.181087
2020-04-29	0.063821	0.000180	0.067011	-0.004323	0.063821	463165164.290480
2020-04-28	-0.001150	-0.000935	0.006304	-0.011236	-0.001150	361059754.244092
2020-04-27	0.004849	0.002763	0.017111	-0.010636	0.004849	389838382.584775
2020-04-26	0.004805	-0.000134	0.010918	-0.006508	0.004805	400076436.499124
2020-04-25	0.018044	-0.000212	0.025431	-0.003617	0.018044	362345239.582134
2020-04-24	0.000638	-0.000858	0.019403	-0.007317	0.000638	375266799.585543
2020-04-23	0.019948	0.000605	0.028865	-0.010618	0.019948	446947831.818435
2020-04-22	0.032053	-0.000305	0.042096	-0.012353	0.032053	395820105.582438
2020-04-21	0.007979	-0.001429	0.026835	-0.013376	0.007979	390367736.457604
2020-04-20	-0.065337	0.000031	0.019532	-0.069790	-0.065337	398870343.283014
2020-04-19	-0.027315	0.000857	0.006884	-0.029786	-0.027315	402957216.546380
2020-04-18	0.054534	0.000714	0.062419	-0.000291	0.054534	479760692.217423
2020-04-17	0.002060	-0.000111	0.015211	-0.022330	0.002060	396448352.190950
2020-04-16	0.075977	-0.000869	0.075977	-0.024478	0.075977	478820057.567565
2020-04-15	-0.059977	0.001134	0.020303	-0.063264	-0.059977	425648053.814712
2020-04-14	0.032635	-0.001487	0.058661	-0.013168	0.032635	515331619.636960
2020-04-13	0.045865	0.002010	0.046836	-0.045334	0.045865	459561236.149717
2020-04-12	0.041351	0.000565	0.068160	-0.005415	0.041351	414752931.967452
2020-04-11	0.004845	0.000000	0.023993	-0.009079	0.004845	364313702.121212
2020-04-10	-0.087958	-0.000158	0.003017	-0.097588	-0.087958	394331907.027145
2020-04-09	0.000434	0.000740	0.008552	-0.019379	0.000434	444821352.937421
2020-04-08	0.025510	0.000902	0.039557	-0.008129	0.025510	434986928.141879
2020-04-07	-0.026714	-0.000903	0.024294	-0.047169	-0.026714	452816635.196521
2020-04-06	0.098325	-0.000225	0.100698	-0.002943	0.098325	491814165.738049
2020-04-05	-0.006540	-0.000621	0.010333	-0.025605	-0.006540	398954313.179503
2020-04-04	0.033764	0.000000	0.047678	-0.011236	0.033764	416644564.975258
2020-04-03	0.023447	-0.001409	0.038167	-0.004897	0.023447	406426750.854013
2020-04-02	0.025510	-0.001298	0.063124	-0.010560	0.025510	398592822.392326
2020-04-01	0.012717	0.000000	0.012717	-0.041629	0.012717	332222983.282790
2020-03-31	0.023990	-0.000344	0.036894	-0.004494	0.023990	372566080.401438
2020-03-30	0.073910	-0.001646	0.081733	-0.008483	0.073910	305631179.734001
2020-03-29	-0.061665	-0.000396	0.007181	-0.066037	-0.061665	218854042.220367
2020-03-28	-0.026362	0.000844	0.000849	-0.056550	-0.026362	256061862.356324
2020-03-27	-0.052532	0.000296	0.004711	-0.053725	-0.052532	263730266.202090
2020-03-26	0.072484	0.000124	0.072484	-0.005126	0.072484	299218749.160978
2020-03-25	-0.006203	0.000207	0.018488	-0.022717	-0.006203	288895593.269643
2020-03-24	0.023396	-0.000109	0.037441	-0.022017	0.023396	333522129.346728
2020-03-23	0.085989	0.000000	0.086719	-0.020833	0.085989	359015601.233268
2020-03-22	-0.074620	0.001886	0.027737	-0.076233	-0.074620	308670064.314065
2020-03-21	0.015336	0.002117	0.036802	-0.044414	0.015336	386174572.469907
2020-03-20	-0.032882	0.000064	0.109425	-0.125480	-0.032882	433929424.618848
2020-03-19	0.213507	-0.000073	0.245320	-0.000073	0.213507	407534104.322684
2020-03-18	0.004164	-0.004068	0.015767	-0.031452	0.004164	264539835.459866
2020-03-17	0.073633	-0.002198	0.113131	-0.002198	0.073633	288591005.034313
2020-03-16	-0.100610	-0.000972	-0.000972	-0.168581	-0.100610	314940366.455292
2020-03-15	0.029147	-0.000768	0.101962	-0.012173	0.029147	336142093.327565
2020-03-14	-0.063935	0.000180	0.041883	-0.079969	-0.063935	301943025.773970
2020-03-13	0.128424	-0.008255	0.182181	-0.274659	0.128424	681143271.610468
2020-03-12	-0.419046	0.000089	0.002024	-0.423923	-0.419046	444641539.511617
2020-03-11	-0.020789	0.000500	0.013240	-0.077370	-0.020789	288383091.099181
2020-03-10	0.018401	0.000648	0.052561	-0.007965	0.018401	360300205.641598
2020-03-09	-0.023761	0.000245	0.028506	-0.074047	-0.023761	417649798.171896
2020-03-08	-0.158849	0.001610	0.005291	-0.159748	-0.158849	365362954.578780
2020-03-07	-0.052086	-0.000294	0.006532	-0.067399	-0.052086	337204406.920804
2020-03-06	0.023380	0.001202	0.043248	-0.000874	0.023380	449180748.559559
2020-03-05	0.042228	0.000164	0.075554	-0.000173	0.042228	424802924.916350
2020-03-04	0.016397	0.001339	0.030135	-0.002278	0.016397	363898093.276832
2020-03-03	-0.008927	-0.001334	0.027532	-0.023721	-0.008927	355662760.137996
2020-03-02	0.044867	0.003935	0.057519	-0.009567	0.044867	428747453.423820
2020-03-01	-0.031702	-0.000484	0.024021	-0.055160	-0.031702	380913102.209711
2020-02-29	0.038677	0.004922	0.070432	0.001111	0.038677	584219366.004832
2020-02-28	-0.014001	-0.002595	0.031217	-0.053728	-0.014001	461435237.346855
2020-02-27	0.017205	-0.000573	0.043402	-0.051863	0.017205	406092295.937639
2020-02-26	-0.075868	0.000853	0.008718	-0.108384	-0.075868	443909389.927255
2020-02-25	-0.077193	0.004556	0.004556	-0.083597	-0.077193	356163892.630150
2020-02-24	-0.034375	-0.000173	0.018249	-0.053519	-0.034375	357640679.532657
2020-02-23	0.039165	0.000433	0.045562	0.000433	0.039165	439036992.989724
2020-02-22	-0.009754	0.000355	0.006032	-0.023038	-0.009754	328794301.975619
2020-02-21	-0.001992	-0.001597	0.023660	-0.015976	-0.001992	396181351.719995
2020-02-20	-0.004673	0.000738	0.014859	-0.045350	-0.004673	358656849.971003
2020-02-19	-0.071687	0.000690	0.011378	-0.076608	-0.071687	298250332.251055
2020-02-18	0.021519	-0.001265	0.031731	-0.027731	0.021519	392689678.470072
2020-02-17	0.003622	-0.001896	0.003622	-0.075683	0.003622	418783807.665723
2020-02-16	-0.028293	0.003246	0.044003	-0.084164	-0.028293	471225913.479224
2020-02-15	-0.081656	0.000134	0.005375	-0.098514	-0.081656	454859712.828057
2020-02-14	0.033681	-0.000222	0.040484	-0.011207	0.033681	471534694.210890
2020-02-13	-0.038791	-0.000123	0.024585	-0.064669	-0.038791	463998187.256316
2020-02-12	0.032350	0.000765	0.048490	-0.008509	0.032350	492328618.325177
2020-02-11	0.016618	0.001717	0.019208	-0.040548	0.016618	567226060.421795
2020-02-10	0.037425	0.001403	0.061897	-0.031269	0.037425	730144277.664170
2020-02-09	0.115972	-0.001155	0.115972	-0.001535	0.115972	523664695.124419
2020-02-08	-0.012684	-0.000194	0.004671	-0.049149	-0.012684	376067881.285456
2020-02-07	0.071230	-0.000591	0.091504	-0.006196	0.071230	485529457.397133
2020-02-06	0.071830	0.000729	0.082105	-0.007179	0.071830	394704715.858322
2020-02-05	0.057086	0.000987	0.067655	-0.000374	0.057086	301486499.320370
2020-02-04	-0.015457	0.000183	0.007195	-0.030218	-0.015457	213533736.598795
2020-02-03	0.000790	0.000135	0.018402	-0.011960	0.000790	227749149.597923
2020-02-02	0.012617	-0.000865	0.030241	-0.017632	0.012617	256209045.263373
2020-02-01	0.000403	-0.000449	0.019723	-0.007906	0.000403	238461925.144229
2020-01-31	-0.020410	-0.000006	0.013478	-0.039582	-0.020410	245035922.088700
2020-01-30	0.037830	0.000413	0.044128	-0.010171	0.037830	264686498.357573
2020-01-29	-0.011171	-0.002699	0.017582	-0.012773	-0.011171	221674738.869375
2020-01-28	0.023955	-0.000442	0.023955	-0.010818	0.023955	257579474.960569
2020-01-27	0.014491	0.000262	0.026176	-0.009109	0.014491	227584506.063005
2020-01-26	0.027246	-0.000163	0.030538	-0.006027	0.027246	248646035.936405
2020-01-25	-0.004183	0.000117	0.003614	-0.026055	-0.004183	208315918.947680
2020-01-24	0.001528	0.000582	0.021951	-0.031237	0.001528	213341614.524531
2020-01-23	-0.043653	0.000730	0.001048	-0.056797	-0.043653	221009513.235231
2020-01-22	-0.018166	-0.000189	0.012470	-0.029175	-0.018166	237634401.457086
2020-01-21	0.046313	0.000139	0.047411	-0.009008	0.046313	295922233.239471
2020-01-20	-0.002532	0.001340	0.010621	-0.029065	-0.002532	245125918.586327
2020-01-19	-0.025509	0.000397	0.034439	-0.055142	-0.025509	266285620.843531
2020-01-18	-0.017164	-0.000306	0.009886	-0.031984	-0.017164	257317647.430094
2020-01-17	0.061970	0.002099	0.075241	0.000702	0.061970	347229168.494848
2020-01-16	-0.032731	-0.000476	0.000339	-0.068818	-0.032731	260423403.859736
2020-01-15	0.061872	-0.001339	0.088424	-0.013936	0.061872	380806616.277244
2020-01-14	0.091865	-0.000787	0.102670	-0.002159	0.091865	299316969.410413
2020-01-13	-0.006188	0.000012	0.002174	-0.021594	-0.006188	211785744.130237
2020-01-12	0.025140	-0.000008	0.035178	-0.005114	0.025140	231150157.902352
2020-01-11	-0.005291	-0.000322	0.014935	-0.016395	-0.005291	201663502.561329
2020-01-10	0.036384	-0.001373	0.036513	-0.021811	0.036384	200173072.324779
2020-01-09	-0.007164	-0.000940	0.000558	-0.020377	-0.007164	169699829.321124
2020-01-08	-0.027071	0.000867	0.015522	-0.044726	-0.027071	183632221.905469
2020-01-07	0.003439	0.000562	0.011865	-0.026034	0.003439	191948559.800210
2020-01-06	0.060009	0.000016	0.063252	0.000016	0.060009	224800409.035682
2020-01-05	0.015802	-0.000228	0.037382	-0.000357	0.015802	202552703.061158
2020-01-04	0.016914	0.000512	0.019140	-0.007353	0.016914	182230373.652920
2020-01-03	0.048625	0.000639	0.056552	-0.001103	0.048625	173683856.862963
2020-01-02	-0.048365	0.000661	0.001933	-0.051071	-0.048365	156376427.464497
2020-01-01	-0.002809	0.000242	0.010658	-0.005296	-0.002809	172980717.815414
2019-12-31	-0.015759	0.000333	0.010603	-0.021420	-0.015759	166278253.934626
2019-12-30	-0.014318	0.000360	0.022656	-0.015949	-0.014318	187275635.481758
2019-12-29	0.032442	-0.000626	0.037957	-0.004311	0.032442	225354585.041786
2019-12-28	0.025646	-0.000697	0.032240	-0.002079	0.025646	197525901.324840
2019-12-27	0.011665	0.000000	0.017499	-0.006481	0.011665	164413385.212614
2019-12-26	0.002565	0.000149	0.026499	-0.001374	0.002565	157660620.098206
2019-12-25	-0.020063	0.001077	0.002348	-0.028222	-0.020063	152718120.499486
2019-12-24	0.005650	0.000924	0.029865	-0.003207	0.005650	177372408.953351
2019-12-23	-0.033742	-0.001835	0.011799	-0.038319	-0.033742	159105886.684980
2019-12-22	0.034021	0.000717	0.035216	-0.000921	0.034021	204111889.991505
2019-12-21	-0.014010	-0.000198	0.000918	-0.017816	-0.014010	192827533.491566
2019-12-20	0.009297	0.001020	0.010974	-0.015943	0.009297	203861104.774088
2019-12-19	-0.006611	0.002435	0.018440	-0.042046	-0.006611	174965244.925786
2019-12-18	0.092704	-0.000423	0.098458	-0.008086	0.092704	234697405.405284
2019-12-17	-0.086427	-0.000244	0.001413	-0.101414	-0.086427	186995962.282586
2019-12-16	-0.064295	-0.000118	0.002426	-0.071205	-0.064295	178952097.044226
2019-12-15	-0.001004	0.000515	0.004457	-0.021787	-0.001004	167670329.310599
2019-12-14	-0.025118	0.000302	0.008978	-0.034103	-0.025118	173092732.735143
2019-12-13	0.004088	-0.000061	0.011941	-0.005257	0.004088	177476226.733502
2019-12-12	-0.000431	-0.000332	0.004793	-0.018023	-0.000431	165964329.866823
2019-12-11	-0.008979	-0.000758	0.010861	-0.016615	-0.008979	170909630.616576
2019-12-10	-0.031697	-0.000628	0.001399	-0.043213	-0.031697	192615786.652740
2019-12-09	-0.014417	-0.000536	0.011368	-0.020688	-0.014417	209955475.992357
2019-12-08	0.000475	-0.000272	0.011766	-0.010069	0.000475	223721642.863020
2019-12-07	-0.002814	-0.000440	0.008738	-0.005016	-0.002814	242693199.250099
2019-12-06	-0.003270	0.000277	0.005969	-0.019556	-0.003270	236694081.503565
2019-12-05	0.031601	-0.001293	0.052212	-0.021635	0.031601	255410907.609359
2019-12-04	-0.001932	0.002539	0.024888	-0.019587	-0.001932	237605470.973452
2019-12-03	0.007747	0.000000	0.023784	-0.009425	0.007747	219927265.635737
2019-12-02	-0.019648	0.000841	0.013606	-0.022185	-0.019648	200809248.914101
2019-12-01	-0.013974	0.001733	0.001733	-0.042105	-0.013974	203268416.699373
2019-11-30	-0.034250	-0.000603	0.005985	-0.045114	-0.034250	213428130.944739
2019-11-29	0.037626	-0.000328	0.041924	-0.002376	0.037626	250074234.656561
2019-11-28	-0.025784	-0.000144	0.008097	-0.027930	-0.025784	194516396.384825
2019-11-27	0.036776	-0.002319	0.043020	-0.037616	0.036776	255021617.805261
2019-11-26	0.017023	0.000338	0.038897	-0.002763	0.017023	205893350.625294
2019-11-25	-0.000746	0.000442	0.029879	-0.070910	-0.000746	242510343.413494
2019-11-24	-0.069474	-0.001267	0.004374	-0.069474	-0.069474	232363837.131102
2019-11-23	0.053768	-0.000030	0.056764	-0.027610	0.053768	255961051.711990
2019-11-22	-0.074733	0.000041	0.025532	-0.127727	-0.074733	341456273.632790
2019-11-21	-0.073302	-0.000527	0.000845	-0.085396	-0.073302	228429805.918406
2019-11-20	-0.028392	0.000216	0.011966	-0.045530	-0.028392	210091849.423593
2019-11-19	-0.031763	-0.000259	0.016382	-0.048751	-0.031763	206923365.953333
2019-11-18	-0.046589	0.004087	0.008458	-0.065347	-0.046589	224380017.116849
2019-11-17	-0.001078	-0.000282	0.016638	-0.012433	-0.001078	224982344.147059
2019-11-16	-0.001653	0.000058	0.015648	-0.011033	-0.001653	211016745.833853
2019-11-15	-0.044603	-0.001081	0.001424	-0.051108	-0.044603	225530774.746166
2019-11-14	0.000671	0.001455	0.012339	-0.013009	0.000671	237992230.454588
2019-11-13	0.018841	0.000526	0.037314	-0.007237	0.018841	252296146.076962
2019-11-12	0.035976	0.000387	0.036222	-0.001906	0.035976	227650068.377054
2019-11-11	-0.017021	-0.000093	0.007966	-0.027637	-0.017021	209454453.831367
2019-11-10	0.037816	-0.000142	0.045389	-0.000404	0.037816	239714467.990538
2019-11-09	0.002269	-0.000610	0.014921	-0.004588	0.002269	176812608.116224
2019-11-08	-0.046310	0.002232	0.002232	-0.056769	-0.046310	184596047.034922
2019-11-07	-0.008213	-0.000141	0.006798	-0.027395	-0.008213	222003635.523212
2019-11-06	0.004499	-0.000373	0.009199	-0.021447	0.004499	241489967.594458
2019-11-05	-0.000642	0.000168	0.008877	-0.013984	-0.000642	263685442.312923
2019-11-04	0.026326	0.001010	0.035116	-0.001085	0.026326	296502530.353893
2019-11-03	-0.003007	0.000136	0.008173	-0.018659	-0.003007	257571665.600612
2019-11-02	0.012261	-0.000100	0.018839	-0.008042	0.012261	273890077.741824
2019-11-01	0.001063	-0.000306	0.003104	-0.011036	0.001063	198377285.262466
2019-10-31	-0.004317	0.000615	0.015400	-0.027425	-0.004317	250225840.323147
2019-10-30	-0.019053	0.000776	0.005145	-0.060906	-0.019053	250293831.995505
2019-10-29	0.036379	0.002800	0.058682	-0.002939	0.036379	317609149.391017
2019-10-28	0.021332	-0.000372	0.080540	-0.001745	0.021332	337867337.324195
2019-10-27	0.024137	-0.000020	0.036870	-0.016726	0.024137	292948855.006389
2019-10-26	0.014699	0.000702	0.062642	-0.023349	0.014699	292124011.885594
2019-10-25	0.102091	0.010698	0.119425	-0.024392	0.102091	344418867.739034
2019-10-24	0.010795	0.000054	0.027078	-0.013233	0.010795	200253301.438332
2019-10-23	-0.081582	0.000166	0.005776	-0.097354	-0.081582	201092098.187000
2019-10-22	-0.006006	-0.000420	0.027082	-0.007292	-0.006006	234929207.459521
2019-10-21	-0.007179	0.001355	0.004158	-0.020651	-0.007179	188130462.695828
2019-10-20	0.008168	0.000344	0.015299	-0.022222	0.008168	225458859.052731
2019-10-19	0.001882	-0.000052	0.014233	-0.015452	0.001882	211728667.743186
2019-10-18	-0.017021	0.000308	0.009648	-0.040821	-0.017021	208244557.490046
2019-10-17	0.040931	0.000036	0.051801	-0.007481	0.040931	250474297.851072
2019-10-16	-0.037995	-0.001494	0.003139	-0.055048	-0.037995	229668087.476432
2019-10-15	0.004614	-0.001820	0.037383	-0.013992	0.004614	325479444.481507
2019-10-14	0.008273	0.000000	0.017147	-0.019387	0.008273	246674813.755181
2019-10-13	0.059620	-0.001229	0.086061	-0.005664	0.059620	275090600.050140
2019-10-12	0.034015	0.000278	0.048032	-0.001127	0.034015	228500830.790297
2019-10-11	-0.049036	-0.000118	0.003124	-0.049036	-0.049036	194750429.964831
2019-10-10	-0.013221	-0.000142	0.007827	-0.038245	-0.013221	236960466.543675
2019-10-09	0.105436	0.000162	0.115317	-0.006133	0.105436	295619362.694144
2019-10-08	-0.001621	0.000299	0.013122	-0.015201	-0.001621	135346905.409245
2019-10-07	0.051167	-0.000638	0.055043	-0.010291	0.051167	147393768.387849
2019-10-06	-0.023824	-0.000098	0.001681	-0.029334	-0.023824	116659102.834469
2019-10-05	-0.002002	-0.000329	0.003076	-0.018097	-0.002002	123665931.957942
2019-10-04	0.001803	-0.000129	0.011271	-0.014383	0.001803	121510967.782493
2019-10-03	-0.013999	-0.000209	0.003498	-0.032497	-0.013999	117720712.106259
2019-10-02	0.002945	0.000405	0.004274	-0.014561	0.002945	106103588.056606
2019-10-01	0.002555	0.001266	0.027191	-0.005060	0.002555	125165660.974067
2019-09-30	0.036431	0.000494	0.037146	-0.028684	0.036431	124329060.148943
2019-09-29	-0.034465	0.000176	0.004257	-0.044730	-0.034465	109712932.414879
2019-09-28	0.003873	0.000083	0.010464	-0.014382	0.003873	123900186.657813
2019-09-27	0.021375	-0.000154	0.023585	-0.034125	0.021375	139548409.969464
2019-09-26	-0.049117	0.000019	0.020218	-0.087161	-0.049117	157594803.172618
2019-09-25	0.011867	-0.000530	0.032951	-0.053728	0.011867	179697116.928357
2019-09-24	-0.175402	-0.000407	0.007276	-0.179744	-0.175402	229488109.291864
2019-09-23	-0.050673	0.000053	0.000053	-0.051237	-0.050673	146934616.203566
2019-09-22	-0.026402	0.000510	0.000579	-0.039232	-0.026402	153747683.909796
2019-09-21	-0.013536	0.000421	0.007917	-0.017840	-0.013536	175114438.362468
2019-09-20	-0.011248	0.000815	0.001167	-0.024072	-0.011248	198988736.860019
2019-09-19	-0.028795	-0.000599	0.010482	-0.072872	-0.028795	249524457.653036
2019-09-18	0.059512	0.000045	0.090285	0.000000	0.059512	369440813.873056
2019-09-17	0.029750	0.000253	0.047009	-0.005996	0.029750	209209107.729828
2019-09-16	-0.009730	0.000026	0.018146	-0.019140	-0.009730	143466438.333428
2019-09-15	-0.022430	0.000077	0.002941	-0.022430	-0.022430	151856190.119737
2019-09-14	0.008815	0.000503	0.014974	-0.000200	0.008815	163028905.976845
2019-09-13	-0.001664	0.000593	0.018543	-0.013467	-0.001664	171327680.356184
2019-09-12	0.001098	-0.000339	0.006470	-0.044857	0.001098	202313590.526038
2019-09-11	-0.046178	0.000121	0.005840	-0.052278	-0.046178	147044918.644247
2019-09-10	-0.016882	-0.000064	0.005604	-0.029423	-0.016882	139754245.774994
2019-09-09	-0.012158	0.000325	0.003946	-0.025775	-0.012158	155543677.743992
2019-09-08	0.000564	0.000895	0.012271	-0.007598	0.000564	175027324.312511
2019-09-07	0.017868	-0.000378	0.023351	-0.003576	0.017868	203280778.120102
2019-09-06	-0.026710	0.000000	0.029040	-0.041369	-0.026710	240129732.731873
2019-09-05	0.044264	0.000902	0.079780	-0.010241	0.044264	259054352.977258
2019-09-04	-0.031901	0.000570	0.007001	-0.037397	-0.031901	148909990.714163
2019-09-03	-0.011095	-0.000280	0.007116	-0.017643	-0.011095	181166380.853295
2019-09-02	0.055565	0.000000	0.061036	-0.016920	0.055565	237417710.159894
2019-09-01	0.014237	-0.000338	0.024340	-0.004448	0.014237	173772204.733842
2019-08-31	-0.042889	-0.000309	0.009982	-0.046292	-0.042889	167589166.349167
2019-08-30	0.015041	0.000000	0.033368	-0.011292	0.015041	196253457.258554
2019-08-29	-0.076500	-0.000642	-0.000642	-0.079284	-0.076500	200824072.673169
2019-08-28	-0.077314	0.000332	0.012793	-0.077855	-0.077314	206092745.457574
2019-08-27	-0.016062	0.000597	0.001453	-0.038807	-0.016062	196715448.896004
2019-08-26	-0.000900	0.000386	0.036110	-0.010467	-0.000900	277691463.043797
2019-08-25	-0.013731	-0.000340	0.001349	-0.023439	-0.013731	165296407.736633
2019-08-24	-0.024838	-0.000261	-0.000261	-0.034444	-0.024838	164452279.149046
2019-08-23	0.003003	0.000000	0.011115	-0.008725	0.003003	195437616.032503
2019-08-22	0.003537	0.000000	0.016729	-0.020905	0.003537	193368565.681239
2019-08-21	-0.041671	-0.000046	-0.000046	-0.055887	-0.041671	198468093.115473
2019-08-20	-0.022268	0.000203	0.000203	-0.026098	-0.022268	209875661.332896
2019-08-19	0.031381	0.000459	0.040242	-0.004092	0.031381	259250526.649058
2019-08-18	0.016445	0.000513	0.022546	-0.010910	0.016445	229491438.102577
2019-08-17	-0.005934	0.000273	0.010659	-0.018334	-0.005934	196083314.296008
2019-08-16	-0.014223	0.000554	0.001400	-0.040872	-0.014223	203654964.827811
2019-08-15	0.034600	-0.000339	0.039460	-0.015040	0.034600	248072109.259164
2019-08-14	-0.080115	-0.000161	0.000178	-0.080280	-0.080115	227534067.225223
2019-08-13	-0.023224	0.000038	0.006279	-0.029618	-0.023224	241841209.359381
2019-08-12	0.003647	0.000838	0.013962	-0.006995	0.003647	278357603.386958
2019-08-11	0.012647	0.000063	0.020639	-0.005736	0.012647	263951564.724794
2019-08-10	-0.009332	-0.000585	0.002891	-0.026517	-0.009332	248736115.313822
2019-08-09	-0.028261	0.001121	0.011196	-0.029846	-0.028261	222912267.712262
2019-08-08	0.050366	0.000473	0.066336	-0.010886	0.050366	404379078.791260
2019-08-07	0.062098	0.000040	0.071197	-0.007185	0.062098	314659493.385889
2019-08-06	-0.013344	0.001099	0.014898	-0.023639	-0.013344	192614971.271903
2019-08-05	0.016538	-0.000498	0.028246	-0.002204	0.016538	183750146.436528
2019-08-04	-0.011965	-0.000255	0.006550	-0.019006	-0.011965	136844756.443837
2019-08-03	-0.005301	0.001640	0.013792	-0.010630	-0.005301	153702444.679710
2019-08-02	-0.025537	0.000276	0.000276	-0.033226	-0.025537	197026849.117114
2019-08-01	0.040830	-0.000809	0.042671	-0.002540	0.040830	287326494.171320
2019-07-31	0.026065	0.000746	0.030285	-0.000172	0.026065	202950575.529198
2019-07-30	-0.009593	0.000777	0.001054	-0.022450	-0.009593	148410034.783667
2019-07-29	-0.022701	-0.000828	0.001453	-0.028669	-0.022701	146207596.625226
2019-07-28	-0.001809	0.000501	0.001626	-0.032853	-0.001809	163990878.122091
2019-07-27	-0.037736	0.000000	0.013090	-0.048301	-0.037736	191655092.680257
2019-07-26	-0.000801	-0.000306	0.005207	-0.015803	-0.000801	231263488.805727
2019-07-25	-0.005530	-0.001154	0.013162	-0.015996	-0.005530	248126220.115880
2019-07-24	-0.014246	-0.000332	0.001593	-0.046442	-0.014246	265315497.081669
2019-07-23	-0.034255	0.000255	0.004190	-0.044876	-0.034255	324109274.073491
2019-07-22	0.003770	0.000590	0.051976	-0.023186	0.003770	416965642.046973
2019-07-21	-0.011425	0.001649	0.014245	-0.039892	-0.011425	285097789.558099
2019-07-20	0.061690	0.000250	0.072461	-0.000440	0.061690	367891866.171975
2019-07-19	0.005379	0.000000	0.029606	-0.017212	0.005379	483963124.273736
2019-07-18	0.062573	0.001401	0.071257	-0.010379	0.062573	711895798.777453
2019-07-17	0.066389	-0.000227	0.094930	-0.024343	0.066389	572389804.691547
2019-07-16	-0.101025	-0.000569	0.031814	-0.101978	-0.101025	439515317.834761
2019-07-15	-0.018353	0.000240	0.002867	-0.057954	-0.018353	384045963.649502
2019-07-14	-0.081971	0.001264	0.004505	-0.084275	-0.081971	299523498.995713
2019-07-13	-0.005913	0.000510	0.022065	-0.037421	-0.005913	273938893.876237
2019-07-12	0.069238	0.000383	0.086746	-0.010158	0.069238	417842729.734037
2019-07-11	-0.058309	0.000845	0.010235	-0.081466	-0.058309	251161945.761065
2019-07-10	-0.037614	-0.000137	0.008174	-0.053527	-0.037614	270511686.840900
2019-07-09	-0.022768	0.000048	0.014390	-0.027980	-0.022768	210904381.881834
2019-07-08	0.006878	0.000675	0.030362	-0.004314	0.006878	257698794.672518
2019-07-07	0.021829	-0.000286	0.029572	-0.002468	0.021829	198859380.611132
2019-07-06	-0.005570	-0.000056	0.018527	-0.007145	-0.005570	187247411.417317
2019-07-05	-0.005477	0.003221	0.022720	-0.013621	-0.005477	232575483.681351
2019-07-04	0.006913	0.000723	0.050375	-0.008926	0.006913	348186707.345526
2019-07-03	0.020565	0.000778	0.033677	-0.006571	0.020565	248895676.494604
2019-07-02	-0.027734	0.000065	0.016357	-0.062100	-0.027734	348029976.710554
2019-07-01	0.014790	0.000000	0.045976	-0.023220	0.014790	290190904.198630
2019-06-30	-0.082512	0.001097	0.001097	-0.082512	-0.082512	286632252.042477
2019-06-29	0.023455	0.001072	0.028324	-0.036631	0.023455	369705514.244166
2019-06-28	0.021469	0.001236	0.028118	-0.013253	0.021469	337534352.217485
2019-06-27	-0.052516	0.000790	0.003611	-0.082218	-0.052516	375392571.861611
2019-06-26	-0.008609	0.000000	0.047877	-0.046118	-0.008609	444226051.508461
2019-06-25	-0.038077	-0.001084	-0.001084	-0.044480	-0.038077	293163090.229489
2019-06-24	0.008049	0.000000	0.013290	-0.032058	0.008049	329001837.762342
2019-06-23	-0.017594	0.000857	0.014245	-0.020399	-0.017594	369969675.045698
2019-06-22	-0.026179	-0.000092	0.019338	-0.032752	-0.026179	428828573.290895
2019-06-21	0.056904	-0.000897	0.059049	-0.010645	0.056904	438604247.322087
2019-06-20	0.040776	0.000471	0.048135	-0.021944	0.040776	636578809.026715
2019-06-19	0.027598	0.000662	0.038936	0.000662	0.027598	509791357.894875
2019-06-18	0.012431	0.000290	0.035049	-0.001173	0.012431	484975596.088597
2019-06-17	0.046760	-0.000412	0.055397	-0.000655	0.046760	439337219.709974
2019-06-16	-0.012890	0.000000	0.016732	-0.021604	-0.012890	389404410.173926
2019-06-15	-0.007574	-0.000525	0.026788	-0.021432	-0.007574	489033316.319685
2019-06-14	-0.058810	-0.000347	0.003531	-0.119525	-0.058810	737850144.946021
2019-06-13	0.013168	-0.002453	0.037853	-0.009712	0.013168	512885461.842924
2019-06-12	0.075125	0.000831	0.077577	-0.002361	0.075125	547786334.904137
2019-06-11	0.006173	0.000232	0.008079	-0.020874	0.006173	393897650.592096
2019-06-10	0.049297	-0.000393	0.051478	-0.012162	0.049297	459590415.741510
2019-06-09	-0.047029	-0.000101	0.002603	-0.049081	-0.047029	336574886.831722
2019-06-08	0.015159	0.000593	0.022139	-0.004931	0.015159	428041267.752375
2019-06-07	0.003411	-0.000250	0.022374	-0.004570	0.003411	342881981.020448
2019-06-06	0.015282	-0.000446	0.035944	-0.025332	0.015282	416584077.646109
2019-06-05	0.055330	0.001174	0.061403	-0.004110	0.055330	464095694.205640
2019-06-04	-0.064072	-0.000496	0.000841	-0.070347	-0.064072	421064885.640852
2019-06-03	-0.053720	0.000412	0.000703	-0.059603	-0.053720	417996141.091913
2019-06-02	0.004859	0.000000	0.022708	-0.011730	0.004859	461362657.896376
2019-06-01	0.008107	-0.000016	0.030939	-0.006486	0.008107	572703757.065764
2019-05-31	0.014156	0.000000	0.014290	-0.028099	0.014156	503989733.973935
2019-05-30	-0.043068	0.001056	0.052161	-0.066964	-0.043068	517229670.696322
2019-05-29	0.011493	-0.000420	0.015633	-0.043527	0.011493	564894524.043637
2019-05-28	-0.009493	0.000959	0.028478	-0.023419	-0.009493	516116377.122933
2019-05-27	-0.012437	-0.001334	0.034811	-0.024345	-0.012437	598117910.916005
2019-05-26	-0.027052	-0.000199	0.000846	-0.052074	-0.027052	611208603.909546
2019-05-25	0.035805	0.000000	0.043872	-0.008357	0.035805	637380073.050374
2019-05-24	0.073794	0.000570	0.089876	-0.007249	0.073794	648459286.900905
2019-05-23	0.002982	-0.001843	0.024825	-0.031045	0.002982	536619660.124322
2019-05-22	-0.018287	0.000669	0.006569	-0.032143	-0.018287	534057314.355761
2019-05-21	0.092201	0.000143	0.106560	-0.032545	0.092201	742382919.699944
2019-05-20	-0.003653	-0.000441	0.000709	-0.046672	-0.003653	457260434.518920
2019-05-19	0.035780	-0.000893	0.053561	-0.043692	0.035780	494423259.630304
2019-05-18	0.105683	0.000000	0.106585	-0.015774	0.105683	470683583.392281
2019-05-17	-0.024434	-0.000293	0.010623	-0.107741	-0.024434	398169923.749466
2019-05-16	-0.021161	-0.003953	0.028017	-0.053732	-0.021161	368906500.076770
2019-05-15	0.138342	0.000863	0.148736	-0.000817	0.138342	357899657.117102
2019-05-14	-0.007753	0.003133	0.028280	-0.036767	-0.007753	328207184.754689
2019-05-13	0.143096	0.000000	0.177397	-0.003733	0.143096	404049209.546430
2019-05-12	-0.010411	0.001415	0.019757	-0.034133	-0.010411	239206083.654567
2019-05-11	0.074055	0.000000	0.119253	-0.026207	0.074055	298063616.483698
2019-05-10	0.040883	-0.001544	0.062804	-0.019187	0.040883	209097573.413064
2019-05-09	-0.092726	0.000000	0.006781	-0.100825	-0.092726	204395708.735431
2019-05-08	-0.005344	-0.004075	0.023341	-0.051111	-0.005344	247852848.961316
2019-05-07	-0.060453	-0.000936	0.011937	-0.069560	-0.060453	171922295.104669
2019-05-06	-0.035331	-0.000115	-0.000115	-0.060837	-0.035331	175856219.698269
2019-05-05	0.005904	0.000383	0.009041	-0.010540	0.005904	171107465.908188
2019-05-04	-0.036413	0.000000	0.000718	-0.050689	-0.036413	193177736.349897
2019-05-03	0.006684	-0.000399	0.014353	-0.019558	0.006684	218859578.877593
2019-05-02	0.074626	0.000035	0.091533	-0.005429	0.074626	228233321.221556
2019-05-01	-0.007873	0.000313	0.004019	-0.022211	-0.007873	180070220.886965
2019-04-30	0.019478	-0.000106	0.029712	-0.012747	0.019478	190326179.463153
2019-04-29	-0.052153	0.000208	0.001533	-0.069000	-0.052153	201243334.442501
2019-04-28	0.024965	0.000488	0.031052	-0.001791	0.024965	222693167.443364
2019-04-27	-0.023081	-0.000091	0.003572	-0.026700	-0.023081	205615715.995486
2019-04-26	0.028158	0.001901	0.054887	-0.026928	0.028158	253113255.131500
2019-04-25	-0.038305	-0.001167	0.017357	-0.068696	-0.038305	244068801.524477
2019-04-24	0.011051	-0.001231	0.012637	-0.064190	0.011051	259839246.618175
2019-04-23	-0.043159	0.000065	0.035023	-0.050957	-0.043159	264898474.326118
2019-04-22	-0.011810	-0.000283	0.020965	-0.032877	-0.011810	254544860.278210
2019-04-21	-0.032538	-0.000629	-0.000629	-0.088701	-0.032538	281288778.304254
2019-04-20	0.021746	0.001724	0.043233	-0.021058	0.021746	311312465.886944
2019-04-19	0.110570	-0.000546	0.125371	-0.032777	0.110570	397681147.451854
2019-04-18	0.124220	-0.000754	0.126120	-0.003410	0.124220	376729341.033769
2019-04-17	-0.011303	-0.000102	0.003129	-0.020285	-0.011303	186563033.055166
2019-04-16	0.021906	-0.000786	0.023369	-0.031368	0.021906	174830781.520264
2019-04-15	-0.004596	0.000000	0.020722	-0.030942	-0.004596	176699111.389800
2019-04-14	0.041252	-0.000343	0.068804	-0.010009	0.041252	189084742.146684
2019-04-13	0.015489	0.000123	0.015489	-0.015367	0.015489	167393153.999093
2019-04-12	0.041456	-0.000640	0.052733	-0.050356	0.041456	171773153.847245
2019-04-11	-0.030035	0.001616	0.002104	-0.090931	-0.030035	159364357.082269
2019-04-10	-0.010115	-0.000517	0.013718	-0.017238	-0.010115	180291307.290542
2019-04-09	0.017741	0.000000	0.029302	-0.043818	0.017741	203380138.927973
2019-04-08	-0.052148	-0.001633	-0.001031	-0.054263	-0.052148	178255322.131759
2019-04-07	-0.000280	-0.000481	0.008063	-0.010824	-0.000280	149525473.224030
2019-04-06	-0.017366	0.000357	0.001097	-0.028838	-0.017366	155317546.586425
2019-04-05	0.016235	-0.000181	0.020281	-0.010512	0.016235	181774781.044051
2019-04-04	0.020777	-0.000512	0.042249	-0.016286	0.020777	214630296.331579
2019-04-03	-0.052387	0.000505	0.014246	-0.068730	-0.052387	254862222.463284
2019-04-02	0.102464	0.000564	0.109782	-0.014412	0.102464	264406306.462555
2019-04-01	0.031539	0.000515	0.037773	-0.006355	0.031539	202977285.525695
2019-03-31	0.027726	0.000000	0.037569	-0.009436	0.027726	199990282.709426
2019-03-30	0.025564	-0.001087	0.044437	-0.026866	0.025564	182021375.810691
2019-03-29	-0.017565	-0.000161	0.005381	-0.020949	-0.017565	172002337.610460
2019-03-28	0.001429	-0.000254	0.007801	-0.010197	0.001429	189454287.534252
2019-03-27	0.027283	-0.002875	0.037926	-0.017542	0.027283	202275821.646549
2019-03-26	-0.030007	-0.004890	-0.000827	-0.063098	-0.030007	186112031.514564
2019-03-25	-0.025707	-0.002103	0.007571	-0.061848	-0.025707	199413829.850832
2019-03-24	0.134508	0.000337	0.140586	-0.021039	0.134508	314554202.533818
2019-03-23	-0.001993	-0.001088	0.018361	-0.010657	-0.001993	143128548.237189
2019-03-22	0.051595	-0.001535	0.055181	-0.008607	0.051595	149753509.975188
2019-03-21	-0.049910	0.000117	0.011389	-0.061602	-0.049910	152779938.941444
2019-03-20	-0.026353	-0.000090	0.001902	-0.032807	-0.026353	136054764.874674
2019-03-19	0.000739	-0.000397	0.020922	-0.017128	0.000739	216950178.430188
2019-03-18	-0.005021	-0.000390	0.011461	-0.022620	-0.005021	132882166.557863
2019-03-17	-0.022201	-0.001847	-0.001358	-0.027065	-0.022201	131687083.150270
2019-03-16	0.069105	-0.001658	0.071841	-0.003689	0.069105	143423670.384570
2019-03-15	0.001727	-0.001194	0.016419	-0.002787	0.001727	124146333.751455
2019-03-14	-0.004236	0.000274	0.007722	-0.024288	-0.004236	137039682.231416
2019-03-13	-0.018889	0.001392	0.002748	-0.020024	-0.018889	145402738.895646
2019-03-12	0.061437	-0.001273	0.068409	-0.013050	0.061437	169525507.917290
2019-03-11	0.001378	0.000273	0.032621	-0.019114	0.001378	152327295.095577
2019-03-10	-0.004905	0.000070	0.002492	-0.033818	-0.004905	140866074.144436
2019-03-09	0.013847	-0.005731	0.040513	-0.018208	0.013847	160640089.409954
2019-03-08	-0.051430	0.005299	0.011652	-0.091414	-0.051430	227303083.063907
2019-03-07	0.043253	0.000507	0.077642	-0.005080	0.043253	236520320.029738
2019-03-06	0.051114	-0.004466	0.053829	-0.050630	0.051114	191016822.243383
2019-03-05	0.196261	-0.002214	0.198814	-0.002214	0.196261	237026334.928291
2019-03-04	0.000697	0.000010	0.005331	-0.040506	0.000697	89421231.261074
2019-03-03	-0.027957	-0.002059	0.008023	-0.043613	-0.027957	89868245.848818
2019-03-02	0.041826	-0.000748	0.045864	-0.037953	0.041826	120807894.084798
2019-03-01	0.099182	-0.000796	0.119854	-0.003815	0.099182	117838676.983453
2019-02-28	0.047079	0.001569	0.065708	-0.000465	0.047079	100626963.281960
2019-02-27	0.039651	-0.000077	0.062386	-0.009003	0.039651	93800327.810537
2019-02-26	-0.032556	-0.001983	0.003319	-0.039740	-0.032556	88437694.271545
2019-02-25	-0.026805	-0.004699	0.017510	-0.056216	-0.026805	146043497.611509
2019-02-24	-0.062022	0.001492	0.028172	-0.107396	-0.062022	113588898.588421
2019-02-23	-0.005104	-0.001294	0.002644	-0.034931	-0.005104	81628102.339465
2019-02-22	0.032805	-0.004307	0.047364	-0.005651	0.032805	82256314.186384
2019-02-21	-0.043148	0.001800	0.001800	-0.066735	-0.043148	85754656.268651
2019-02-20	0.038150	-0.003830	0.072015	-0.003830	0.038150	118033473.377070
2019-02-19	0.096388	0.002105	0.153136	-0.005551	0.096388	128091178.364974
2019-02-18	0.045398	-0.000110	0.057357	-0.003999	0.045398	79003059.737677
2019-02-17	0.009507	0.000554	0.009849	-0.022906	0.009507	66977126.021681
2019-02-16	-0.015590	0.004712	0.006835	-0.021101	-0.015590	65705039.899672
2019-02-15	0.055999	0.004504	0.082735	-0.000535	0.055999	83961438.194657
2019-02-14	-0.017786	-0.001281	0.014173	-0.053804	-0.017786	72389546.563548
2019-02-13	-0.042894	-0.001451	-0.001451	-0.059145	-0.042894	95068051.860155
2019-02-12	-0.021988	-0.001914	0.020614	-0.059792	-0.021988	123194872.206383
2019-02-11	0.036940	-0.002080	0.066573	-0.006512	0.036940	136029624.461954
2019-02-10	0.038346	-0.001713	0.052521	-0.001713	0.038346	125419865.461606
2019-02-09	0.034492	0.003050	0.041523	-0.012558	0.034492	106420119.014781
2019-02-08	0.109341	0.006519	0.142123	-0.010105	0.109341	103694035.803075
2019-02-07	-0.044007	0.002136	0.042306	-0.047447	-0.044007	86056680.994772
2019-02-06	0.034063	0.005542	0.082701	-0.052939	0.034063	118867600.708144
2019-02-05	0.101304	-0.005617	0.114617	-0.020469	0.101304	96588396.699771
2019-02-04	0.053774	0.004105	0.064649	-0.005084	0.053774	71959989.067945
2019-02-03	-0.022278	-0.000835	0.004203	-0.039164	-0.022278	59942157.910051
2019-02-02	0.050144	-0.001260	0.050144	-0.005729	0.050144	56627089.222875
2019-02-01	0.046931	-0.000685	0.060556	-0.015337	0.046931	56050946.755795
2019-01-31	0.015209	-0.000222	0.025700	-0.023613	0.015209	52240450.571184
2019-01-30	-0.001155	-0.001122	0.006110	-0.020197	-0.001155	41310644.071592
2019-01-29	-0.003950	0.002282	0.017479	-0.023605	-0.003950	49291810.603394
2019-01-28	-0.124435	0.000465	0.014282	-0.138453	-0.124435	82427199.620566
2019-01-27	0.011651	-0.000500	0.034283	-0.020789	0.011651	52872346.683470
2019-01-26	0.039962	0.001928	0.044872	-0.006923	0.039962	48498979.470184
2019-01-25	0.035589	0.001378	0.045070	-0.000043	0.035589	43731935.699525
2019-01-24	-0.005444	-0.001077	0.000055	-0.011528	-0.005444	26614401.104398
2019-01-23	0.002790	0.001123	0.007788	-0.013303	0.002790	33083574.768247
2019-01-22	-0.004551	-0.001494	0.002300	-0.025677	-0.004551	31986616.985785
2019-01-21	0.009109	0.001747	0.013146	-0.011049	0.009109	36321045.921568
2019-01-20	-0.021337	0.001714	0.014274	-0.039111	-0.021337	49479089.800052
2019-01-19	0.011033	0.001076	0.025143	-0.031521	0.011033	46981638.311016
2019-01-18	0.022626	-0.001888	0.042065	-0.012651	0.022626	43105423.470856
2019-01-17	0.037475	-0.002292	0.037475	-0.016841	0.037475	36306127.117663
2019-01-16	0.045103	-0.000485	0.055799	-0.003126	0.045103	35059223.489932
2019-01-15	-0.039004	0.000713	0.000713	-0.055493	-0.039004	25427436.171673
2019-01-14	0.106043	0.001600	0.106043	0.001017	0.106043	43109287.619928
2019-01-13	-0.068297	-0.000342	0.003981	-0.080901	-0.068297	26590183.322368
2019-01-12	-0.016193	0.001875	0.001973	-0.024046	-0.016193	32654873.738427
2019-01-11	0.026948	0.008302	0.054323	-0.012393	0.026948	50239804.351797
2019-01-10	-0.109256	-0.004609	0.006384	-0.126637	-0.109256	75844882.110469
2019-01-09	0.000225	0.002956	0.048949	-0.025025	0.000225	74676973.803375
2019-01-08	0.055416	0.000708	0.098486	-0.008846	0.055416	65660517.487503
2019-01-07	-0.016349	0.005219	0.005239	-0.025648	-0.016349	37914512.994774
2019-01-06	0.054478	0.000430	0.072078	-0.005185	0.054478	41574183.393229
2019-01-05	0.000067	-0.001562	0.022957	-0.005122	0.000067	30340636.629942
2019-01-04	0.027374	-0.001437	0.027503	-0.006745	0.027374	29311135.766801
2019-01-03	-0.046065	-0.002699	-0.002181	-0.046384	-0.046065	22821638.655255
2019-01-02	0.018656	0.002665	0.021826	-0.020784	0.018656	30308610.206369
2019-01-01	-0.014511	0.004331	0.004412	-0.045356	-0.014511	23891161.941139
2018-12-31	0.028190	0.000814	0.055628	-0.003555	0.028190	38216014.491490
2018-12-30	0.028011	0.001754	0.031069	-0.010020	0.028011	21109983.921352
2018-12-29	-0.029856	0.002680	0.013941	-0.029856	-0.029856	20325767.959963
2018-12-28	0.139586	0.002604	0.141182	-0.005706	0.139586	23929897.096889
2018-12-27	-0.076606	0.000719	0.006597	-0.081646	-0.076606	16073454.875662
2018-12-26	0.029838	0.000919	0.039763	-0.003785	0.029838	19526927.094129
2018-12-25	-0.097210	0.007722	0.007722	-0.111788	-0.097210	19913982.619560
2018-12-24	0.014180	0.000805	0.085191	0.000188	0.014180	30471526.344992
2018-12-23	0.021656	0.000141	0.046859	-0.005164	0.021656	29722800.376640
2018-12-22	0.065282	-0.000818	0.069362	-0.011187	0.065282	28188479.450141
2018-12-21	-0.038864	-0.000251	0.013757	-0.059684	-0.038864	24440098.466839
2018-12-20	0.054691	-0.004623	0.078281	-0.021550	0.054691	27976596.576099
2018-12-19	-0.019351	0.000863	0.051857	-0.035596	-0.019351	25173915.876374
2018-12-18	0.095940	0.000586	0.095940	-0.024576	0.095940	26195539.075580
2018-12-17	0.100050	0.001065	0.111165	-0.001910	0.100050	17799304.937278
2018-12-16	0.018025	0.001572	0.035703	-0.004838	0.018025	14565931.978821
2018-12-15	0.006541	0.000270	0.022423	-0.011052	0.006541	12572161.333135
2018-12-14	-0.025232	0.000541	0.021560	-0.040445	-0.025232	13544912.557651
2018-12-13	-0.074144	0.000760	0.000862	-0.086074	-0.074144	14503435.208790
2018-12-12	0.016686	-0.001107	0.048959	-0.023410	0.016686	17783396.967425
2018-12-11	0.048477	-0.001493	0.054574	-0.026377	0.048477	19625570.331859
2018-12-10	-0.030220	-0.001272	0.028108	-0.054695	-0.030220	13851408.295766
2018-12-09	0.033760	0.002982	0.075316	-0.017278	0.033760	17862645.988043
2018-12-08	0.037929	0.000950	0.062657	-0.031971	0.037929	16534322.824053
2018-12-07	-0.085433	-0.006093	0.002578	-0.153830	-0.085433	24895394.671087
2018-12-06	-0.172551	0.004297	0.012542	-0.172551	-0.172551	38404207.419584
2018-12-05	0.017597	0.006814	0.119781	-0.016864	0.017597	61589926.263600
2018-12-04	0.151008	0.000416	0.230598	0.000416	0.151008	39059358.683878
2018-12-03	-0.026887	0.000604	0.005757	-0.047097	-0.026887	12193044.823963
2018-12-02	-0.007243	-0.002944	0.025784	-0.017407	-0.007243	11848312.547030
2018-12-01	0.041380	0.001599	0.067301	-0.013351	0.041380	12291155.179952
2018-11-30	-0.050136	0.004026	0.015882	-0.074049	-0.050136	10699024.341090
2018-11-29	0.001812	0.003113	0.049290	-0.035876	0.001812	13027940.023845
2018-11-28	0.086282	-0.002821	0.114190	-0.002821	0.086282	15392800.000000
2018-11-27	-0.002720	-0.004171	0.003877	-0.049961	-0.002720	9050190.000000
2018-11-26	-0.049054	-0.000247	0.014522	-0.098284	-0.049054	10132300.000000
2018-11-25	0.012766	-0.005918	0.032493	-0.131576	0.012766	12236300.000000
2018-11-24	-0.079560	-0.000103	0.019478	-0.150834	-0.079560	11938900.000000
2018-11-23	-0.034422	-0.003444	0.002908	-0.058563	-0.034422	9943370.000000
2018-11-22	-0.071543	0.001303	0.005790	-0.071543	-0.071543	9885300.000000
2018-11-21	0.076185	0.006618	0.077127	-0.033881	0.076185	14208800.000000
2018-11-20	-0.131464	-0.002966	0.019793	-0.162722	-0.131464	25989200.000000
2018-11-19	-0.170964	-0.000038	0.000790	-0.174405	-0.170964	21567100.000000
2018-11-18	0.036480	0.002630	0.039964	0.001289	0.036480	13784000.000000
2018-11-17	-0.021090	0.001644	0.002324	-0.035230	-0.021090	16973900.000000
2018-11-16	-0.036699	-0.000217	0.003612	-0.047188	-0.036699	18869500.000000
2018-11-15	-0.026424	0.000906	0.006401	-0.078651	-0.026424	19131700.000000
2018-11-14	-0.090978	-0.003162	-0.002264	-0.119831	-0.090978	19518100.000000
2018-11-13	-0.012051	0.001028	0.011445	-0.018798	-0.012051	17068400.000000
2018-11-12	-0.011069	0.002110	0.005511	-0.020244	-0.011069	19452700.000000
2018-11-11	-0.009576	0.000929	0.002318	-0.021452	-0.009576	18889600.000000
2018-11-10	0.000347	-0.000764	0.008645	-0.004327	0.000347	18550600.000000
2018-11-09	-0.010025	-0.001000	0.001651	-0.016834	-0.010025	18859800.000000
2018-11-08	-0.016908	-0.000479	0.001788	-0.020400	-0.016908	21877100.000000
2018-11-07	0.003693	0.002189	0.010538	-0.000797	0.003693	23433700.000000
2018-11-06	0.011197	0.003738	0.011298	-0.005804	0.011197	24810200.000000
2018-11-05	0.004671	-0.003974	0.014451	-0.004998	0.004671	21103300.000000
2018-11-04	0.010213	0.000179	0.021592	-0.003953	0.010213	24079700.000000
2018-11-03	-0.004478	0.001270	0.005752	-0.008640	-0.004478	19663500.000000
2018-11-02	0.002499	-0.001938	0.005988	-0.007592	0.002499	21304800.000000
2018-11-01	0.019675	0.000678	0.027816	-0.002644	0.019675	19690100.000000
2018-10-31	-0.002352	0.001457	0.003396	-0.008453	-0.002352	21398200.000000
2018-10-30	-0.001657	0.000213	0.007047	-0.005363	-0.001657	24305700.000000
2018-10-29	-0.027328	-0.002783	0.001515	-0.033356	-0.027328	24583200.000000
2018-10-28	0.001278	0.002065	0.006184	-0.006211	0.001278	24760500.000000
2018-10-27	-0.004971	-0.000114	0.003150	-0.007026	-0.004971	22943000.000000
2018-10-26	0.001073	-0.001725	0.004085	-0.007338	0.001073	24495800.000000
2018-10-25	-0.005443	-0.001193	0.000702	-0.010399	-0.005443	25207400.000000
2018-10-24	-0.005892	-0.002119	0.001856	-0.009266	-0.005892	26652600.000000
2018-10-23	0.007837	-0.002477	0.013932	-0.005225	0.007837	30852200.000000
2018-10-22	-0.001688	-0.002247	0.010260	-0.009474	-0.001688	27599800.000000
2018-10-21	-0.001161	0.000318	0.011564	-0.007199	-0.001161	25790200.000000
2018-10-20	-0.001241	-0.000970	0.002348	-0.008752	-0.001241	23972200.000000
2018-10-19	0.005163	0.000112	0.007571	-0.008762	0.005163	24658400.000000
2018-10-18	-0.018970	0.002077	0.005511	-0.026960	-0.018970	29790800.000000
2018-10-17	-0.010631	0.001468	0.001718	-0.019187	-0.010631	35325400.000000
2018-10-16	-0.029585	0.000504	0.001028	-0.038746	-0.029585	30719200.000000
2018-10-15	0.086278	-0.001633	0.099483	-0.008282	0.086278	52331400.000000
2018-10-14	-0.004572	0.000629	0.010612	-0.007815	-0.004572	22974000.000000
2018-10-13	0.001198	-0.003870	0.010299	-0.005368	0.001198	24253100.000000
2018-10-12	0.024472	-0.002213	0.038757	-0.006968	0.024472	26099400.000000
2018-10-11	-0.099407	-0.001772	-0.001772	-0.104026	-0.099407	26084400.000000
2018-10-10	-0.005479	-0.002494	0.001570	-0.017237	-0.005479	26141100.000000
2018-10-09	-0.011583	0.002789	0.006367	-0.026612	-0.011583	27881100.000000
2018-10-08	-0.001179	0.001245	0.010752	-0.005713	-0.001179	31932700.000000
2018-10-07	0.014163	0.002613	0.015387	-0.007279	0.014163	32205000.000000
2018-10-06	-0.024830	0.000837	0.010295	-0.031722	-0.024830	30941000.000000
2018-10-05	0.037111	-0.000419	0.044805	-0.001531	0.037111	40756200.000000
2018-10-04	-0.001519	0.001499	0.011917	-0.004849	-0.001519	32534900.000000
2018-10-03	-0.008265	-0.002723	0.008420	-0.028233	-0.008265	38371900.000000
2018-10-02	0.041548	-0.000756	0.066700	-0.006386	0.041548	41386000.000000
2018-10-01	-0.007401	-0.000809	0.003214	-0.013601	-0.007401	25138500.000000
2018-09-30	0.001866	0.000426	0.003646	-0.014579	0.001866	26954000.000000
2018-09-29	0.002989	-0.001269	0.006325	-0.021291	0.002989	26072400.000000
2018-09-28	-0.006167	0.001166	0.019539	-0.013944	-0.006167	25097900.000000
2018-09-27	0.030254	-0.000040	0.034947	-0.006611	0.030254	26966900.000000
2018-09-26	-0.004756	-0.000220	0.012280	-0.019870	-0.004756	18370400.000000
2018-09-25	-0.025184	-0.000169	-0.000169	-0.052780	-0.025184	19256100.000000
2018-09-24	-0.023802	0.001051	0.003580	-0.033216	-0.023802	19223700.000000
2018-09-23	0.003475	0.002723	0.011772	-0.008541	0.003475	22673000.000000
2018-09-22	-0.015926	0.000845	0.011267	-0.042685	-0.015926	21731800.000000
2018-09-21	0.033381	-0.001400	0.035823	-0.011088	0.033381	35228200.000000
2018-09-20	0.047344	0.001519	0.049746	-0.001726	0.047344	27983700.000000
2018-09-19	0.007861	0.001325	0.024307	-0.024003	0.007861	22684800.000000
2018-09-18	0.014758	-0.001562	0.024430	-0.013683	0.014758	23016100.000000
2018-09-17	-0.053418	0.001380	0.007627	-0.062337	-0.053418	22370800.000000
2018-09-16	-0.017238	0.000603	0.001691	-0.033028	-0.017238	20623100.000000
2018-09-15	0.018152	-0.002559	0.026782	-0.002559	0.018152	27281100.000000
2018-09-14	0.033943	0.003411	0.050181	-0.006011	0.033943	26124800.000000
2018-09-13	0.042285	0.001098	0.052050	0.000349	0.042285	24817100.000000
2018-09-12	-0.017018	0.001236	0.011332	-0.035913	-0.017018	21323500.000000
2018-09-11	-0.015844	-0.000302	0.008457	-0.031238	-0.015844	18572100.000000
2018-09-10	0.001287	0.006663	0.020544	-0.014672	0.001287	12427900.000000
2018-09-09	-0.000783	0.003008	0.021774	-0.026013	-0.000783	13947300.000000
2018-09-08	-0.051530	-0.000448	0.015642	-0.062128	-0.051530	15053100.000000
2018-09-07	-0.024008	-0.001886	-0.001410	-0.040330	-0.024008	16640400.000000
2018-09-06	0.019590	-0.003282	0.021315	-0.046070	0.019590	23466000.000000
2018-09-05	-0.112033	0.004455	0.015608	-0.112033	-0.112033	29308300.000000
2018-09-04	0.008711	0.004378	0.014395	0.000115	0.008711	18878700.000000
2018-09-03	-0.003390	0.004115	0.009717	-0.016735	-0.003390	18644300.000000
2018-09-02	-0.007030	0.004745	0.007417	-0.021381	-0.007030	21757400.000000
2018-09-01	0.033195	0.001162	0.047985	0.001162	0.033195	29776300.000000
2018-08-31	0.023340	-0.000223	0.024148	-0.015498	0.023340	22638200.000000
2018-08-30	-0.036775	-0.000385	0.001181	-0.070587	-0.036775	23247800.000000
2018-08-29	-0.027216	-0.001315	-0.001315	-0.050374	-0.027216	33530600.000000
2018-08-28	0.024374	-0.004646	0.025578	-0.033114	0.024374	43860800.000000
2018-08-27	0.100848	0.003279	0.112904	-0.005675	0.100848	44953500.000000
2018-08-26	0.004913	-0.002131	0.013655	-0.032277	0.004913	22551200.000000
2018-08-25	-0.009663	-0.004045	0.001378	-0.024606	-0.009663	19561400.000000
2018-08-24	0.053490	0.004990	0.053490	-0.015723	0.053490	22814900.000000
2018-08-23	0.018377	-0.004275	0.018377	-0.014373	0.018377	17327500.000000
2018-08-22	-0.018004	0.002194	0.049592	-0.047078	-0.018004	23929500.000000
2018-08-21	0.001412	-0.002122	0.015176	-0.028461	0.001412	13228100.000000
2018-08-20	-0.044827	-0.001428	0.004687	-0.050470	-0.044827	17617700.000000
2018-08-19	0.025094	0.001397	0.039669	-0.015500	0.025094	21218500.000000
2018-08-18	-0.088355	-0.007628	0.008953	-0.122153	-0.088355	27803700.000000
2018-08-17	0.108696	-0.002043	0.108696	-0.007894	0.108696	37502400.000000
2018-08-16	0.035858	0.007134	0.055156	-0.007312	0.035858	24709700.000000
2018-08-15	0.004554	-0.001290	0.124382	-0.001794	0.004554	42994900.000000
2018-08-14	-0.079006	0.007460	0.007460	-0.153061	-0.079006	39515200.000000
2018-08-13	-0.128907	0.002504	0.017450	-0.132663	-0.128907	34827100.000000
2018-08-12	0.000443	-0.004175	0.010915	-0.019759	0.000443	23290300.000000
2018-08-11	-0.032496	-0.001665	0.002308	-0.062832	-0.032496	29253100.000000
2018-08-10	-0.056556	-0.006992	-0.002870	-0.081716	-0.056556	37026400.000000
2018-08-09	0.058821	0.001474	0.059965	-0.003590	0.058821	41389000.000000
2018-08-08	-0.076251	-0.001308	-0.000525	-0.088650	-0.076251	44898500.000000
2018-08-07	-0.040368	-0.002964	0.015308	-0.041645	-0.040368	45119500.000000
2018-08-06	0.005571	0.004727	0.025875	-0.009308	0.005571	46799600.000000
2018-08-05	-0.015835	0.001178	0.004002	-0.040087	-0.015835	43000300.000000
2018-08-04	-0.020673	-0.001549	0.022675	-0.040008	-0.020673	60865200.000000
2018-08-03	-0.002984	-0.006271	0.002046	-0.037836	-0.002984	70449300.000000
2018-08-02	0.044423	0.004192	0.044947	-0.012340	0.044423	50481200.000000
2018-08-01	-0.014628	-0.000421	0.020805	-0.039295	-0.014628	53833700.000000
2018-07-31	0.042257	-0.000439	0.064115	-0.013626	0.042257	66537000.000000
2018-07-30	-0.057363	-0.005242	-0.005242	-0.068090	-0.057363	35991600.000000
2018-07-29	-0.039756	-0.000247	0.006622	-0.064492	-0.039756	56547100.000000
2018-07-28	0.048769	0.007391	0.067997	-0.014394	0.048769	75159904.000000
2018-07-27	0.039217	-0.000358	0.047487	-0.025319	0.039217	66040700.000000
2018-07-26	0.035388	-0.001383	0.047352	-0.002156	0.035388	61881400.000000
2018-07-25	0.065401	-0.004784	0.108818	-0.005418	0.065401	72083200.000000
2018-07-24	0.010416	0.000191	0.018827	-0.030907	0.010416	46762700.000000
2018-07-23	-0.008251	0.001394	0.018004	-0.017079	-0.008251	28137700.000000
2018-07-22	-0.005367	0.000287	0.007279	-0.018268	-0.005367	20692400.000000
2018-07-21	0.009477	0.000315	0.031870	-0.013984	0.009477	28726700.000000
2018-07-20	-0.065575	0.000039	0.004103	-0.079920	-0.065575	40466000.000000
2018-07-19	0.004135	-0.003086	0.037801	-0.007400	0.004135	49364800.000000
2018-07-18	-0.061840	0.001976	0.010530	-0.072115	-0.061840	75446304.000000
2018-07-17	0.035921	0.009111	0.049565	-0.027762	0.035921	74443200.000000
2018-07-16	0.077158	0.001693	0.089234	-0.007014	0.077158	47198600.000000
2018-07-15	0.015922	-0.000678	0.024817	-0.006448	0.015922	26346900.000000
2018-07-14	-0.006864	0.001059	0.007668	-0.017323	-0.006864	21534200.000000
2018-07-13	0.009072	0.001897	0.030040	-0.002253	0.009072	29709900.000000
2018-07-12	-0.049926	-0.001023	0.005400	-0.063228	-0.049926	26008100.000000
2018-07-11	-0.004420	0.004984	0.009819	-0.039941	-0.004420	38867700.000000
2018-07-10	-0.066098	-0.003666	-0.000278	-0.072641	-0.066098	36507100.000000
2018-07-09	-0.023399	0.003323	0.006890	-0.025572	-0.023399	36874000.000000
2018-07-08	-0.028664	-0.000479	0.001215	-0.032649	-0.028664	60275400.000000
2018-07-07	0.064688	0.000835	0.064688	-0.007665	0.064688	79974896.000000
2018-07-06	-0.023169	0.009068	0.009812	-0.041435	-0.023169	33466000.000000
2018-07-05	-0.011067	0.002435	0.009539	-0.025240	-0.011067	41185300.000000
2018-07-04	-0.011714	0.003860	0.011100	-0.018594	-0.011714	37043700.000000
2018-07-03	-0.027391	-0.000494	0.014694	-0.033952	-0.027391	60657300.000000
2018-07-02	0.011559	-0.000444	0.029082	-0.024097	0.011559	55614000.000000
2018-07-01	-0.017275	0.001289	0.002019	-0.035006	-0.017275	38434400.000000
2018-06-30	0.010249	0.002791	0.046441	-0.014964	0.010249	59676900.000000
2018-06-29	0.027187	0.003519	0.036978	-0.024418	0.027187	52784600.000000
2018-06-28	0.005302	-0.001367	0.049800	-0.013473	0.005302	67290496.000000
2018-06-27	-0.004950	-0.003739	0.013144	-0.015999	-0.004950	44136600.000000
2018-06-26	-0.053676	0.000804	0.004309	-0.070579	-0.053676	37503400.000000
2018-06-25	0.032760	0.000651	0.042796	-0.042478	0.032760	60358000.000000
2018-06-24	-0.070966	0.001267	0.002791	-0.129045	-0.070966	96256304.000000
2018-06-23	-0.002738	0.000500	0.029839	-0.014698	-0.002738	70431104.000000
2018-06-22	-0.085579	0.001061	0.011165	-0.105112	-0.085579	113751000.000000
2018-06-21	0.061724	0.000641	0.075109	-0.009052	0.061724	122980000.000000
2018-06-20	-0.038187	0.003665	0.009797	-0.057397	-0.038187	65190300.000000
2018-06-19	-0.010670	-0.005901	0.003383	-0.039793	-0.010670	80738096.000000
2018-06-18	0.018150	0.002588	0.036643	-0.021570	0.018150	106776000.000000
2018-06-17	0.048681	-0.001910	0.090036	-0.002853	0.048681	107346000.000000
2018-06-16	0.050578	-0.007430	0.062021	-0.007430	0.050578	81354704.000000
2018-06-15	0.010258	-0.000893	0.050459	-0.013709	0.010258	79159296.000000
2018-06-14	0.020988	0.003509	0.029940	-0.030783	0.020988	80329504.000000
2018-06-13	-0.041842	0.004643	0.032326	-0.078812	-0.041842	97415904.000000
2018-06-12	-0.010225	0.009179	0.050392	-0.025436	-0.010225	116016000.000000
2018-06-11	0.084552	-0.003433	0.084552	-0.028081	0.084552	83039696.000000
2018-06-10	-0.111444	-0.002167	-0.002167	-0.148523	-0.111444	79288200.000000
2018-06-09	-0.019086	0.002341	0.037883	-0.019086	-0.019086	85299904.000000
2018-06-08	0.000658	0.005313	0.022259	-0.026588	0.000658	94394600.000000
2018-06-07	-0.057075	0.001102	0.011051	-0.062160	-0.057075	131031000.000000
2018-06-06	0.105659	-0.000019	0.112915	-0.015988	0.105659	157806000.000000
2018-06-05	0.093836	-0.000505	0.099130	-0.003569	0.093836	101474000.000000
2018-06-04	-0.020932	0.007524	0.007524	-0.061822	-0.020932	58219100.000000
2018-06-03	-0.007745	0.000150	0.018468	-0.023938	-0.007745	82182304.000000
2018-06-02	0.030820	0.005505	0.042498	-0.016298	0.030820	87983000.000000
2018-06-01	0.003566	0.004334	0.015588	-0.028252	0.003566	80342200.000000
2018-05-31	0.128813	-0.000724	0.131136	-0.012497	0.128813	93931696.000000
2018-05-30	-0.000064	0.002919	0.017913	-0.023688	-0.000064	43146300.000000
2018-05-29	0.056952	0.005145	0.065653	-0.010694	0.056952	48807700.000000
2018-05-28	-0.056442	-0.000492	0.011661	-0.071610	-0.056442	33398400.000000
2018-05-27	-0.012015	0.002085	0.002602	-0.033701	-0.012015	36691600.000000
2018-05-26	-0.019134	-0.003459	0.014483	-0.023993	-0.019134	43258400.000000
2018-05-25	0.000592	0.002485	0.028484	-0.028076	0.000592	49173800.000000
2018-05-24	0.029629	-0.001283	0.044724	-0.033636	0.029629	54410900.000000
2018-05-23	-0.093304	-0.005213	-0.000022	-0.114265	-0.093304	68215200.000000
2018-05-22	-0.054122	-0.010284	0.007662	-0.066097	-0.054122	86545104.000000
2018-05-21	0.042818	0.000538	0.047465	-0.021328	0.042818	97367296.000000
2018-05-20	-0.008978	0.007336	0.008648	-0.039338	-0.008978	95390200.000000
2018-05-19	-0.058783	-0.000053	0.032084	-0.075465	-0.058783	138320992.000000
2018-05-18	0.214232	-0.008311	0.301284	-0.033045	0.214232	243260992.000000
2018-05-17	0.016680	0.004494	0.057950	0.001068	0.016680	54251500.000000
2018-05-16	-0.024451	-0.000772	-0.000032	-0.049070	-0.024451	35233200.000000
2018-05-15	-0.023534	-0.001305	0.031203	-0.027683	-0.023534	45696200.000000
2018-05-14	-0.018904	0.003019	0.003552	-0.058108	-0.018904	49317700.000000
2018-05-13	0.013504	0.004952	0.047134	-0.015521	0.013504	70816496.000000
2018-05-12	-0.003848	-0.001632	0.011798	-0.056950	-0.003848	44001000.000000
2018-05-11	-0.059667	0.004494	0.019952	-0.088932	-0.059667	57027500.000000
2018-05-10	-0.057421	0.001010	0.026289	-0.057421	-0.057421	68250000.000000
2018-05-09	0.083613	-0.000333	0.094900	-0.033195	0.083613	99046304.000000
2018-05-08	-0.012662	0.000153	0.016077	-0.040452	-0.012662	57865500.000000
2018-05-07	-0.017221	-0.000258	0.001965	-0.068000	-0.017221	59800200.000000
2018-05-06	-0.029655	-0.000445	0.029961	-0.048188	-0.029655	74731600.000000
2018-05-05	0.002736	-0.000712	0.012122	-0.008207	0.002736	71502096.000000
2018-05-04	-0.022051	-0.001679	0.002184	-0.027852	-0.022051	79940496.000000
2018-05-03	0.016892	0.002249	0.025643	-0.013727	0.016892	104726000.000000
2018-05-02	0.017290	0.000417	0.017290	-0.015807	0.017290	80730304.000000
2018-05-01	-0.010327	0.000175	0.000175	-0.048721	-0.010327	75433904.000000
2018-04-30	-0.049421	0.000432	0.006675	-0.062891	-0.049421	83765800.000000
2018-04-29	-0.009467	-0.002362	0.012987	-0.042394	-0.009467	105495000.000000
2018-04-28	0.060785	-0.003210	0.069753	-0.007230	0.060785	122360000.000000
2018-04-27	-0.022145	-0.000457	0.008059	-0.032060	-0.022145	101995000.000000
2018-04-26	0.102529	0.004236	0.106682	-0.003296	0.102529	127788000.000000
2018-04-25	-0.129379	-0.003537	0.043227	-0.145395	-0.129379	144820992.000000
2018-04-24	0.120416	0.001681	0.146734	0.001681	0.120416	165599008.000000
2018-04-23	0.058202	0.000140	0.073727	-0.002361	0.058202	132041000.000000
2018-04-22	-0.037561	-0.001801	-0.001801	-0.038599	-0.037561	84873000.000000
2018-04-21	0.063872	-0.000461	0.087315	-0.010966	0.063872	141582000.000000
2018-04-20	0.018020	0.000032	0.029581	-0.034268	0.018020	86036096.000000
2018-04-19	0.006264	-0.001043	0.012887	-0.019168	0.006264	78661696.000000
2018-04-18	0.043018	0.002082	0.053129	-0.020740	0.043018	90015104.000000
2018-04-17	-0.036085	0.001343	0.020385	-0.043907	-0.036085	77537400.000000
2018-04-16	-0.064998	-0.000881	-0.000237	-0.074609	-0.064998	75965504.000000
2018-04-15	-0.014013	0.004032	0.025347	-0.024305	-0.014013	115373000.000000
2018-04-14	-0.021600	-0.006065	0.022406	-0.040394	-0.021600	94980800.000000
2018-04-13	0.045111	0.015441	0.062505	-0.015372	0.045111	148215008.000000
2018-04-12	0.058998	0.015739	0.058998	-0.026335	0.058998	133239000.000000
2018-04-11	0.016176	0.000449	0.016176	-0.021377	0.016176	92759696.000000
2018-04-10	0.014147	0.003134	0.044926	-0.001618	0.014147	87608200.000000
2018-04-09	-0.020573	0.000264	0.036055	-0.041856	-0.020573	80643696.000000
2018-04-08	-0.027144	0.004560	0.004560	-0.027281	-0.027144	79045000.000000
2018-04-07	0.016095	0.000685	0.030363	0.000685	0.016095	87924896.000000
2018-04-06	-0.015674	0.003140	0.015216	-0.033300	-0.015674	81989696.000000
2018-04-05	0.021591	0.000664	0.035528	-0.004463	0.021591	103864000.000000
2018-04-04	-0.087593	-0.005097	0.005995	-0.101701	-0.087593	119600000.000000
2018-04-03	0.058634	0.001894	0.105581	-0.022748	0.058634	141287008.000000
2018-04-02	0.140473	-0.000099	0.143012	-0.004609	0.140473	116071000.000000
2018-04-01	0.000932	0.008683	0.021816	-0.061289	0.000932	87918096.000000
2018-03-31	0.068162	0.004106	0.100441	-0.006145	0.068162	89256304.000000
2018-03-30	0.015133	-0.002638	0.054138	-0.044312	0.015133	75551600.000000
2018-03-29	-0.124076	0.004785	0.007620	-0.126087	-0.124076	81352096.000000
2018-03-28	0.011479	0.000947	0.064102	-0.010297	0.011479	92931200.000000
2018-03-27	-0.045857	0.004767	0.014285	-0.098189	-0.045857	102579000.000000
2018-03-26	-0.056457	0.010201	0.010201	-0.142845	-0.056457	132353000.000000
2018-03-25	-0.023378	0.003522	0.087363	-0.039766	-0.023378	189518000.000000
2018-03-24	0.115143	-0.002684	0.264202	-0.011493	0.115143	255358000.000000
2018-03-23	0.166029	-0.001639	0.189792	-0.052735	0.166029	157246000.000000
2018-03-22	0.008445	0.004658	0.092557	-0.041022	0.008445	112305000.000000
2018-03-21	0.089627	0.000612	0.123609	-0.008744	0.089627	131761000.000000
2018-03-20	0.018703	-0.000618	0.027646	-0.037527	0.018703	96919504.000000
2018-03-19	0.004568	0.015433	0.034576	-0.050916	0.004568	97938896.000000
2018-03-18	-0.003993	-0.003373	-0.002758	-0.125644	-0.003993	94840304.000000
2018-03-17	-0.013563	0.009619	0.042927	-0.048987	-0.013563	94679904.000000
2018-03-16	0.001345	0.003674	0.032256	-0.050496	0.001345	97626000.000000
2018-03-15	0.015612	-0.001635	0.049347	-0.060238	0.015612	104531000.000000
2018-03-14	-0.114282	0.001463	0.055036	-0.154661	-0.114282	124112000.000000
2018-03-13	0.258224	-0.005014	0.368482	-0.017020	0.258224	216111008.000000
2018-03-12	-0.028179	0.003231	0.033272	-0.063910	-0.028179	51188100.000000
2018-03-11	0.078304	-0.002986	0.097474	-0.037919	0.078304	45451700.000000
2018-03-10	-0.077157	-0.005527	0.004985	-0.081742	-0.077157	41645000.000000
2018-03-09	0.000316	-0.005905	0.002645	-0.136721	0.000316	46893300.000000
2018-03-08	-0.080183	0.000089	0.011357	-0.101439	-0.080183	48535100.000000
2018-03-07	-0.037243	0.001163	0.079112	-0.122275	-0.037243	79740800.000000
2018-03-06	-0.071818	0.004382	0.004382	-0.094874	-0.071818	38182600.000000
2018-03-05	-0.022961	0.005383	0.008446	-0.023879	-0.022961	38605100.000000
2018-03-04	0.012742	-0.001047	0.016823	-0.030999	0.012742	37886900.000000
2018-03-03	-0.000675	0.005956	0.021585	-0.009751	-0.000675	40001900.000000
2018-03-02	-0.027108	-0.005024	0.002921	-0.034987	-0.027108	46449100.000000
2018-03-01	0.006850	0.000958	0.022341	-0.010404	0.006850	72474200.000000
2018-02-28	-0.020798	0.003283	0.049053	-0.025075	-0.020798	69036400.000000
2018-02-27	0.076505	0.006383	0.120566	-0.008456	0.076505	97184400.000000
2018-02-26	0.059457	0.002424	0.076862	-0.023158	0.059457	53540300.000000
2018-02-25	0.022390	0.001239	0.038559	-0.021804	0.022390	43814500.000000
2018-02-24	-0.056768	-0.000474	0.014781	-0.094318	-0.056768	48709200.000000
2018-02-23	0.088508	-0.003440	0.093104	-0.027343	0.088508	53626800.000000
2018-02-22	-0.050823	0.002553	0.045621	-0.071190	-0.050823	47216100.000000
2018-02-21	-0.052877	-0.002710	0.029248	-0.076456	-0.052877	55087600.000000
2018-02-20	-0.105744	0.001409	0.010564	-0.115776	-0.105744	66512400.000000
2018-02-19	0.034880	-0.003326	0.046018	-0.004756	0.034880	54898800.000000
2018-02-18	-0.084428	0.000282	0.000941	-0.086335	-0.084428	62044700.000000
2018-02-17	0.043538	-0.011168	0.059733	-0.022211	0.043538	76093504.000000
2018-02-16	0.024746	-0.001482	0.024746	-0.045887	0.024746	71131800.000000
2018-02-15	0.051007	-0.000952	0.084928	-0.028787	0.051007	108962000.000000
2018-02-14	0.157322	0.003241	0.185052	0.000385	0.157322	68781600.000000
2018-02-13	-0.036009	-0.000515	0.002732	-0.058901	-0.036009	41593400.000000
2018-02-12	0.070944	0.000751	0.080281	0.000751	0.070944	50792600.000000
2018-02-11	-0.059536	-0.005953	0.009671	-0.120087	-0.059536	68554600.000000
2018-02-10	-0.048763	0.000233	0.065027	-0.090637	-0.048763	80123200.000000
2018-02-09	0.132041	0.001298	0.150517	-0.029358	0.132041	9284.190430
2018-02-08	0.061827	-0.000159	0.077358	-0.000159	0.061827	82496000.000000
2018-02-07	-0.023386	0.003189	0.112937	-0.113142	-0.023386	77970304.000000
2018-02-06	0.236214	0.015099	0.275988	-0.166287	0.236214	97189904.000000
2018-02-05	-0.207316	-0.003678	0.011004	-0.275343	-0.207316	55276900.000000
2018-02-04	-0.132419	-0.000414	-0.000414	-0.168921	-0.132419	49990000.000000
2018-02-03	0.010090	0.004597	0.064245	-0.107810	0.010090	56556200.000000
2018-02-02	0.014339	-0.011337	0.099062	-0.241462	0.014339	91468200.000000
2018-02-01	-0.146179	0.002988	0.022378	-0.218715	-0.146179	82984200.000000
2018-01-31	-0.009395	0.001564	0.014444	-0.060645	-0.009395	50435000.000000
2018-01-30	-0.118595	0.000713	0.000713	-0.133762	-0.118595	59389600.000000
2018-01-29	-0.057289	0.000384	0.009786	-0.063751	-0.057289	71294304.000000
2018-01-28	0.021671	0.003675	0.042217	-0.003712	0.021671	93871104.000000
2018-01-27	0.002633	0.001135	0.016886	-0.024512	0.002633	84009400.000000
2018-01-26	-0.000771	-0.001323	0.027373	-0.070583	-0.000771	113429000.000000
2018-01-25	-0.029372	0.009671	0.037326	-0.041361	-0.029372	105648000.000000
2018-01-24	0.040875	0.007416	0.083790	-0.023241	0.040875	105736000.000000
2018-01-23	0.006062	-0.001007	0.072849	-0.094479	0.006062	91706200.000000
2018-01-22	-0.074899	0.009269	0.027153	-0.153089	-0.074899	138026000.000000
2018-01-21	-0.131066	0.003619	0.003619	-0.174870	-0.131066	141562000.000000
2018-01-20	0.083645	0.006265	0.114574	0.006265	0.083645	156744992.000000
2018-01-19	0.046231	0.002115	0.094864	-0.020406	0.046231	139882000.000000
2018-01-18	0.005435	0.003337	0.123662	-0.048616	0.005435	204899008.000000
2018-01-17	0.022409	-0.019357	0.118479	-0.304966	0.022409	299411008.000000
2018-01-16	-0.289951	0.003542	0.003542	-0.466641	-0.289951	399951008.000000
2018-01-15	-0.058362	0.001112	0.136086	-0.069614	-0.058362	244154000.000000
2018-01-14	-0.063005	0.003567	0.003567	-0.136933	-0.063005	129239000.000000
2018-01-13	-0.006359	0.001300	0.060521	-0.042252	-0.006359	181676000.000000
2018-01-12	0.060525	0.020582	0.183883	-0.052859	0.060525	387537984.000000
2018-01-11	0.209990	0.010109	0.331307	-0.121012	0.209990	389228000.000000
2018-01-10	-0.001206	0.017006	0.017006	-0.128706	-0.001206	146582000.000000
2018-01-09	-0.046498	-0.004759	0.112776	-0.079925	-0.046498	194750000.000000
2018-01-08	-0.021220	-0.000552	0.030011	-0.177399	-0.021220	296617984.000000
2018-01-07	-0.180274	0.000409	0.000409	-0.198477	-0.180274	258050000.000000
2018-01-06	0.525742	-0.003238	0.575912	-0.006436	0.525742	637020992.000000
2018-01-05	0.618973	-0.007414	0.814382	-0.012949	0.618973	341504992.000000
2018-01-04	-0.033756	-0.009442	0.000274	-0.071493	-0.033756	158819008.000000
2018-01-03	0.078992	-0.007652	0.084072	-0.034917	0.078992	108852000.000000
2018-01-02	0.050289	0.005121	0.084137	-0.023463	0.050289	104789000.000000
2018-01-01	-0.025588	-0.000701	0.007526	-0.078322	-0.025588	66422800.000000
2017-12-31	0.101335	-0.009909	0.127294	-0.016837	0.101335	74927904.000000
2017-12-30	-0.109745	-0.010653	-0.005280	-0.183893	-0.109745	72933904.000000
2017-12-29	-0.055122	-0.000299	0.022898	-0.084171	-0.055122	70849400.000000
2017-12-28	-0.077727	0.001910	0.008845	-0.193699	-0.077727	109298000.000000
2017-12-27	0.119341	0.024901	0.251708	-0.060118	0.119341	167808000.000000
2017-12-26	0.376434	-0.000111	0.619220	-0.009700	0.376434	167812992.000000
2017-12-25	0.241091	0.004332	0.315861	-0.006648	0.241091	66374400.000000
2017-12-24	0.092250	-0.020131	0.092250	-0.132378	0.092250	43676900.000000
2017-12-23	0.116027	0.013563	0.184117	-0.006582	0.116027	32930300.000000
2017-12-22	-0.162907	0.004913	0.006319	-0.321756	-0.162907	36672600.000000
2017-12-21	0.000734	0.001681	0.100836	-0.069947	0.000734	46905500.000000
2017-12-20	-0.106368	-0.000639	-0.000639	-0.148327	-0.106368	47866900.000000
2017-12-19	0.031425	0.005547	0.165508	-0.006426	0.031425	66695200.000000
2017-12-18	-0.024471	0.006198	0.080706	-0.082643	-0.024471	66623700.000000
2017-12-17	0.234116	0.001005	0.447146	0.001005	0.234116	98159600.000000
2017-12-16	0.167286	0.043121	0.182491	-0.019456	0.167286	54002400.000000
2017-12-15	0.265109	-0.000646	0.396522	-0.005040	0.265109	52745900.000000
2017-12-14	0.137015	-0.001677	0.137015	-0.001958	0.137015	40335300.000000
2017-12-13	0.034770	0.000868	0.070882	-0.042205	0.034770	28429500.000000
2017-12-12	-0.008091	0.007315	0.026472	-0.034441	-0.008091	24523200.000000
2017-12-11	0.089910	0.011939	0.137358	0.008045	0.089910	19427000.000000
2017-12-10	-0.048674	0.019503	0.032566	-0.152745	-0.048674	19258500.000000
2017-12-09	-0.077805	-0.001643	0.012955	-0.176750	-0.077805	27217000.000000
2017-12-08	0.018245	-0.004982	0.032029	-0.187190	0.018245	38648500.000000
2017-12-07	0.074298	-0.014797	0.126267	-0.037972	0.074298	28297900.000000
2017-12-06	-0.002932	-0.005730	0.070709	-0.096104	-0.002932	41731500.000000
2017-12-05	0.041586	0.004066	0.096365	0.004066	0.041586	49190000.000000
2017-12-04	0.118725	0.013847	0.157046	0.013847	0.118725	41226200.000000
2017-12-03	0.068656	0.000600	0.142499	-0.014380	0.068656	35163500.000000
2017-12-02	0.006729	0.003299	0.021944	-0.035426	0.006729	24332700.000000
2017-12-01	0.036686	-0.000010	0.070126	-0.037056	0.036686	28867200.000000
2017-11-30	0.140129	0.005658	0.172067	0.005658	0.140129	31559500.000000
2017-11-29	-0.086370	0.003771	0.070147	-0.122027	-0.086370	43765500.000000
2017-11-28	-0.013315	0.008168	0.008168	-0.038570	-0.013315	36377700.000000
2017-11-27	0.048486	0.009551	0.050801	-0.034266	0.048486	22826600.000000
2017-11-26	-0.011068	0.011137	0.032788	-0.025151	-0.011068	9056850.000000
2017-11-25	0.090912	-0.000431	0.139680	-0.013821	0.090912	12839900.000000
2017-11-24	0.109130	0.013450	0.175295	0.004442	0.109130	12155400.000000
2017-11-23	-0.039119	-0.000714	0.003059	-0.046012	-0.039119	8392640.000000
2017-11-22	0.023944	0.010438	0.030056	-0.010057	0.023944	7177000.000000
2017-11-21	-0.031020	0.020758	0.021681	-0.045929	-0.031020	5440790.000000
2017-11-20	0.006618	0.007324	0.029050	-0.036040	0.006618	12994500.000000
2017-11-19	-0.036170	-0.000579	0.016066	-0.063625	-0.036170	38081700.000000
2017-11-18	0.108564	0.000662	0.110186	-0.008031	0.108564	32167300.000000
2017-11-17	-0.042816	0.001350	0.003004	-0.052360	-0.042816	8508840.000000
2017-11-16	0.031017	0.016819	0.099167	0.004208	0.031017	8928640.000000
2017-11-15	-0.039012	-0.003020	0.020344	-0.060958	-0.039012	7615500.000000
2017-11-14	-0.055757	0.001577	0.028904	-0.070170	-0.055757	7829600.000000
2017-11-13	0.109845	0.004159	0.141693	-0.001375	0.109845	12238800.000000
2017-11-12	-0.090262	-0.000946	0.001395	-0.124462	-0.090262	15298700.000000
2017-11-11	-0.070329	-0.005877	0.067290	-0.101595	-0.070329	8178150.000000
2017-11-10	-0.097415	0.008519	0.039532	-0.173797	-0.097415	11155000.000000
2017-11-09	-0.019818	0.010891	0.070511	-0.067493	-0.019818	19192200.000000
2017-11-08	0.124322	-0.004080	0.137696	-0.016037	0.124322	18796200.000000
2017-11-07	0.150753	-0.000446	0.158238	-0.011836	0.150753	9469500.000000
2017-11-06	0.031630	0.004686	0.094226	-0.026931	0.031630	5042750.000000
2017-11-05	-0.070572	-0.000006	-0.000006	-0.111141	-0.070572	2681150.000000
2017-11-04	0.121969	-0.002220	0.164958	-0.041317	0.121969	4685320.000000
2017-11-03	0.122796	-0.003901	0.139070	-0.003901	0.122796	3201070.000000
2017-11-02	0.030193	-0.001023	0.087908	-0.052254	0.030193	3550520.000000
2017-11-01	-0.039112	0.016963	0.016963	-0.072238	-0.039112	2118920.000000
2017-10-31	0.000472	0.018045	0.074764	-0.031343	0.000472	3397150.000000
2017-10-30	0.057234	-0.006340	0.094551	-0.030421	0.057234	2437230.000000
2017-10-29	0.076924	0.022385	0.093842	0.005449	0.076924	1969690.000000
2017-10-28	-0.018404	0.005740	0.025643	-0.029272	-0.018404	1495260.000000
2017-10-27	-0.028479	0.000124	0.007182	-0.083973	-0.028479	2067650.000000
2017-10-26	-0.035266	0.006537	0.006537	-0.123421	-0.035266	2400010.000000
2017-10-25	0.003484	-0.004021	0.016693	-0.061637	0.003484	2288360.000000
2017-10-24	0.054658	-0.005745	0.165012	-0.040085	0.054658	4833390.000000
2017-10-23	-0.024749	0.014492	0.053000	-0.096987	-0.024749	2355560.000000
2017-10-22	-0.032120	0.000997	0.036203	-0.056282	-0.032120	1631220.000000
2017-10-21	0.009767	-0.003680	0.022087	-0.057701	0.009767	1331640.000000
2017-10-20	-0.033232	-0.001051	0.068659	-0.050864	-0.033232	1703230.000000
2017-10-19	-0.032353	0.000844	0.019623	-0.059041	-0.032353	1791220.000000
2017-10-18	-0.044887	0.002561	0.022238	-0.130638	-0.044887	2311140.000000
2017-10-17	-0.035226	-0.002096	0.022801	-0.058784	-0.035226	1744390.000000
2017-10-16	-0.075550	-0.001572	0.026616	-0.107627	-0.075550	2960330.000000
2017-10-15	0.013165	-0.027994	0.091809	-0.084801	0.013165	5987930.000000
2017-10-14	0.071551	0.023574	0.071551	-0.019826	0.071551	3355060.000000
2017-10-13	0.068256	-0.005395	0.124948	-0.119270	0.068256	5705760.000000
2017-10-12	-0.062752	-0.002630	0.004506	-0.105382	-0.062752	5275850.000000
2017-10-11	0.028973	0.004364	0.045071	-0.011031	0.028973	6123140.000000
2017-10-10	-0.007423	0.019440	0.046539	-0.043390	-0.007423	6912770.000000
2017-10-09	0.153258	-0.007821	0.295918	-0.007821	0.153258	9667100.000000
2017-10-08	-0.231668	-0.005094	0.012517	-0.231668	-0.231668	4515300.000000
2017-10-07	0.002747	0.016045	0.016045	-0.050212	0.002747	5578780.000000
2017-10-06	-0.058731	-0.000703	0.020906	-0.085940	-0.058731	6076260.000000
2017-10-05	0.048087	0.020924	0.083492	-0.115225	0.048087	7503500.000000
2017-10-04	-0.120404	0.016917	0.020196	-0.166441	-0.120404	7227750.000000
2017-10-03	-0.073279	0.001608	0.034754	-0.149145	-0.073279	14411500.000000
