2021-02-27	-0.003265	0.000108	0.041293	-0.023106	-0.003265	45910946381.800003
2021-02-26	-0.016013	0.001839	0.027115	-0.056037	-0.016013	350967941479.059998
2021-02-25	-0.052539	0.000075	0.045139	-0.052539	-0.052539	54506565949.110001
2021-02-24	0.018042	0.000218	0.050502	-0.032994	0.018042	63695521388.339996
2021-02-23	-0.099302	-0.000044	-0.000044	-0.164493	-0.099302	106102492824.110001
2021-02-22	-0.057918	-0.000125	-0.000114	-0.148981	-0.057918	92052420331.570007
2021-02-21	0.025676	-0.000552	0.039770	-0.007610	0.025676	51897585190.580002
2021-02-20	0.003782	-0.000014	0.028934	-0.022573	0.003782	68145460025.919998
2021-02-19	0.081431	-0.000074	0.085795	-0.014368	0.081431	63495496917.849998
2021-02-18	-0.008998	-0.000154	0.006234	-0.021731	-0.008998	52054723578.669998
2021-02-17	0.059942	0.000151	0.067765	-0.002591	0.059942	80820545404.320007
2021-02-16	0.026172	-0.000012	0.049975	-0.015513	0.026172	77049582885.509995
2021-02-15	-0.015851	-0.000426	0.003249	-0.048644	-0.015851	77069903166.389999
2021-02-14	0.034216	0.000191	0.050570	0.000191	0.034216	71248675228.220001
2021-02-13	-0.008406	-0.000287	0.011428	-0.023420	-0.008406	70250456155.050003
2021-02-12	-0.008443	-0.000674	0.017458	-0.030983	-0.008443	76555041195.789993
2021-02-11	0.066591	-0.000434	0.078928	-0.016261	0.066591	81388911809.850006
2021-02-10	-0.033625	-0.000244	0.014295	-0.055936	-0.033625	87301089896.440002
2021-02-09	0.006162	-0.000248	0.039121	-0.022285	0.006162	91809846885.690002
2021-02-08	0.187465	-0.000427	0.187657	-0.021261	0.187465	101467222686.669998
2021-02-07	-0.009234	-0.000403	0.009062	-0.046347	-0.009234	65500641143.120003
2021-02-06	0.029407	-0.000155	0.070843	-0.000155	0.029407	71326033652.979996
2021-02-05	0.032991	0.000148	0.035201	-0.007239	0.032991	58598066402.239998
2021-02-04	-0.014572	0.000080	0.029891	-0.030812	-0.014572	68838074391.610001
2021-02-03	0.055246	0.000015	0.055474	-0.001867	0.055246	61166818158.830002
2021-02-02	0.058834	-0.000119	0.070361	-0.001430	0.058834	63088585433.120003
2021-02-01	0.012768	0.000007	0.046018	-0.022049	0.012768	61400400660.269997
2021-01-31	-0.033708	0.000040	0.000549	-0.058342	-0.033708	52754542671.379997
2021-01-30	-0.001366	-0.000596	0.015104	-0.040103	-0.001366	65141828798.260002
2021-01-29	0.025408	0.025476	0.147617	-0.041872	0.025408	117894572510.679993
2021-01-28	0.099681	0.000279	0.112569	-0.013451	0.099681	76517157706.320007
2021-01-27	-0.065622	-0.000179	-0.000179	-0.098334	-0.065622	62576762015.466011
2021-01-26	0.006286	-0.000240	0.013228	-0.041281	0.006286	60255421470.406754
2021-01-25	0.002385	-0.000111	0.077839	-0.006243	0.002385	59897054837.943138
2021-01-24	0.006915	-0.000102	0.027329	-0.029967	0.006915	48643830599.361565
2021-01-23	-0.028423	-0.000606	0.010762	-0.045828	-0.028423	48354737975.289207
2021-01-22	0.070722	-0.000262	0.096872	-0.060739	0.070722	77207272511.130127
2021-01-21	-0.132837	0.000046	0.000139	-0.149011	-0.132837	75643067687.744156
2021-01-20	-0.014473	-0.000546	0.008553	-0.069291	-0.014473	66834573161.298721
2021-01-19	-0.015295	0.000332	0.030735	-0.015295	-0.015295	57244195485.500748
2021-01-18	0.023436	0.000027	0.042133	-0.025353	0.023436	49511702429.354202
2021-01-17	-0.010693	-0.000401	0.015043	-0.058290	-0.010693	52359854336.211853
2021-01-16	-0.017576	-0.000101	0.028214	-0.032364	-0.017576	57706187875.104553
2021-01-15	-0.060274	-0.000781	0.009962	-0.115541	-0.060274	67760757880.723885
2021-01-14	0.050138	0.000234	0.071016	-0.012000	0.050138	63615990033.010170
2021-01-13	0.100033	-0.000231	0.108393	-0.039451	0.100033	69364315979.279922
2021-01-12	-0.046215	-0.001414	0.028169	-0.080656	-0.046215	74773277909.456604
2021-01-11	-0.072733	-0.000258	-0.000258	-0.203534	-0.072733	123320567398.622955
2021-01-10	-0.047153	-0.000008	0.028957	-0.106073	-0.047153	79980747690.354630
2021-01-09	-0.013311	-0.000220	0.015656	-0.044530	-0.013311	61984162837.074699
2021-01-08	0.036234	0.000272	0.065421	-0.064322	0.036234	88107519479.504715
2021-01-07	0.069157	0.000258	0.091135	-0.009048	0.069157	84762141031.494476
2021-01-06	0.083311	0.000623	0.084939	-0.014074	0.083311	75289433810.590912
2021-01-05	0.063197	0.000160	0.077120	-0.054758	0.063197	67547324781.680855
2021-01-04	-0.024712	0.000882	0.020078	-0.123826	-0.024712	81163475344.180786
2021-01-03	0.020380	0.000067	0.077233	-0.002333	0.020380	78665235201.842834
2021-01-02	0.093726	0.000078	0.128717	-0.009633	0.093726	67865420765.456390
2021-01-01	0.012842	-0.000266	0.020651	-0.006832	0.012842	40730301358.640190
2020-12-31	0.005574	0.000022	0.014005	-0.022155	0.005574	46754964848.186508
2020-12-30	0.054035	-0.000086	0.057572	-0.000086	0.054035	51287442703.982292
2020-12-29	0.010250	-0.000111	0.010556	-0.040521	0.010250	45265946774.401009
2020-12-28	0.030927	0.000325	0.042509	-0.002461	0.030927	49056742892.608841
2020-12-27	-0.006232	0.000088	0.070046	-0.019453	-0.006232	66479895605.094521
2020-12-26	0.071853	0.000496	0.083247	-0.005761	0.071853	48332647295.430008
2020-12-25	0.039132	-0.000100	0.041041	-0.011471	0.039132	42068395845.630737
2020-12-24	0.021281	-0.000049	0.022675	-0.019954	0.021281	41080759712.619370
2020-12-23	-0.022776	-0.000044	0.010153	-0.041222	-0.022776	51146161904.323441
2020-12-22	0.042974	-0.000397	0.043276	-0.016334	0.042974	44171632680.604347
2020-12-21	-0.028718	-0.000121	0.024819	-0.056136	-0.028718	45852713980.889107
2020-12-20	-0.016445	-0.000338	0.014237	-0.030252	-0.016445	37844228421.870644
2020-12-19	0.031631	-0.000220	0.040967	-0.013462	0.031631	38487546579.562737
2020-12-18	0.014593	0.000072	0.019006	-0.017774	0.014593	40387896274.677650
2020-12-17	0.070132	-0.000105	0.109432	-0.003563	0.070132	71378606373.622864
2020-12-16	0.097518	0.000090	0.105157	-0.006116	0.097518	44409011479.221069
2020-12-15	0.008855	0.000014	0.014463	-0.008667	0.008855	26741982541.496979
2020-12-14	0.005447	0.000110	0.008500	-0.006774	0.005447	22473997681.144253
2020-12-13	0.018014	0.000165	0.030732	-0.003687	0.018014	25450468636.538254
2020-12-12	0.041240	-0.000420	0.047658	-0.000712	0.041240	21752580801.789310
2020-12-11	-0.011283	-0.000058	0.000189	-0.035339	-0.011283	27919640985.341438
2020-12-10	-0.015572	-0.000033	-0.000033	-0.032168	-0.015572	25547132265.471001
2020-12-09	0.012705	-0.000014	0.016655	-0.021047	0.012705	34420373070.859474
2020-12-08	-0.045358	-0.000005	0.004786	-0.048025	-0.045358	31692288756.379017
2020-12-07	-0.007934	-0.000103	0.003448	-0.021400	-0.007934	26896357742.243275
2020-12-06	0.009966	-0.000003	0.012335	-0.013383	0.009966	25293775713.521309
2020-12-05	0.024303	-0.000074	0.024636	-0.005860	0.024303	27242455063.892467
2020-12-04	-0.038345	0.000081	0.003394	-0.038477	-0.038345	33872388057.716801
2020-12-03	0.012724	0.000252	0.019015	-0.014338	0.012724	31930317405.271645
2020-12-02	0.021172	-0.000067	0.026875	-0.024213	0.021172	37387697138.684471
2020-12-01	-0.041926	0.000404	0.011217	-0.066439	-0.041926	49633658712.124451
2020-11-30	0.079678	0.000046	0.086469	0.000046	0.079678	47728480399.279922
2020-11-29	0.025967	0.000125	0.031958	-0.008935	0.025967	31133957704.272129
2020-11-28	0.035597	0.000265	0.043577	-0.011559	0.035597	32601040733.642761
2020-11-27	-0.002462	0.000192	0.017166	-0.036395	-0.002462	38886494645.121330
2020-11-26	-0.084427	-0.000122	0.007162	-0.127112	-0.084427	61396835736.935059
2020-11-25	-0.019644	-0.000160	0.014837	-0.027545	-0.019644	43710357371.458603
2020-11-24	0.040478	0.000049	0.053591	-0.012822	0.040478	51469565008.672913
2020-11-23	-0.000320	0.000001	0.018586	-0.020098	-0.000320	42741112307.898788
2020-11-22	-0.014603	0.000000	0.002507	-0.052078	-0.014603	41280434225.930237
2020-11-21	0.001123	0.000000	0.016933	-0.009503	0.001123	39650210707.296883
2020-11-20	0.045138	-0.000000	0.053664	-0.002879	0.045138	36992873939.985252
2020-11-19	0.000735	-0.000008	0.017723	-0.023672	0.000735	36985055355.388924
2020-11-18	0.008988	-0.000012	0.042421	-0.016577	0.008988	49064800277.874283
2020-11-17	0.055593	-0.001820	0.063819	-0.009067	0.055593	39006849169.806900
2020-11-16	0.047665	-0.000001	0.053937	-0.004693	0.047665	31526766675.186485
2020-11-15	-0.007005	0.000000	0.003421	-0.017090	-0.007005	23653867582.698807
2020-11-14	-0.015300	0.000000	0.000000	-0.034846	-0.015300	27481710135.408524
2020-11-13	0.002548	0.000006	0.011479	-0.017460	0.002548	31599492172.181530
2020-11-12	0.036621	-0.000003	0.038447	-0.010609	0.036621	34175758344.061382
2020-11-11	0.026842	0.000000	0.040897	-0.000059	0.026842	29772374934.006969
2020-11-10	-0.002701	0.000002	0.007697	-0.013524	-0.002701	25574938143.151707
2020-11-09	-0.009513	0.000002	0.019740	-0.039668	-0.009513	34149115565.701942
2020-11-08	0.043537	-0.000000	0.054171	-0.006043	0.043537	26632075028.854881
2020-11-07	-0.047034	0.000000	0.010999	-0.073409	-0.047034	35024953705.618950
2020-11-06	-0.000897	-0.000008	0.020770	-0.022658	-0.000897	39837841971.445747
2020-11-05	0.102319	0.000002	0.111273	-0.002237	0.102319	40856321438.537605
2020-11-04	0.013147	0.000013	0.019244	-0.026510	0.013147	35116364961.756416
2020-11-03	0.029505	-0.000003	0.032065	-0.016608	0.029505	29869951617.253490
2020-11-02	-0.013585	-0.000006	0.005184	-0.035957	-0.013585	30771455467.792130
2020-11-01	-0.003184	0.000000	0.005880	-0.011074	-0.003184	24453857900.087803
2020-10-31	0.017309	0.000001	0.035558	-0.006569	0.017309	30306464718.755119
2020-10-30	0.008085	-0.000001	0.015898	-0.022450	0.008085	30581485200.684898
2020-10-29	0.012553	0.000001	0.025677	-0.021944	0.012553	56499499598.283699
2020-10-28	-0.028045	-0.000000	0.013437	-0.052875	-0.028045	35867318894.915474
2020-10-27	0.044280	-0.000000	0.052345	-0.001102	0.044280	33749878155.991123
2020-10-26	0.003382	0.000002	0.014897	-0.016022	0.003382	29461458313.155544
2020-10-25	-0.005866	0.000000	0.016869	-0.015105	-0.005866	24406920575.037640
2020-10-24	0.013651	0.000003	0.016512	-0.003541	0.013651	24542317939.955212
2020-10-23	-0.002649	0.000436	0.003862	-0.016447	-0.002649	28974975002.911232
2020-10-22	0.011089	-0.001720	0.026350	-0.008312	0.011089	34729759598.046677
2020-10-21	0.076144	-0.000273	0.106428	-0.001293	0.076144	43414712626.045914
2020-10-20	0.014844	0.000335	0.021962	-0.005157	0.014844	30915821592.101608
2020-10-19	0.022526	0.001017	0.027495	-0.006537	0.022526	23860769927.722214
2020-10-18	0.011028	-0.000187	0.011028	-0.000926	0.011028	18283314340.336567
2020-10-17	0.003178	-0.000000	0.005665	-0.003248	0.003178	19130430173.838352
2020-10-16	-0.015069	0.000651	0.003890	-0.023691	-0.015069	25635480771.680893
2020-10-15	0.005761	-0.000254	0.012285	-0.011016	0.005761	24487233057.769241
2020-10-14	0.000316	0.000276	0.009984	-0.010333	0.000316	24103426719.264656
2020-10-13	-0.011204	-0.000575	-0.000552	-0.020262	-0.011204	24241420250.858337
2020-10-12	0.015037	0.000743	0.027607	-0.012605	0.015037	26163972641.646049
2020-10-11	0.007774	-0.000025	0.011725	-0.000685	0.007774	19968627059.964272
2020-10-10	0.020959	-0.000480	0.034141	-0.000679	0.020959	22877978587.762783
2020-10-09	0.013629	0.001120	0.017130	-0.006306	0.013629	22799117612.794453
2020-10-08	0.023125	0.000038	0.025941	-0.009969	0.023125	63314794397.111847
2020-10-07	0.006088	-0.000099	0.007176	-0.003951	0.006088	37799458435.800392
2020-10-06	-0.017505	0.000275	0.000393	-0.024501	-0.017505	42623695307.425720
2020-10-05	0.011599	0.000651	0.011615	-0.003279	0.011599	47537578008.852226
2020-10-04	0.011399	0.000105	0.012955	-0.001416	0.011399	71251776994.764725
2020-10-03	-0.002519	-0.000083	0.002172	-0.006131	-0.002519	44660271563.319077
2020-10-02	-0.004094	0.000035	0.003615	-0.019094	-0.004094	48661453917.964897
2020-10-01	-0.015303	0.000998	0.013828	-0.028943	-0.015303	40023134099.567673
2020-09-30	-0.005546	-0.000071	0.000241	-0.016167	-0.005546	44171073700.186745
2020-09-29	0.012604	-0.000000	0.014039	-0.005617	0.012604	46582396602.075439
2020-09-28	-0.006090	0.000125	0.015784	-0.006624	-0.006090	47762394730.653610
2020-09-27	0.002283	-0.000356	0.004953	-0.011888	0.002283	53745972818.151123
2020-09-26	0.005425	0.000267	0.007508	-0.002379	0.005425	46852525492.629387
2020-09-25	-0.006259	0.000097	0.001638	-0.016836	-0.006259	39348590957.360733
2020-09-24	0.050153	0.000254	0.051226	-0.001434	0.050153	47144380901.685799
2020-09-23	-0.027734	-0.000282	-0.000060	-0.032319	-0.027734	23788661866.987087
2020-09-22	0.007283	-0.000252	0.010114	-0.007602	0.007283	23621787803.578999
2020-09-21	-0.043518	-0.000306	0.004574	-0.051015	-0.043518	28884999243.672100
2020-09-20	-0.014068	0.000137	0.000137	-0.025226	-0.014068	24699523787.724499
2020-09-19	0.013684	-0.000990	0.017315	-0.003195	0.013684	22764204007.572399
2020-09-18	-0.000402	0.000258	0.007847	-0.010899	-0.000402	26341903912.386101
2020-09-17	-0.002361	-0.000151	0.005696	-0.018249	-0.002361	38151810523.052399
2020-09-16	0.016482	0.000075	0.028080	-0.008527	0.016482	30769986454.530102
2020-09-15	0.010871	-0.000289	0.024136	-0.002282	0.010871	32509451925.046799
2020-09-14	0.034588	0.000482	0.046132	-0.005594	0.034588	35453581939.721298
2020-09-13	-0.011340	0.000980	0.012933	-0.020862	-0.011340	36506852789.303902
2020-09-12	0.003967	0.000860	0.017107	-0.010434	0.003967	36750077323.538498
2020-09-11	0.003645	0.000568	0.006927	-0.021451	0.003645	45201121774.776802
2020-09-10	0.011793	-0.000002	0.025538	-0.000411	0.011793	54406443210.513496
2020-09-09	0.010939	0.000260	0.021618	-0.011278	0.010939	24128292754.847801
2020-09-08	-0.022956	-0.000025	0.004360	-0.040933	-0.022956	33430927462.229900
2020-09-07	0.008678	0.000063	0.011556	-0.035394	0.008678	33703098409.306499
2020-09-06	0.010894	-0.000231	0.018129	-0.011080	0.010894	37071460174.470299
2020-09-05	-0.032558	0.000068	0.006636	-0.053762	-0.032558	44916565291.546799
2020-09-04	0.026014	-0.001457	0.040860	-0.003646	0.026014	29965130373.747299
2020-09-03	-0.102395	-0.000599	0.002540	-0.107900	-0.102395	31927261554.773499
2020-09-02	-0.046485	-0.000472	-0.000472	-0.056780	-0.046485	28037405298.844700
2020-09-01	0.024798	-0.000129	0.033068	-0.006822	0.024798	27311555343.111000
2020-08-31	-0.002620	0.000154	0.004899	-0.009665	-0.002620	22285928250.311699
2020-08-30	0.017784	0.000161	0.018111	-0.001259	0.017784	19760127944.661701
2020-08-29	-0.003087	-0.000125	0.003738	-0.006602	-0.003087	17485597759.137699
2020-08-28	0.019350	0.000168	0.019625	-0.000616	0.019350	19807127587.507599
2020-08-27	-0.014359	-0.000240	0.007174	-0.026324	-0.014359	23240415075.978699
2020-08-26	0.010754	0.000067	0.014422	-0.006083	0.010754	22466660957.626598
2020-08-25	-0.034690	-0.000085	0.000315	-0.049662	-0.034690	26301509931.927399
2020-08-24	0.009408	-0.000099	0.012241	-0.003566	0.009408	20681511754.573502
2020-08-23	-0.001453	-0.000182	0.002705	-0.010435	-0.001453	18482062657.801201
2020-08-22	0.007706	-0.000605	0.008360	-0.012394	0.007706	20224191305.958500
2020-08-21	-0.024067	-0.000029	0.001758	-0.026383	-0.024067	23762425998.950401
2020-08-20	0.010213	0.000274	0.012087	-0.004101	0.010213	20175242944.674400
2020-08-19	-0.019427	-0.000029	0.003143	-0.025344	-0.019427	24502851117.258202
2020-08-18	-0.021475	-0.000204	0.006635	-0.024471	-0.021475	26043227671.879200
2020-08-17	0.030405	0.000240	0.039205	-0.007240	0.030405	28227687026.769100
2020-08-16	0.002284	0.000083	0.005832	-0.010830	0.002284	20583375490.168499
2020-08-15	0.008227	-0.000015	0.016512	-0.000015	0.008227	23354924400.336201
2020-08-14	-0.001296	-0.000974	0.031131	-0.008374	-0.001296	24237958589.064499
2020-08-13	0.017195	0.000300	0.018253	-0.031771	0.017195	27522199497.232399
2020-08-12	0.015285	-0.000520	0.029610	-0.014103	0.015285	25064548486.488400
2020-08-11	-0.039365	0.000298	0.004597	-0.057450	-0.039365	27039782639.911301
2020-08-10	0.017333	-0.001155	0.031638	-0.001155	0.017333	26114112569.415600
2020-08-09	-0.006662	-0.001423	0.004425	-0.017463	-0.006662	17489608833.293900
2020-08-08	0.013151	0.000266	0.017118	-0.003710	0.013151	17572057837.405399
2020-08-07	-0.015136	-0.000075	0.010040	-0.031510	-0.015136	23132312867.153999
2020-08-06	0.002788	0.000242	0.013221	-0.012625	0.002788	23400740340.134399
2020-08-05	0.048290	-0.000185	0.051823	-0.004248	0.048290	24411254471.122398
2020-08-04	-0.003597	-0.000013	0.012362	-0.013534	-0.003597	21250197042.203201
2020-08-03	0.017436	-0.000891	0.036139	-0.003727	0.017436	20271713443.259602
2020-08-02	-0.060034	-0.000070	0.023347	-0.063052	-0.060034	27410067336.020802
2020-08-01	0.038515	-0.000079	0.041622	-0.007399	0.038515	26075670302.798500
2020-07-31	0.019103	-0.000090	0.027418	-0.011174	0.019103	23160469766.392101
2020-07-30	0.000968	-0.000057	0.006206	-0.018469	0.000968	22857247900.667000
2020-07-29	0.017195	0.000012	0.035882	-0.005194	0.017195	24617249714.505199
2020-07-28	-0.007101	0.002419	0.019421	-0.032594	-0.007101	28766551141.778999
2020-07-27	0.109610	0.000005	0.140639	-0.000121	0.109610	35359749590.120499
2020-07-26	0.023566	0.000323	0.035826	-0.002508	0.023566	20507998996.686298
2020-07-25	0.014703	0.000272	0.017581	-0.000700	0.014703	16610070932.793699
2020-07-24	-0.004611	0.000464	0.004411	-0.010397	-0.004611	16552768324.655800
2020-07-23	0.005848	0.000187	0.008911	-0.004447	0.005848	18146399001.704800
2020-07-22	0.016051	0.000021	0.016601	-0.005892	0.016051	16532254884.444099
2020-07-21	0.022987	-0.000187	0.026520	-0.001619	0.022987	18069581955.553501
2020-07-20	-0.002350	0.000153	0.003098	-0.005259	-0.002350	13755604145.717100
2020-07-19	0.002924	-0.000113	0.004625	-0.006705	0.002924	12939002784.005400
2020-07-18	0.000836	-0.000023	0.008697	-0.005526	0.000836	12252601474.785101
2020-07-17	0.002099	-0.000046	0.005478	-0.004711	0.002099	13944570749.499399
2020-07-16	-0.006593	-0.000093	0.002336	-0.011301	-0.006593	15713967522.662001
2020-07-15	-0.005450	-0.000142	0.003474	-0.007712	-0.005450	15844731575.200701
2020-07-14	-0.000043	-0.000531	0.004352	-0.007784	-0.000043	18085038362.452900
2020-07-13	-0.003545	0.000076	0.003224	-0.005628	-0.003545	17519821266.482101
2020-07-12	0.003913	0.000077	0.008557	-0.004642	0.003913	14452361906.812799
2020-07-11	-0.004145	-0.000140	0.001587	-0.008549	-0.004145	13249910444.074600
2020-07-10	0.000091	-0.000497	0.001024	-0.017241	0.000091	16860035604.804001
2020-07-09	-0.015948	-0.000036	0.000323	-0.020506	-0.015948	18000702524.127701
2020-07-08	0.019028	0.000080	0.021406	-0.000300	0.019028	19702359882.897499
2020-07-07	-0.013140	-0.002807	-0.001585	-0.018523	-0.013140	13839652594.650801
2020-07-06	0.033231	-0.000120	0.033231	-0.001684	0.033231	17889263251.963402
2020-07-05	-0.006411	-0.000700	0.003252	-0.017024	-0.006411	12903406143.349800
2020-07-04	0.004972	-0.000338	0.010563	-0.003706	0.004972	12290528515.106001
2020-07-03	-0.003958	0.000157	0.008652	-0.007082	-0.003958	13078970998.640200
2020-07-02	-0.011369	0.000305	0.005054	-0.020773	-0.011369	16338916796.018400
2020-07-01	0.009885	0.000875	0.018796	-0.003640	0.009885	15971550355.232700
2020-06-30	-0.005751	-0.000574	0.002936	-0.011535	-0.005751	15735797743.992300
2020-06-29	0.005170	-0.000389	0.010279	-0.011123	0.005170	16460547078.036800
2020-06-28	0.010855	0.000339	0.016821	-0.007724	0.010855	14560870760.220900
2020-06-27	-0.012826	0.000535	0.004899	-0.017975	-0.012826	17273093144.403702
2020-06-26	-0.010998	-0.000412	0.004933	-0.017601	-0.010998	18341465836.599800
2020-06-25	-0.005239	0.000055	0.002851	-0.023437	-0.005239	18616048626.106300
2020-06-24	-0.032820	0.000259	0.005266	-0.036494	-0.032820	18961716075.604599
2020-06-23	-0.001975	-0.000481	0.002262	-0.010516	-0.001975	17006433272.040501
2020-06-22	0.037092	-0.000292	0.037775	-0.000726	0.037092	21104009513.966400
2020-06-21	-0.003077	-0.000152	0.007369	-0.003419	-0.003077	15324301168.829300
2020-06-20	0.004772	0.000317	0.011515	-0.004375	0.004772	17130541557.308100
2020-06-19	-0.013156	-0.000164	0.003085	-0.014614	-0.013156	19632223107.384399
2020-06-18	-0.007217	0.000138	0.000267	-0.016019	-0.007217	17770083002.701698
2020-06-17	-0.006057	-0.000445	0.000252	-0.022089	-0.006057	20177709879.151798
2020-06-16	0.009240	0.000377	0.013621	-0.005318	0.009240	21565537208.856701
2020-06-15	0.006809	-0.000080	0.012579	-0.042252	0.006809	26699704768.456799
2020-06-14	-0.009339	0.000240	0.000738	-0.013475	-0.009339	18991732745.507000
2020-06-13	-0.000587	-0.000011	0.001305	-0.008948	-0.000587	17564322315.198002
2020-06-12	0.017064	-0.000117	0.023459	-0.003854	0.017064	22610564515.312401
2020-06-11	-0.055553	-0.000002	0.006910	-0.061501	-0.055553	30247143440.179001
2020-06-10	0.007595	-0.000161	0.011556	-0.006881	0.007595	25706567600.570099
2020-06-09	0.002478	0.000294	0.006640	-0.010927	0.002478	23717842782.982101
2020-06-08	0.001295	0.000124	0.002403	-0.008502	0.001295	21486346311.906399
2020-06-07	0.010895	-0.000070	0.011894	-0.020254	0.010895	25015250845.658600
2020-06-06	-0.001226	-0.000065	0.011163	-0.007709	-0.001226	20438419222.334099
2020-06-05	-0.013785	-0.000043	0.007000	-0.014022	-0.013785	23509628646.202099
2020-06-04	0.014903	-0.000089	0.023910	-0.013614	0.014903	25921805071.982601
2020-06-03	0.013318	0.000415	0.016061	-0.006082	0.013318	25007459262.155201
2020-06-02	-0.062698	-0.000422	0.001482	-0.069507	-0.062698	39137252108.674797
2020-06-01	0.074644	0.000269	0.078057	-0.001074	0.074644	35198901068.388802
2020-05-31	-0.024675	-0.000032	-0.000007	-0.027640	-0.024675	27773290298.509899
2020-05-30	0.027682	-0.000022	0.028065	-0.007670	0.027682	32722975141.203499
2020-05-29	-0.009094	0.000273	0.005030	-0.015370	-0.009094	32896642044.263901
2020-05-28	0.037548	0.000428	0.039789	-0.003547	0.037548	34367073114.463997
2020-05-27	0.039158	0.000264	0.041683	-0.000101	0.039158	32740536902.326599
2020-05-26	-0.008070	0.000298	0.009547	-0.016801	-0.008070	29584186947.022701
2020-05-25	0.013261	-0.000485	0.018274	-0.008043	0.013261	31288157264.193401
2020-05-24	-0.045489	0.000325	0.008591	-0.045827	-0.045489	32518803299.583302
2020-05-23	0.002909	0.000271	0.013060	-0.007021	0.002909	27727866811.669498
2020-05-22	0.011101	-0.000157	0.016646	-0.008052	0.011101	29810773699.227100
2020-05-21	-0.046332	-0.000025	0.003388	-0.068576	-0.046332	39326160532.429901
2020-05-20	-0.021180	-0.000381	0.007787	-0.028969	-0.021180	36546239702.547699
2020-05-19	0.000253	0.000050	0.011255	-0.019221	0.000253	39254288954.977402
2020-05-18	0.005774	0.000512	0.024330	-0.010380	0.005774	41827139895.619400
2020-05-17	0.031324	-0.000222	0.047562	-0.002929	0.031324	40084250662.958702
2020-05-16	0.005233	0.000541	0.025300	-0.007236	0.005233	36164766407.630898
2020-05-15	-0.041662	0.000058	0.002271	-0.048524	-0.041662	48158802327.344200
2020-05-14	0.050025	0.000145	0.056449	-0.001613	0.050025	56426907637.291199
2020-05-13	0.052872	0.000103	0.058311	0.000103	0.052872	45558144023.015602
2020-05-12	0.023563	0.000999	0.040468	-0.003738	0.023563	42142717533.167603
2020-05-11	-0.017660	-0.000102	0.031638	-0.043637	-0.017660	57119858801.944603
2020-05-10	-0.087291	-0.000284	0.000176	-0.124953	-0.087291	63325279336.955299
2020-05-09	-0.025275	-0.000179	0.007233	-0.026621	-0.025275	46566121841.111099
2020-05-08	-0.010938	-0.001543	0.004544	-0.018524	-0.010938	51780748041.950600
2020-05-07	0.073662	-0.000741	0.078101	-0.014073	0.073662	61112700562.079002
2020-05-06	0.029511	0.000486	0.045362	-0.004039	0.029511	49371886931.479897
2020-05-05	0.010145	0.000020	0.016803	-0.006264	0.010145	43148462663.167099
2020-05-04	0.001707	-0.000194	0.006680	-0.028373	0.001707	45718796275.549500
2020-05-03	-0.010138	-0.000554	0.019935	-0.017536	-0.010138	47101785174.256203
2020-05-02	0.013969	0.000484	0.016066	-0.006024	0.013969	40134388683.227097
2020-05-01	0.023816	0.001643	0.044981	0.001064	0.023816	44068389996.937401
2020-04-30	-0.016189	-0.000383	0.072675	-0.030426	-0.016189	66964629541.308701
2020-04-29	0.127318	-0.000044	0.136376	-0.002691	0.127318	60201052202.540298
2020-04-28	0.001470	0.000176	0.002428	-0.008312	0.001470	33187959920.924900
2020-04-27	0.015070	-0.000058	0.015070	-0.000058	0.015070	36162144724.707703
2020-04-26	0.014522	0.000027	0.017260	-0.001127	0.014522	33070154490.749001
2020-04-25	0.002521	-0.000055	0.011980	-0.003871	0.002521	32941541446.934700
2020-04-24	0.016310	0.000600	0.019445	0.000600	0.016310	34636526285.797203
2020-04-23	0.043910	0.000576	0.052630	-0.005004	0.043910	43500782316.071198
2020-04-22	0.034429	-0.000128	0.038594	-0.001823	0.034429	33249153865.760502
2020-04-21	-0.000238	-0.000316	0.007642	-0.006904	-0.000238	32589741510.726601
2020-04-20	-0.042766	-0.000355	0.007075	-0.049228	-0.042766	37747113935.845398
2020-04-19	-0.009402	0.000449	0.003149	-0.012485	-0.009402	31311210215.320301
2020-04-18	0.022756	-0.000549	0.024488	-0.000978	0.022756	32447188385.926201
2020-04-17	-0.002897	-0.000035	0.007079	-0.009340	-0.002897	32513423567.431400
2020-04-16	0.071467	-0.000249	0.074124	-0.013039	0.071467	46783242376.700104
2020-04-15	-0.029276	0.000458	0.012603	-0.030548	-0.029276	32288311030.759800
2020-04-14	-0.000381	-0.000257	0.016584	-0.007482	-0.000381	34110434051.862900
2020-04-13	-0.018082	-0.000785	-0.000785	-0.043441	-0.018082	38619308647.439400
2020-04-12	0.016330	-0.000148	0.038032	-0.006999	0.016330	35759567632.285103
2020-04-11	-0.000934	0.000284	0.008823	-0.011008	-0.000934	31222085946.273399
2020-04-10	-0.059791	0.000236	0.000236	-0.068421	-0.059791	43622840991.709999
2020-04-09	-0.004364	0.000527	0.001002	-0.021135	-0.004364	34815139177.593597
2020-04-08	0.021973	0.000400	0.025056	-0.003220	0.021973	37563249548.938202
2020-04-07	-0.013115	0.000256	0.021475	-0.018574	-0.013115	44243482667.849899
2020-04-06	0.070776	-0.000453	0.070776	-0.001213	0.070776	46896904614.928497
2020-04-05	-0.011125	-0.000727	0.002313	-0.022075	-0.011125	29510409856.105301
2020-04-04	0.019922	0.000742	0.021619	-0.005481	0.019922	33185988583.804199
2020-04-03	-0.008867	0.000555	0.030852	-0.017706	-0.008867	38976504902.968002
2020-04-02	0.028281	0.000000	0.072875	-0.001643	0.028281	47660646124.413300
2020-04-01	0.026113	-0.000206	0.027013	-0.036696	0.026113	40346426265.732399
2020-03-31	0.001369	0.000119	0.011614	-0.008660	0.001369	32786468812.081200
2020-03-30	0.085747	0.000590	0.100498	-0.003176	0.085747	37101651525.297897
2020-03-29	-0.051288	0.000550	0.001325	-0.051602	-0.051288	28373690930.544102
2020-03-28	-0.035180	-0.000393	-0.000355	-0.054401	-0.035180	34885225901.006401
2020-03-27	-0.036722	0.000439	0.011523	-0.037183	-0.036722	34585598366.551201
2020-03-26	0.005295	-0.000882	0.008143	-0.013486	0.005295	35319797641.529999
2020-03-25	-0.007980	0.000581	0.023417	-0.029381	-0.007980	44590107887.942101
2020-03-24	0.049637	0.003168	0.058088	-0.000818	0.049637	48221910672.248001
2020-03-23	0.100520	0.000192	0.105258	-0.007761	0.100520	46491915999.715797
2020-03-22	-0.057366	0.000079	0.028234	-0.058423	-0.057366	40099664740.061897
2020-03-21	-0.002212	0.001249	0.028934	-0.042904	-0.002212	42494390879.610397
2020-03-20	0.001225	0.000074	0.105483	-0.052560	0.001225	54442976102.511902
2020-03-19	0.181878	0.001332	0.208325	-0.000281	0.181878	51000731797.432800
2020-03-18	0.002451	0.000284	0.020324	-0.029909	0.002451	37878801016.336800
2020-03-17	0.042108	-0.002373	0.071168	-0.006495	0.042108	38622642935.246597
2020-03-16	-0.070069	-0.001314	-0.001314	-0.151504	-0.070069	45368026429.620499
2020-03-15	0.036911	0.000135	0.122353	-0.005977	0.036911	33997889638.762001
2020-03-14	-0.065305	0.001684	0.011057	-0.078839	-0.065305	36154506007.584801
2020-03-13	0.119281	0.009464	0.174485	-0.173777	0.119281	74156772074.960297
2020-03-12	-0.371695	0.000276	0.002235	-0.385654	-0.371695	53980357243.050102
2020-03-11	0.000215	0.000046	0.005194	-0.033745	0.000215	38682762604.636597
2020-03-10	-0.001756	-0.000189	0.026919	-0.013741	-0.001756	42213940993.610397
2020-03-09	-0.022751	0.000374	0.008593	-0.051556	-0.022751	46936995808.184898
2020-03-08	-0.089993	-0.000196	0.000493	-0.090315	-0.089993	39973102120.568199
2020-03-07	-0.023304	-0.000104	0.004459	-0.025410	-0.023304	36216930369.666496
2020-03-06	0.004823	-0.000050	0.009796	-0.005142	0.004823	40826885650.943802
2020-03-05	0.036951	0.000576	0.044180	0.000229	0.036951	39698054597.425903
2020-03-04	-0.003703	0.000086	0.006325	-0.008575	-0.003703	34746706368.146698
2020-03-03	-0.009232	-0.000483	0.003600	-0.018567	-0.009232	42386715820.557701
2020-03-02	0.035879	0.000095	0.041910	-0.003483	0.035879	42857674408.876503
2020-03-01	-0.004309	0.000029	0.014802	-0.014919	-0.004309	35349164300.141296
2020-02-29	-0.008411	-0.000143	0.011897	-0.008411	-0.008411	35792392544.010201
2020-02-28	-0.012754	0.000482	0.012062	-0.033190	-0.012754	44605450442.739799
2020-02-27	-0.004085	0.000518	0.012740	-0.027586	-0.004085	45470195695.086403
2020-02-26	-0.055791	-0.000366	0.001399	-0.068219	-0.055791	50420050761.922501
2020-02-25	-0.031965	0.000118	0.000265	-0.035767	-0.031965	42515259129.211800
2020-02-24	-0.027643	-0.000295	0.002744	-0.039042	-0.027643	45080496648.346298
2020-02-23	0.027044	0.000014	0.028378	-0.000558	0.027044	41185185761.490997
2020-02-22	-0.002401	0.000131	0.001217	-0.008849	-0.002401	35838025154.260803
2020-02-21	0.008114	0.000344	0.011921	-0.001950	0.008114	40930547512.655899
2020-02-20	-0.002586	-0.000422	0.001020	-0.013026	-0.002586	44925260236.831001
2020-02-19	-0.050149	0.000178	0.004898	-0.052334	-0.050149	46992019709.920799
2020-02-18	0.046630	0.000112	0.048688	-0.005961	0.046630	47271023953.427803
2020-02-17	-0.024590	0.000214	0.000441	-0.042961	-0.024590	45998298412.602798
2020-02-16	0.004551	-0.000025	0.016638	-0.016891	0.004551	43374780305.440804
2020-02-15	-0.040990	0.000169	0.002855	-0.042444	-0.040990	43865054831.004501
2020-02-14	0.009569	-0.000277	0.010536	-0.008698	0.009569	43338264161.561699
2020-02-13	-0.010815	-0.000203	0.012742	-0.020327	-0.010815	49356071372.928802
2020-02-12	0.011541	-0.000573	0.018159	-0.000573	0.011541	43444303830.232803
2020-02-11	0.035674	-0.000073	0.035858	-0.012913	0.035674	37648059388.687798
2020-02-10	-0.025706	-0.000110	0.004853	-0.032828	-0.025706	39386548074.701797
2020-02-09	0.025499	-0.000124	0.026793	-0.001493	0.025499	35807884663.415802
2020-02-08	0.007062	-0.000293	0.008249	-0.011947	0.007062	35172043761.828400
2020-02-07	0.006798	-0.000390	0.010783	-0.000390	0.006798	34522718159.469299
2020-02-06	0.012106	0.000457	0.021969	-0.007657	0.012106	37628823715.513496
2020-02-05	0.047104	0.000267	0.056676	-0.001880	0.047104	35222060874.455299
2020-02-04	-0.012111	-0.000073	0.004061	-0.019445	-0.012111	29893183716.087799
2020-02-03	-0.005441	0.000034	0.020976	-0.010245	-0.005441	30934096508.738800
2020-02-02	-0.005165	-0.000325	0.008083	-0.018637	-0.005165	30835736946.106602
2020-02-01	0.004529	-0.000446	0.009496	-0.003988	0.004529	25922656496.184799
2020-01-31	-0.016665	-0.000072	0.001337	-0.029258	-0.016665	29432489719.133099
2020-01-30	0.020647	-0.000066	0.025384	-0.009202	0.020647	32378792850.877701
2020-01-29	-0.004484	-0.000120	0.005112	-0.009523	-0.004484	30682598115.464001
2020-01-28	0.050368	0.000304	0.050368	-0.000154	0.050368	34398744402.691399
2020-01-27	0.036408	0.000056	0.044307	0.000056	0.036408	28647338393.165001
2020-01-26	0.027365	-0.000411	0.028030	-0.005061	0.027365	22177678795.560001
2020-01-25	-0.009187	-0.000629	0.001542	-0.017668	-0.009187	19647331548.675701
2020-01-24	0.004630	-0.000113	0.012865	-0.016615	0.004630	24397913025.677399
2020-01-23	-0.031605	-0.000026	0.000792	-0.040000	-0.031605	25770680778.690701
2020-01-22	-0.007434	-0.000193	0.005385	-0.012480	-0.007434	22600204050.581600
2020-01-21	0.010194	0.000156	0.011327	-0.013066	0.010194	24097418512.005798
2020-01-20	-0.005582	-0.000185	0.004519	-0.016743	-0.005582	26422375678.052898
2020-01-19	-0.026453	-0.000152	0.024774	-0.036088	-0.026453	34217320471.399399
2020-01-18	0.001542	-0.000204	0.009313	-0.011390	0.001542	32337772626.799000
2020-01-17	0.023528	0.000163	0.026862	-0.005327	0.023528	36372139320.444603
2020-01-16	-0.009450	0.000621	0.004479	-0.022132	-0.009450	31313981930.823502
2020-01-15	-0.002351	-0.000274	0.007063	-0.019323	-0.002351	40102834649.965500
2020-01-14	0.083933	-0.000400	0.090287	-0.000400	0.083933	44841784107.177399
2020-01-13	-0.005896	-0.000332	0.000646	-0.013768	-0.005896	22482910687.903099
2020-01-12	0.019279	-0.000532	0.020221	-0.003543	0.019279	22903438381.387501
2020-01-11	-0.015798	-0.000534	0.006344	-0.016765	-0.015798	25521165085.371399
2020-01-10	0.036487	-0.000097	0.036487	-0.019329	0.036487	28714583843.784599
2020-01-09	-0.024851	0.000301	0.000301	-0.029389	-0.024851	24045990465.649399
2020-01-08	-0.010269	-0.000215	0.028547	-0.025346	-0.010269	31672559264.518501
2020-01-07	0.050774	-0.000069	0.052643	-0.000128	0.050774	28767291326.970299
2020-01-06	0.048291	-0.000117	0.049998	-0.000273	0.048291	23276261598.248199
2020-01-05	0.000089	-0.000028	0.018061	-0.001366	0.000089	19725074094.544601
2020-01-04	0.008955	0.000067	0.011233	-0.004816	0.008955	18444271274.760700
2020-01-03	0.051452	-0.000149	0.061305	-0.010089	0.051452	28111481031.937698
2020-01-02	-0.029819	0.000330	0.001664	-0.036791	-0.029819	20802083465.329201
2020-01-01	0.000914	0.000180	0.008442	-0.002593	0.000914	18565664996.788399
2019-12-31	-0.013629	0.000198	0.005799	-0.016895	-0.013629	21167946112.295898
2019-12-30	-0.017468	-0.000321	0.004334	-0.019716	-0.017468	22874131671.985901
2019-12-29	0.014302	-0.000047	0.026778	-0.005210	0.014302	22445257701.742001
2019-12-28	0.003827	-0.000145	0.014945	-0.000437	0.003827	21365673026.121101
2019-12-27	0.007062	-0.000114	0.017207	-0.006773	0.007062	22777360995.568802
2019-12-26	-0.004974	-0.000049	0.015552	-0.010277	-0.004974	22787010034.350300
2019-12-25	-0.006470	0.000440	0.004710	-0.013867	-0.006470	21559505148.809601
2019-12-24	-0.004499	-0.000168	0.024483	-0.011705	-0.004499	22991622105.408298
2019-12-23	-0.020763	-0.000358	0.019249	-0.024681	-0.020763	27831788041.205299
2019-12-22	0.044559	0.000004	0.045455	-0.003335	0.044559	23134537956.153000
2019-12-21	-0.003831	0.000246	0.000611	-0.014695	-0.003831	19312552168.114300
2019-12-20	0.002217	0.000804	0.007647	-0.016205	0.002217	22633815180.053699
2019-12-19	-0.010164	0.000108	0.009592	-0.032352	-0.010164	25904604415.959999
2019-12-18	0.095819	0.001082	0.103075	-0.015129	0.095819	31836522778.202000
2019-12-17	-0.042116	-0.000168	0.004557	-0.049694	-0.042116	22363804217.344601
2019-12-16	-0.030734	0.000190	0.002638	-0.034761	-0.030734	20213265949.621201
2019-12-15	0.003878	-0.000061	0.007916	-0.028113	0.003878	16881129804.300800
2019-12-14	-0.019947	-0.000108	0.005386	-0.023725	-0.019947	17137029729.947800
2019-12-13	0.003666	0.000211	0.006962	-0.002211	0.003666	17125736940.169201
2019-12-12	0.003562	-0.000095	0.006819	-0.007300	0.003562	18927080224.018299
2019-12-11	-0.008339	-0.000127	0.006325	-0.011348	-0.008339	16350490689.281200
2019-12-10	-0.016590	-0.000509	0.003124	-0.020924	-0.016590	18249031194.893299
2019-12-09	-0.021607	-0.000337	0.007105	-0.026223	-0.021607	17872021272.394501
2019-12-08	0.001073	-0.000648	0.010371	-0.010607	0.001073	15409908086.203699
2019-12-07	0.001225	0.000036	0.005692	-0.002820	0.001225	15453520564.059099
2019-12-06	0.013250	0.000303	0.013250	-0.007536	0.013250	18104466306.768799
2019-12-05	0.027065	0.000166	0.067760	-0.002669	0.027065	18816085231.298302
2019-12-04	-0.009305	-0.000003	0.030005	-0.020385	-0.009305	21664240918.450600
2019-12-03	-0.000252	0.000271	0.013230	-0.012651	-0.000252	14797485769.099899
2019-12-02	-0.013780	-0.000034	0.006806	-0.025712	-0.013780	17082040705.780500
2019-12-01	-0.019200	0.000262	0.000262	-0.036764	-0.019200	18720708479.348598
2019-11-30	-0.024689	0.000363	0.009645	-0.031618	-0.024689	17158194786.410000
2019-11-29	0.039948	0.000485	0.042619	-0.000315	0.039948	19709695455.776001
2019-11-28	-0.009103	0.000685	0.026343	-0.010295	-0.009103	19050116751.268700
2019-11-27	0.043402	0.000348	0.055597	-0.033830	0.043402	23991412764.144100
2019-11-26	0.010109	-0.000136	0.024362	-0.006656	0.010109	21129505542.493801
2019-11-25	0.013936	-0.001127	0.038584	-0.061117	0.013936	42685231261.740997
2019-11-24	-0.047295	0.000113	0.001457	-0.049813	-0.047295	30433517289.468800
2019-11-23	0.013872	-0.000057	0.019966	-0.019894	0.013872	21008924417.702599
2019-11-22	-0.045294	0.000107	0.007148	-0.092381	-0.045294	34242315784.812401
2019-11-21	-0.047902	-0.000451	0.010319	-0.053553	-0.047902	22514243371.468498
2019-11-20	-0.021798	-0.000309	0.003789	-0.023840	-0.021798	20764300436.836498
2019-11-19	-0.012413	-0.000500	0.011942	-0.025191	-0.012413	21083613815.948101
2019-11-18	-0.031323	-0.000466	0.008779	-0.035487	-0.031323	21579470673.405998
2019-11-17	0.003183	-0.000151	0.020703	-0.005823	0.003183	18668638896.625198
2019-11-16	0.006920	-0.000097	0.011776	-0.002122	0.006920	16495389808.413500
2019-11-15	-0.024816	-0.000274	0.002616	-0.025637	-0.024816	21796856471.089699
2019-11-14	-0.011372	0.000417	0.002121	-0.013137	-0.011372	19084739974.570801
2019-11-13	-0.000839	-0.000412	0.002402	-0.006127	-0.000839	17545755404.604301
2019-11-12	0.006608	0.000224	0.010959	-0.008262	0.006608	20309769107.255199
2019-11-11	-0.032879	0.000154	0.002844	-0.039193	-0.032879	20265510765.314602
2019-11-10	0.027451	-0.000124	0.032931	-0.000842	0.027451	20587919881.025101
2019-11-09	0.000988	0.000521	0.009874	-0.001331	0.000988	17578630605.921902
2019-11-08	-0.049925	-0.000237	0.000561	-0.053091	-0.049925	24333037836.154800
2019-11-07	-0.009969	-0.000907	0.000811	-0.016935	-0.009969	22700383838.523399
2019-11-06	0.001964	-0.000178	0.008639	-0.003919	0.001964	23133895764.607800
2019-11-05	-0.007446	0.000042	0.004760	-0.016539	-0.007446	26198609047.839699
2019-11-04	0.019193	0.000027	0.029203	-0.004750	0.019193	26170255634.422001
2019-11-03	-0.009583	0.000007	0.005908	-0.019675	-0.009583	21132220847.490501
2019-11-02	0.006869	-0.000143	0.012567	-0.001244	0.006869	21242676385.327099
2019-11-01	0.006687	-0.000608	0.008269	-0.007341	0.006687	24324691031.330002
2019-10-31	-0.000667	-0.000355	0.019274	-0.019228	-0.000667	26583653946.631699
2019-10-30	-0.023544	-0.000554	-0.000086	-0.036310	-0.023544	27706531577.460999
2019-10-29	0.018532	-0.000833	0.028093	-0.002539	0.018532	28426779937.413101
2019-10-28	-0.030944	0.001402	0.026530	-0.030944	-0.030944	30948255331.823399
2019-10-27	0.033179	-0.000353	0.054576	-0.014325	0.033179	32593129500.744202
2019-10-26	0.067462	0.000794	0.157152	0.000222	0.067462	44496255608.752602
2019-10-25	0.155763	-0.000372	0.159879	-0.001802	0.155763	28705065488.250500
2019-10-24	-0.002819	-0.000658	0.002421	-0.009007	-0.002819	16268708848.761200
2019-10-23	-0.069759	-0.000244	0.001832	-0.075373	-0.069759	21942878957.539700
2019-10-22	-0.020078	-0.000039	0.006421	-0.020532	-0.020078	16803377856.538000
2019-10-21	0.002632	0.000369	0.009075	-0.003121	0.002632	15868748865.705000
2019-10-20	0.029232	0.001157	0.036710	-0.004897	0.029232	15504249442.106501
2019-10-19	0.001926	0.000075	0.013724	-0.003566	0.001926	13797825640.242300
2019-10-18	-0.016128	-0.000367	0.004257	-0.024895	-0.016128	15651592610.223700
2019-10-17	0.007006	0.000036	0.010849	-0.005789	0.007006	14313052244.084400
2019-10-16	-0.019236	-0.000085	0.001395	-0.026846	-0.019236	16071646995.521000
2019-10-15	-0.020218	-0.000147	0.004302	-0.022924	-0.020218	15220412631.575001
2019-10-14	0.006451	-0.000021	0.008317	-0.004432	0.006451	15151387859.023199
2019-10-13	-0.001865	0.000042	0.016126	-0.007190	-0.001865	13808286058.975000
2019-10-12	0.001778	-0.000732	0.011234	-0.001011	0.001778	14532641604.530600
2019-10-11	-0.030830	-0.000141	0.015758	-0.031479	-0.030830	19604381101.227699
2019-10-10	-0.001078	-0.001217	0.003436	-0.014403	-0.001078	17618660671.415401
2019-10-09	0.044594	0.000128	0.048479	-0.007229	0.044594	19384942333.224800
2019-10-08	-0.002042	0.000149	0.010562	-0.007260	-0.002042	15592264032.124100
2019-10-07	0.032231	0.000121	0.040096	-0.010314	0.032231	18009742607.442600
2019-10-06	-0.020039	-0.000199	0.001216	-0.023634	-0.020039	13160830305.189899
2019-10-05	-0.006634	0.000513	0.001168	-0.016429	-0.006634	12200497197.216299
2019-10-04	-0.006544	-0.000060	0.000008	-0.013167	-0.006544	13139456229.406700
2019-10-03	-0.015852	-0.000270	0.002524	-0.029382	-0.015852	13668823409.365801
2019-10-02	0.005965	0.000112	0.005965	-0.013853	0.005965	13125712442.687099
2019-10-01	0.005957	0.000706	0.024575	-0.007378	0.005957	15305343412.830299
2019-09-30	0.023405	0.000005	0.025918	-0.033739	0.023405	17115474183.467400
2019-09-29	-0.017188	0.000015	0.001915	-0.030975	-0.017188	13034629108.501400
2019-09-28	-0.000719	-0.000069	0.004093	-0.015319	-0.000719	14141152736.191500
2019-09-27	0.016366	-0.000723	0.018790	-0.018850	0.016366	16408941155.506300
2019-09-26	-0.043363	0.000080	0.003381	-0.069679	-0.043363	19258205289.351799
2019-09-25	-0.015495	-0.001988	0.014415	-0.034240	-0.015495	21744728352.611198
2019-09-24	-0.113960	-0.000000	0.007708	-0.139632	-0.113960	25002886688.927101
2019-09-23	-0.033868	-0.000241	0.000382	-0.034085	-0.033868	15144925408.114201
2019-09-22	0.005058	0.000439	0.005462	-0.009699	0.005058	13199651698.468700
2019-09-21	-0.015904	0.000197	0.000634	-0.017771	-0.015904	13425266806.332100
2019-09-20	-0.008257	-0.000009	0.001895	-0.013075	-0.008257	14734189639.282000
2019-09-19	0.006684	0.000220	0.009553	-0.033982	0.006684	19937691247.036598
2019-09-18	-0.004201	0.000637	0.003384	-0.004863	-0.004201	16169268880.203899
2019-09-17	-0.003456	0.000459	0.001944	-0.007498	-0.003456	15304603363.064199
2019-09-16	-0.006854	-0.000047	0.003784	-0.015266	-0.006854	15160167778.756001
2019-09-15	-0.000998	-0.000153	0.002798	-0.004340	-0.000998	12043433567.348801
2019-09-14	-0.000241	-0.001462	0.005944	-0.006646	-0.000241	13468713124.119900
2019-09-13	-0.004763	0.000503	0.003013	-0.017630	-0.004763	14109864674.705299
2019-09-12	0.022769	-0.000153	0.025926	-0.007774	0.022769	15323563925.022200
2019-09-11	0.006168	0.000698	0.009883	-0.013365	0.006168	15428063426.071400
2019-09-10	-0.021190	0.000139	0.005746	-0.030421	-0.021190	14906809639.107401
2019-09-09	-0.010181	0.000187	0.000865	-0.028382	-0.010181	17595943367.960701
2019-09-08	-0.007224	0.000082	0.007453	-0.010284	-0.007224	13670567492.755100
2019-09-07	0.015836	0.000061	0.019836	-0.000423	0.015836	15307366476.452400
2019-09-06	-0.021014	0.000252	0.030564	-0.026782	-0.021014	19536574782.878399
2019-09-05	-0.001790	-0.000596	0.003094	-0.007369	-0.001790	14551239507.975401
2019-09-04	-0.002734	-0.000222	0.013094	-0.017775	-0.002734	16742664768.544001
2019-09-03	0.026750	-0.000100	0.037630	-0.003693	0.026750	19384917988.713902
2019-09-02	0.060339	-0.000051	0.065446	-0.002800	0.060339	17248102293.797199
2019-09-01	0.013219	-0.000007	0.017246	-0.004955	0.013219	11445355859.366600
2019-08-31	0.003385	-0.000066	0.007819	-0.006915	0.003385	11454806419.011499
2019-08-30	0.009250	0.000488	0.015344	-0.008612	0.009250	13595263986.438601
2019-08-29	-0.025037	0.000242	0.000242	-0.034117	-0.025037	17045878500.791500
2019-08-28	-0.042323	0.001760	0.009216	-0.046031	-0.042323	17603790323.114399
2019-08-27	-0.017869	0.000193	0.001013	-0.027338	-0.017869	14762609502.766300
2019-08-26	0.022913	-0.001205	0.036870	-0.001205	0.022913	18438654079.534801
2019-08-25	-0.002111	0.000076	0.014238	-0.014879	-0.002111	14153856609.653500
2019-08-24	-0.023828	-0.000031	0.000966	-0.040898	-0.023828	15451030650.359600
2019-08-23	0.027333	0.000519	0.030736	-0.005218	0.027333	15627023886.217199
2019-08-22	-0.000690	0.000441	0.009365	-0.030241	-0.000690	17097508856.241301
2019-08-21	-0.058085	0.000125	0.003298	-0.074375	-0.058085	19473084767.829300
2019-08-20	-0.014000	0.000027	0.002839	-0.027216	-0.014000	15053082175.362000
2019-08-19	0.055118	0.000432	0.055118	-0.003152	0.055118	16038264603.261600
2019-08-18	0.011148	0.000123	0.024954	-0.011010	0.011148	12999813869.048500
2019-08-17	-0.013745	-0.001505	0.007546	-0.027726	-0.013745	13778035685.020399
2019-08-16	0.006090	0.000764	0.020637	-0.044229	0.006090	20228207096.362202
2019-08-15	0.025850	-0.001321	0.038372	-0.037445	0.025850	22899115082.140301
2019-08-14	-0.077472	-0.000582	-0.000576	-0.079636	-0.077472	19990838299.876400
2019-08-13	-0.042766	0.000214	0.003289	-0.048520	-0.042766	16681503536.966801
2019-08-12	-0.012233	0.000400	0.000400	-0.017584	-0.012233	13647198229.010900
2019-08-11	0.014933	-0.000377	0.014933	-0.009312	0.014933	15774371517.993401
2019-08-10	-0.042899	-0.000116	0.004444	-0.045439	-0.042899	18125355447.049301
2019-08-09	-0.008647	-0.001081	0.000338	-0.021449	-0.008647	18339989959.510502
2019-08-08	0.002046	0.001011	0.003136	-0.032306	0.002046	19481591729.516499
2019-08-07	0.040407	-0.000172	0.048686	-0.003874	0.040407	22194988641.216099
2019-08-06	-0.027740	0.000499	0.039656	-0.043617	-0.027740	23635107659.814301
2019-08-05	0.076158	-0.000861	0.084311	-0.000861	0.076158	23875988832.336601
2019-08-04	0.013718	-0.000009	0.017324	-0.018615	0.013718	16530894786.805300
2019-08-03	0.028860	0.000105	0.040749	-0.001395	0.028860	15352685060.580000
2019-08-02	0.011395	0.000228	0.024836	-0.002755	0.011395	17489094081.700298
2019-08-01	0.031138	-0.000812	0.035823	-0.016222	0.031138	17165337857.809999
2019-07-31	0.049774	-0.000351	0.049774	-0.000971	0.049774	16631520647.753201
2019-07-30	0.009274	0.000334	0.019184	-0.008594	0.009274	13829811132.084700
2019-07-29	-0.003529	-0.000490	0.013482	-0.008365	-0.003529	13791445323.241501
2019-07-28	0.007933	0.001472	0.010326	-0.023780	0.007933	13738687092.775200
2019-07-27	-0.039778	0.000087	0.030092	-0.046481	-0.039778	16817809536.372999
2019-07-26	-0.004191	0.000130	0.000472	-0.019558	-0.004191	14495714483.229500
2019-07-25	0.010183	-0.000288	0.034889	-0.003870	0.010183	15821952090.473101
2019-07-24	-0.008973	-0.001317	0.000811	-0.028933	-0.008973	17398734321.630699
2019-07-23	-0.042766	0.000352	0.000352	-0.044427	-0.042766	17851916994.610001
2019-07-22	-0.024153	-0.000204	0.004971	-0.041908	-0.024153	16334414913.196899
2019-07-21	-0.015606	0.000965	0.006942	-0.035064	-0.015606	17130580467.039101
2019-07-20	0.022449	-0.000467	0.049183	-0.007545	0.022449	20206615154.653301
2019-07-19	-0.012727	-0.001174	0.004734	-0.040956	-0.012727	20727426309.590302
2019-07-18	0.100340	0.000485	0.107599	-0.032702	0.100340	25187024648.173199
2019-07-17	0.022807	-0.000678	0.051225	-0.033184	0.022807	24569921548.674702
2019-07-16	-0.130100	0.000144	0.009320	-0.132811	-0.130100	24151199069.745998
2019-07-15	0.062308	0.000174	0.077682	-0.025746	0.062308	25384047206.605900
2019-07-14	-0.099744	-0.000997	0.005163	-0.101630	-0.099744	22486000001.347900
2019-07-13	-0.035850	-0.000242	0.002198	-0.076803	-0.035850	21042616383.556702
2019-07-12	0.040262	-0.000384	0.048142	-0.015804	0.040262	23534692796.607601
2019-07-11	-0.065632	-0.001382	-0.000978	-0.082062	-0.065632	28595327690.101799
2019-07-10	-0.033188	-0.000181	0.044196	-0.068622	-0.033188	33627574244.056702
2019-07-09	0.023430	-0.000133	0.040141	-0.004289	0.023430	28167921522.620602
2019-07-08	0.072930	-0.000371	0.078159	-0.005019	0.072930	23482551458.308701
2019-07-07	0.021617	0.000809	0.029716	-0.005330	0.021617	19369044276.901100
2019-07-06	0.020958	0.000372	0.058524	0.000372	0.020958	21092024306.261902
2019-07-05	-0.021130	-0.001100	0.016069	-0.030357	-0.021130	23838480210.051300
2019-07-04	-0.062354	0.000957	0.003746	-0.066439	-0.062354	25920294033.340199
2019-07-03	0.107353	0.001525	0.107983	0.001525	0.107353	30796494293.767601
2019-07-02	0.020650	0.000524	0.031092	-0.079868	0.020650	31015895222.962502
2019-07-01	-0.021634	-0.001870	0.035988	-0.067286	-0.021634	29378589324.445301
2019-06-30	-0.095508	-0.002289	0.018313	-0.097025	-0.095508	27256473494.470600
2019-06-29	-0.036105	-0.000529	-0.000518	-0.072453	-0.036105	29923961127.775600
2019-06-28	0.109501	-0.001846	0.112885	-0.023993	0.109501	35087757765.863998
2019-06-27	-0.140857	0.000069	0.022657	-0.193941	-0.140857	39977475222.631401
2019-06-26	0.103920	-0.001046	0.170095	-0.002995	0.103920	45105733173.189301
2019-06-25	0.070821	-0.000354	0.070821	-0.000354	0.070821	24879684533.045502
2019-06-24	0.014346	-0.000150	0.019394	-0.022564	0.014346	19271652364.850498
2019-06-23	0.014360	-0.000467	0.050875	-0.013605	0.014360	20998326501.961201
2019-06-22	0.054920	0.003092	0.099836	-0.003699	0.054920	29995204860.637901
2019-06-21	0.064804	-0.000219	0.064804	-0.000219	0.064804	20624008643.438999
2019-06-20	0.027351	-0.000050	0.034604	-0.004425	0.027351	17846823783.901798
2019-06-19	0.021115	-0.000334	0.023989	-0.001252	0.021115	15546809946.029400
2019-06-18	-0.025599	0.001622	0.003007	-0.033845	-0.025599	15848210535.501200
2019-06-17	0.036229	-0.000619	0.046909	-0.000619	0.036229	15562951918.833799
2019-06-16	0.017663	0.000347	0.056288	-0.002695	0.017663	23348550310.967201
2019-06-15	0.016626	-0.000470	0.019013	-0.008677	0.016626	18371033226.453999
2019-06-14	0.056240	-0.000003	0.058282	-0.005775	0.056240	19831162905.969002
2019-06-13	0.010443	-0.000038	0.020343	-0.007218	0.010443	18669407147.433800
2019-06-12	0.027517	-0.000288	0.033923	-0.008244	0.027517	19034432883.383202
2019-06-11	-0.009077	0.000489	0.003258	-0.028440	-0.009077	17107279931.985701
2019-06-10	0.040615	0.000547	0.044723	-0.013182	0.040615	18689275117.473598
2019-06-09	-0.033448	-0.000560	0.002747	-0.046631	-0.033448	16610726547.047701
2019-06-08	-0.011167	-0.000892	0.004095	-0.025652	-0.011167	16522722809.905199
2019-06-07	0.028372	0.000624	0.038881	-0.004302	0.028372	19141423230.791100
2019-06-06	-0.000282	-0.000588	0.014456	-0.032305	-0.000282	19474611077.368900
2019-06-05	0.015110	-0.000445	0.025180	-0.005073	0.015110	21760923463.029701
2019-06-04	-0.061058	0.000243	0.000243	-0.078512	-0.061058	24609731548.790199
2019-06-03	-0.061074	-0.000138	0.000062	-0.061624	-0.061074	22004511436.011700
2019-06-02	0.020895	0.000170	0.028642	-0.000325	0.020895	20266216022.163898
2019-06-01	-0.001223	-0.000077	0.005959	-0.010837	-0.001223	22488303543.947102
2019-05-31	0.030655	0.000098	0.032116	-0.017660	0.030655	25365190957.389599
2019-05-30	-0.039265	0.000262	0.040283	-0.050605	-0.039265	29246528551.201000
2019-05-29	-0.006935	-0.000157	0.004116	-0.027206	-0.006935	23473479966.111198
2019-05-28	-0.009745	-0.000343	0.000141	-0.019426	-0.009745	24226919266.663502
2019-05-27	0.015284	0.000099	0.026975	-0.000520	0.015284	27949839563.938202
2019-05-26	0.077078	0.000331	0.078854	-0.015880	0.077078	26677970091.497799
2019-05-25	0.008159	0.000565	0.016345	-0.002679	0.008159	22256813106.572498
2019-05-24	0.013388	-0.000019	0.032844	-0.007282	0.013388	25919126990.993000
2019-05-23	0.026273	-0.000364	0.034339	-0.019124	0.026273	24457107820.103199
2019-05-22	-0.035571	-0.000884	0.004305	-0.043617	-0.035571	24719473174.969299
2019-05-21	-0.001878	-0.000043	0.010511	-0.016917	-0.001878	25127245056.397999
2019-05-20	-0.026761	-0.000093	0.000400	-0.063299	-0.026761	23843404339.511700
2019-05-19	0.127418	-0.000446	0.136254	-0.000446	0.127418	25902422039.647999
2019-05-18	-0.009898	-0.000304	0.014076	-0.012581	-0.009898	21354286561.985699
2019-05-17	-0.068614	0.000256	0.005610	-0.107393	-0.068614	30066644905.129700
2019-05-16	-0.039031	-0.001300	0.014096	-0.057958	-0.039031	33167197581.020901
2019-05-15	0.026362	-0.000631	0.027770	-0.011922	0.026362	28344112919.570702
2019-05-14	0.022969	-0.000900	0.058068	-0.015166	0.022969	32031452226.816700
2019-05-13	0.120840	-0.000171	0.154186	-0.010626	0.120840	28677672181.451801
2019-05-12	-0.032256	-0.000175	0.041514	-0.053992	-0.032256	27773333679.678101
2019-05-11	0.129478	0.000128	0.149581	-0.000494	0.129478	28867562329.299500
2019-05-10	0.033091	0.000210	0.042123	-0.002107	0.033091	19419875367.612202
2019-05-09	0.032106	-0.000024	0.033528	-0.000024	0.032106	16784645410.795500
2019-05-08	0.026238	0.003427	0.027529	-0.005967	0.026238	15320605299.599800
2019-05-07	0.014390	-0.000210	0.042001	-0.000942	0.014390	18026409032.587601
2019-05-06	-0.008438	-0.000693	0.001251	-0.024504	-0.008438	15737171804.175501
2019-05-05	-0.006081	-0.000017	0.000462	-0.021116	-0.006081	14808830722.930401
2019-05-04	0.010901	0.000158	0.020561	-0.021292	0.010901	17567780765.608501
2019-05-03	0.047773	0.000049	0.065500	-0.002740	0.047773	18720780005.730202
2019-05-02	0.018988	-0.000051	0.022131	-0.001570	0.018988	14644460907.012899
2019-05-01	0.009713	0.000035	0.012573	-0.000576	0.009713	13679528236.450500
2019-04-30	0.019700	0.000071	0.022088	-0.004414	0.019700	13878964573.796101
2019-04-29	-0.007150	-0.000053	0.004945	-0.012989	-0.007150	13735490672.316799
2019-04-28	0.003198	0.000656	0.010998	-0.002393	0.003198	12819992055.627501
2019-04-27	-0.002094	0.000023	0.005948	-0.008659	-0.002094	13111274675.106300
2019-04-26	0.013210	-0.000040	0.033225	-0.006362	0.013210	16812108039.627300
2019-04-25	-0.046543	0.000303	0.014158	-0.051882	-0.046543	15330283408.049400
2019-04-24	-0.019291	-0.000153	0.012505	-0.027654	-0.019291	17048033399.089899
2019-04-23	0.032040	0.000000	0.043419	-0.001844	0.032040	15867308107.980400
2019-04-22	0.015963	-0.000383	0.020351	-0.006445	0.015963	14601631647.996099
2019-04-21	-0.004375	-0.000376	0.004129	-0.015090	-0.004375	13731844222.819901
2019-04-20	0.006424	0.000066	0.010309	-0.001496	0.006424	13169647522.176201
2019-04-19	0.001024	-0.000044	0.007228	-0.012277	0.001024	13780238655.180500
2019-04-18	0.008844	-0.000087	0.012957	-0.000273	0.008844	13256489918.090900
2019-04-17	0.003128	0.000110	0.007395	-0.003124	0.003128	12438480676.608500
2019-04-16	0.033244	-0.000105	0.033912	-0.002351	0.033244	11618660197.330999
2019-04-15	-0.019470	-0.000077	0.005589	-0.027798	-0.019470	12290155060.922701
2019-04-14	0.013958	-0.000162	0.017155	-0.008441	0.013958	10391952498.029600
2019-04-13	0.001385	-0.000135	0.007384	-0.005492	0.001385	10823289598.311701
2019-04-12	0.004946	-0.000649	0.007659	-0.021450	0.004946	13675206312.498199
2019-04-11	-0.048842	0.000099	0.005573	-0.057705	-0.048842	16555616019.114599
2019-04-10	0.022977	-0.000164	0.041632	-0.002224	0.022977	15504590933.265301
2019-04-09	-0.016033	0.000028	0.000028	-0.023130	-0.016033	14722104361.403900
2019-04-08	0.017479	0.000180	0.023070	-0.009749	0.017479	17154113634.321400
2019-04-07	0.027487	0.000588	0.034659	-0.001859	0.027487	16655416140.269899
2019-04-06	0.004594	0.000022	0.033582	-0.008827	0.004594	16929795193.687901
2019-04-05	0.023134	0.000001	0.026552	-0.000672	0.023134	16837325387.242800
2019-04-04	-0.010099	-0.000345	0.018125	-0.027393	-0.010099	18251810239.609501
2019-04-03	0.019087	0.000016	0.087528	-0.000667	0.019087	22899891582.390598
2019-04-02	0.173560	-0.000304	0.179831	-0.000689	0.173560	21315047816.203400
2019-04-01	0.012856	-0.000010	0.014505	-0.002071	0.012856	10157794170.601000
2019-03-31	-0.000306	-0.000293	0.001550	-0.003058	-0.000306	9045122442.865471
2019-03-30	0.002022	-0.001522	0.048417	-0.010849	0.002022	9732688060.425900
2019-03-29	0.007193	-0.000198	0.010910	-0.008604	0.007193	10918665556.750900
2019-03-28	-0.004394	0.000127	0.001917	-0.011451	-0.004394	9353915899.018290
2019-03-27	0.025592	-0.000210	0.025592	-0.001824	0.025592	10897131934.180099
2019-03-26	0.005554	0.001554	0.005554	-0.004622	0.005554	10707678814.874001
2019-03-25	-0.014693	0.000483	0.004145	-0.021913	-0.014693	10359818882.720600
2019-03-24	-0.003384	-0.000164	0.001208	-0.007343	-0.003384	9144851064.998159
2019-03-23	0.002947	-0.000312	0.006440	-0.001989	0.002947	9578850549.209520
2019-03-22	-0.001330	-0.000202	0.006100	-0.001932	-0.001330	9252935969.115829
2019-03-21	-0.014226	-0.000862	0.002418	-0.020141	-0.014226	10831212661.688700
2019-03-20	0.004000	-0.000097	0.004488	-0.009845	0.004000	10175916388.276199
2019-03-19	0.009593	0.000046	0.012327	-0.002156	0.009593	9344919956.269070
2019-03-18	0.001808	0.001177	0.011509	-0.004003	0.001808	9646954186.206810
2019-03-17	-0.005804	-0.000249	0.001333	-0.010451	-0.005804	8221625399.658130
2019-03-16	0.022170	0.000755	0.029318	0.000188	0.022170	9856166973.209560
2019-03-15	0.009312	0.000585	0.011256	-0.002638	0.009312	9394210604.857519
2019-03-14	0.004518	-0.000292	0.010184	-0.001387	0.004518	10480789569.586100
2019-03-13	-0.000624	0.000995	0.004462	-0.004413	-0.000624	9469184841.223730
2019-03-12	0.001006	-0.000376	0.005547	-0.010670	0.001006	9809887079.436890
2019-03-11	-0.011735	0.000542	0.003741	-0.015781	-0.011735	10125901902.726601
2019-03-10	-0.002956	0.000722	0.000722	-0.009823	-0.002956	9713267606.584810
2019-03-09	0.015940	-0.001686	0.022072	-0.002241	0.015940	10796103518.219801
2019-03-08	-0.002647	0.000445	0.009957	-0.009269	-0.002647	10638638944.000999
2019-03-07	0.001932	-0.000143	0.009076	-0.002518	0.001932	9584165518.675289
2019-03-06	0.001942	0.000181	0.005938	-0.006394	0.001942	9175291528.516991
2019-03-05	0.035841	-0.000458	0.037846	-0.004353	0.035841	10174126414.533199
2019-03-04	-0.022255	-0.000542	0.005252	-0.029483	-0.022255	9029175787.944080
2019-03-03	-0.004461	-0.000556	0.002864	-0.007119	-0.004461	7253558152.321780
2019-03-02	0.001252	-0.001105	0.003893	-0.007114	0.001252	7578786075.610390
2019-03-01	0.001245	-0.000267	0.013752	-0.000802	0.001245	7661247975.111850
2019-02-28	0.000971	-0.000723	0.014285	-0.001357	0.000971	8399767798.457040
2019-02-27	-0.000859	0.000810	0.008937	-0.017461	-0.000859	8301309684.135330
2019-02-26	-0.007299	-0.001030	0.002288	-0.011515	-0.007299	7931218996.384030
2019-02-25	0.018966	-0.000899	0.027105	-0.000899	0.018966	9318796066.674700
2019-02-24	-0.080168	0.000708	0.016443	-0.084204	-0.080168	10794227451.222900
2019-02-23	0.034203	-0.001650	0.040134	-0.009187	0.034203	8922258315.771830
2019-02-22	0.013001	-0.000433	0.013257	-0.000835	0.013001	7826525254.378790
2019-02-21	-0.011426	0.000109	0.002547	-0.014929	-0.011426	7775128102.442870
2019-02-20	0.013358	-0.000104	0.013527	-0.005282	0.013358	8693373948.009821
2019-02-19	0.008014	-0.001035	0.024303	-0.001931	0.008014	9933626654.815821
2019-02-18	0.065838	-0.000671	0.071541	-0.001049	0.065838	9908216640.364861
2019-02-17	0.012135	0.000984	0.013981	-0.002922	0.012135	7039512502.624700
2019-02-16	0.002479	-0.001530	0.008846	-0.001530	0.002479	5934744051.699850
2019-02-15	0.001087	0.000135	0.008547	-0.002398	0.001087	6091952230.586050
2019-02-14	-0.004182	-0.000248	0.003906	-0.006710	-0.004182	6271044417.923340
2019-02-13	-0.005873	0.000021	0.004439	-0.009931	-0.005873	6438903822.531370
2019-02-12	0.001397	-0.001556	0.005525	-0.008188	0.001397	6480384531.732720
2019-02-11	-0.011316	0.001470	0.001470	-0.012981	-0.011316	6277056433.571850
2019-02-10	0.005171	0.000544	0.006492	-0.008233	0.005171	6282256902.922500
2019-02-09	0.001206	0.001311	0.003589	-0.005515	0.001206	6158833644.651780
2019-02-08	0.078632	0.000560	0.087114	-0.002485	0.078632	7735623101.050350
2019-02-07	-0.004188	0.000340	0.004153	-0.005727	-0.004188	5004962682.808010
2019-02-06	-0.015171	0.000789	0.000789	-0.019557	-0.015171	5482196037.614860
2019-02-05	0.002082	-0.001215	0.005491	-0.002086	0.002082	5227549544.894800
2019-02-04	-0.001403	0.000923	0.003525	-0.006185	-0.001403	5332718886.306530
2019-02-03	-0.016202	-0.001398	0.000093	-0.020771	-0.016202	5043937583.948190
2019-02-02	0.009494	-0.000952	0.010133	-0.005840	0.009494	5071623600.965820
2019-02-01	0.008720	0.000797	0.012772	-0.007577	0.008720	5422926707.353290
2019-01-31	-0.008143	-0.000222	0.005342	-0.010976	-0.008143	5831198270.865040
2019-01-30	0.011039	-0.001224	0.013647	-0.005432	0.011039	5955112626.757210
2019-01-29	-0.006435	-0.000455	0.001618	-0.020064	-0.006435	5897159492.969580
2019-01-28	-0.031673	0.000089	0.000777	-0.040383	-0.031673	6908930483.466370
2019-01-27	-0.005134	0.000618	0.002834	-0.009775	-0.005134	5570752966.314560
2019-01-26	0.000749	-0.000014	0.015325	-0.001783	0.000749	5098183234.664140
2019-01-25	-0.000305	0.001812	0.003350	-0.007017	-0.000305	5265847538.532570
2019-01-24	0.004391	-0.000174	0.008637	-0.004471	0.004391	5262869046.436550
2019-01-23	-0.005397	0.000272	0.005130	-0.010893	-0.005397	5433755648.653260
2019-01-22	0.007982	-0.000266	0.012504	-0.010154	0.007982	5313623556.007020
2019-01-21	-0.006937	-0.000178	0.002174	-0.011796	-0.006937	5004347059.445970
2019-01-20	-0.034210	-0.000837	0.003975	-0.039036	-0.034210	5582489559.531970
2019-01-19	0.019336	-0.001493	0.027528	-0.001493	0.019336	5955691379.941330
2019-01-18	-0.005634	-0.000156	0.001075	-0.011277	-0.005634	5002961726.830300
2019-01-17	0.006445	-0.000858	0.006875	-0.009041	0.006445	5464420383.381870
2019-01-16	0.006702	0.000230	0.015177	-0.001653	0.006702	5394457144.650990
2019-01-15	-0.020339	-0.000495	0.003805	-0.023233	-0.020339	5537192301.962390
2019-01-14	0.043091	0.001227	0.049222	-0.000188	0.043091	5651384489.833510
2019-01-13	-0.029593	-0.000664	0.003676	-0.031785	-0.029593	4681302465.815780
2019-01-12	-0.007069	-0.000106	0.003149	-0.009100	-0.007069	4778170882.560590
2019-01-11	0.002294	-0.001334	0.009502	-0.007028	0.002294	5538712864.656370
2019-01-10	-0.088314	-0.000219	0.007130	-0.093208	-0.088314	6874143795.718630
2019-01-09	0.001104	0.000175	0.009317	-0.002031	0.001104	5115905224.626910
2019-01-08	0.001391	0.000801	0.020812	-0.007029	0.001391	5306593305.067230
2019-01-07	-0.012605	0.000479	0.003920	-0.013673	-0.012605	5228625637.093820
2019-01-06	0.060189	-0.002256	0.064523	-0.004858	0.060189	5597027439.597450
2019-01-05	-0.003246	-0.001489	0.012231	-0.005396	-0.003246	5137609823.757610
2019-01-04	0.005467	-0.001225	0.007609	-0.013785	0.005467	4847965467.091220
2019-01-03	-0.027050	-0.003135	-0.001959	-0.029717	-0.027050	4530215218.840180
2019-01-02	0.025989	0.001482	0.027179	-0.006793	0.025989	5244856835.708510
2019-01-01	0.026938	0.001072	0.028913	-0.009477	0.026938	4324200990.194640
2018-12-31	-0.031881	0.000229	0.000722	-0.036236	-0.031881	4661840806.323130
2018-12-30	0.011921	0.000517	0.021333	-0.006070	0.011921	4770578574.974090
2018-12-29	-0.026379	0.002185	0.010153	-0.026379	-0.026379	4991655917.482500
2018-12-28	0.073624	-0.000466	0.082439	-0.003338	0.073624	5631554348.355220
2018-12-27	-0.052489	-0.000676	0.004438	-0.054922	-0.052489	5130222366.470920
2018-12-26	0.010957	0.001095	0.020409	-0.011958	0.010957	5326547918.235600
2018-12-25	-0.064510	0.000596	0.002688	-0.078110	-0.064510	6158207293.440910
2018-12-24	0.019910	0.000338	0.068220	0.000338	0.019910	7240968501.108250
2018-12-23	-0.003787	0.001697	0.017822	-0.009411	-0.003787	6151275489.920450
2018-12-22	0.030191	0.000395	0.030191	-0.010472	0.030191	5605823232.544270
2018-12-21	-0.057540	-0.000178	0.015477	-0.068569	-0.057540	7206015706.475590
2018-12-20	0.103709	-0.001003	0.118869	-0.004532	0.103709	8927129279.047029
2018-12-19	0.013499	0.002913	0.068523	-0.002389	0.013499	6810689118.779680
2018-12-18	0.042358	-0.000311	0.043850	-0.016553	0.042358	5911325472.511830
2018-12-17	0.090083	0.000087	0.106085	0.000087	0.090083	5409247918.119520
2018-12-16	0.004967	-0.000150	0.021315	-0.000909	0.004967	3744248994.379240
2018-12-15	-0.001765	0.000467	0.010144	-0.015785	-0.001765	3551763561.380390
2018-12-14	-0.021484	-0.000581	0.004792	-0.032331	-0.021484	4372763663.291510
2018-12-13	-0.049692	0.000266	0.000800	-0.054150	-0.049692	4343372456.248720
2018-12-12	0.018210	-0.000914	0.032016	-0.003243	0.018210	4139364828.952230
2018-12-11	-0.022288	-0.001456	0.003006	-0.031521	-0.022288	4696765187.876250
2018-12-10	-0.030872	-0.000605	0.009158	-0.039867	-0.030872	5020968740.042150
2018-12-09	0.039734	-0.000831	0.060180	-0.002020	0.039734	4947372847.280640
2018-12-08	0.016426	0.000577	0.025178	-0.020260	0.016426	5305024497.061530
2018-12-07	-0.028731	-0.002417	-0.002417	-0.068408	-0.028731	6835615448.396820
2018-12-06	-0.062039	0.000021	0.032225	-0.062039	-0.062039	5878333109.028880
2018-12-05	-0.051277	0.000506	0.003195	-0.051277	-0.051277	5302481573.522310
2018-12-04	0.016117	-0.002012	0.046608	-0.015762	0.016117	5028069239.314270
2018-12-03	-0.059361	0.001799	0.003889	-0.072329	-0.059361	5089570993.523040
2018-12-02	-0.017746	-0.003307	0.020606	-0.024603	-0.017746	5262697895.120740
2018-12-01	0.049139	0.001791	0.072713	-0.011838	0.049139	5375314093.101450
2018-11-30	-0.061133	0.002394	0.010314	-0.078532	-0.061133	6048016716.854970
2018-11-29	0.005033	0.002721	0.036548	-0.026226	0.005033	6503347767.189220
2018-11-28	0.114298	0.000458	0.147925	0.000458	0.114298	7280280000.000000
2018-11-27	0.011005	-0.003488	0.022182	-0.031256	0.011005	5998720000.000000
2018-11-26	-0.057567	0.001272	0.024232	-0.091285	-0.057567	6476900000.000000
2018-11-25	0.033295	0.000005	0.061872	-0.076196	0.033295	6825640000.000000
2018-11-24	-0.107278	0.000133	0.015178	-0.126969	-0.107278	4679500000.000000
2018-11-23	-0.004313	-0.001200	0.006981	-0.038997	-0.004313	4871490000.000000
2018-11-22	-0.051330	0.002043	0.005969	-0.051395	-0.051330	4569370000.000000
2018-11-21	0.033761	0.003071	0.050284	-0.024235	0.033761	6120120000.000000
2018-11-20	-0.086138	-0.001552	0.016447	-0.123038	-0.086138	8428290000.000000
2018-11-19	-0.133732	-0.000491	-0.000491	-0.138815	-0.133732	7039560000.000000
2018-11-18	0.012461	0.000974	0.017874	0.000974	0.012461	4159680000.000000
2018-11-17	-0.003806	0.000543	0.000543	-0.010042	-0.003806	4303150000.000000
2018-11-16	-0.012833	-0.000480	0.001592	-0.026397	-0.012833	5279320000.000000
2018-11-15	-0.015740	-0.000383	0.006355	-0.066216	-0.015740	7032140000.000000
2018-11-14	-0.097671	-0.001297	0.001896	-0.128218	-0.097671	7398940000.000000
2018-11-13	-0.001849	0.000301	0.003767	-0.004489	-0.001849	4503800000.000000
2018-11-12	-0.006239	0.000076	0.003578	-0.007924	-0.006239	4295770000.000000
2018-11-11	0.000320	0.000688	0.002189	-0.009213	0.000320	3939060000.000000
2018-11-10	0.003696	0.000080	0.008090	-0.000049	0.003696	3705320000.000000
2018-11-09	-0.010552	-0.001723	0.000425	-0.012450	-0.010552	4346820000.000000
2018-11-08	-0.011703	-0.001205	0.001038	-0.014029	-0.011703	4665260000.000000
2018-11-07	0.010700	0.001159	0.014108	0.001130	0.010700	4941260000.000000
2018-11-06	0.006441	0.002137	0.006837	-0.001791	0.006441	4700040000.000000
2018-11-05	0.006827	-0.001962	0.016383	-0.001962	0.006827	4174800000.000000
2018-11-04	0.002338	0.000662	0.004303	-0.010484	0.002338	4390020000.000000
2018-11-03	-0.004255	-0.000188	0.001820	-0.007211	-0.004255	3658640000.000000
2018-11-02	0.001671	0.000179	0.002992	-0.007902	0.001671	4234870000.000000
2018-11-01	0.009524	0.000084	0.036332	-0.000915	0.009524	3789400000.000000
2018-10-31	-0.002630	0.000429	0.002351	-0.002745	-0.002630	4191240000.000000
2018-10-30	0.000259	0.000696	0.005110	-0.003551	0.000259	3781100000.000000
2018-10-29	-0.023705	0.000919	0.002653	-0.027658	-0.023705	4199910000.000000
2018-10-28	0.000927	0.000352	0.003379	-0.005011	0.000927	3445190000.000000
2018-10-27	0.000870	0.000941	0.005044	-0.003277	0.000870	3393250000.000000
2018-10-26	-0.000238	-0.001212	0.003397	-0.004120	-0.000238	3306050000.000000
2018-10-25	-0.003010	-0.001723	0.001356	-0.007514	-0.003010	3230550000.000000
2018-10-24	0.003104	0.000486	0.007142	-0.001062	0.003104	3424670000.000000
2018-10-23	-0.001760	-0.002281	0.002906	-0.005532	-0.001760	3716150000.000000
2018-10-22	0.000742	0.000571	0.009480	-0.002988	0.000742	3672860000.000000
2018-10-21	-0.001054	0.000139	0.010354	-0.002033	-0.001054	3253610000.000000
2018-10-20	0.003678	-0.000694	0.004997	-0.002538	0.003678	3379130000.000000
2018-10-19	-0.001745	0.000210	0.002620	-0.004848	-0.001745	3578870000.000000
2018-10-18	-0.010348	-0.000321	0.003531	-0.014423	-0.010348	3924080000.000000
2018-10-17	-0.007835	-0.000847	0.000773	-0.011925	-0.007835	4088420000.000000
2018-10-16	-0.000065	0.000738	0.011680	-0.003816	-0.000065	4074800000.000000
2018-10-15	0.048579	0.000272	0.107159	-0.005126	0.048579	7370770000.000000
2018-10-14	0.000786	0.000398	0.012284	-0.000929	0.000786	3085320000.000000
2018-10-13	0.001818	0.000558	0.005408	-0.002354	0.001818	3064030000.000000
2018-10-12	0.002931	-0.002716	0.011550	-0.003160	0.002931	3783500000.000000
2018-10-11	-0.050002	0.000184	0.000184	-0.051900	-0.050002	5181640000.000000
2018-10-10	-0.008597	-0.000354	-0.000354	-0.015608	-0.008597	3787650000.000000
2018-10-09	-0.001442	0.000128	0.001380	-0.006808	-0.001442	3580810000.000000
2018-10-08	0.007463	-0.000418	0.010921	-0.004075	0.007463	3979460000.000000
2018-10-07	0.002222	0.000360	0.008072	-0.004746	0.002222	3306630000.000000
2018-10-06	-0.005160	-0.000005	0.000915	-0.006747	-0.005160	3259740000.000000
2018-10-05	0.006962	-0.000386	0.007136	-0.002932	0.006962	3671500000.000000
2018-10-04	0.011395	-0.000720	0.015489	-0.000720	0.011395	3838410000.000000
2018-10-03	-0.008162	-0.000342	0.002343	-0.015569	-0.008162	3887310000.000000
2018-10-02	-0.005087	0.000549	0.003372	-0.007849	-0.005087	3979260000.000000
2018-10-01	-0.005424	-0.000862	0.004187	-0.011543	-0.005424	4000970000.000000
2018-09-30	0.003575	0.000417	0.006334	-0.005365	0.003575	4002280000.000000
2018-09-29	-0.006347	-0.000155	-0.000155	-0.019939	-0.006347	4363690000.000000
2018-09-28	-0.004886	0.000300	0.016217	-0.011747	-0.004886	5014430000.000000
2018-09-27	0.027983	0.000045	0.033426	-0.004627	0.027983	4606810000.000000
2018-09-26	0.007528	0.000980	0.021630	-0.007536	0.007528	4437300000.000000
2018-09-25	-0.022582	0.001248	0.001248	-0.032379	-0.022582	4726180000.000000
2018-09-24	-0.017170	-0.000873	0.000437	-0.019332	-0.017170	4177310000.000000
2018-09-23	-0.001688	-0.000991	0.006571	-0.006331	-0.001688	4197500000.000000
2018-09-22	-0.001926	0.000015	0.011820	-0.017543	-0.001926	4509660000.000000
2018-09-21	0.033020	-0.000890	0.042128	-0.003575	0.033020	6531940000.000000
2018-09-20	0.018931	0.000048	0.020430	-0.000405	0.018931	4348110000.000000
2018-09-19	0.004275	0.000086	0.012111	-0.025577	0.004275	4431340000.000000
2018-09-18	0.014344	-0.000046	0.016395	-0.002466	0.014344	4180090000.000000
2018-09-17	-0.036209	-0.000479	0.003534	-0.039842	-0.036209	3910780000.000000
2018-09-16	-0.003977	-0.000996	0.000173	-0.012700	-0.003977	3273730000.000000
2018-09-15	0.004682	-0.000508	0.007525	-0.002942	0.004682	3216300000.000000
2018-09-14	-0.000706	-0.000292	0.012089	-0.009381	-0.000706	4076220000.000000
2018-09-13	0.026057	0.000384	0.028907	0.000384	0.026057	4210910000.000000
2018-09-12	0.004841	-0.000663	0.006750	-0.008876	0.004841	4064230000.000000
2018-09-11	-0.001343	0.000344	0.010936	-0.010978	-0.001343	3849910000.000000
2018-09-10	0.004577	0.000113	0.011763	-0.001286	0.004577	3714100000.000000
2018-09-09	0.012027	-0.000418	0.035381	-0.003977	0.012027	3671890000.000000
2018-09-08	-0.037280	-0.001067	0.010388	-0.041680	-0.037280	3835060000.000000
2018-09-07	-0.009511	-0.000038	0.004001	-0.020263	-0.009511	4264680000.000000
2018-09-06	-0.038814	-0.005548	-0.005548	-0.057135	-0.038814	5523470000.000000
2018-09-05	-0.077269	-0.000027	0.003636	-0.077269	-0.077269	5800460000.000000
2018-09-04	0.013994	0.000405	0.017658	-0.000636	0.013994	4273640000.000000
2018-09-03	-0.001741	0.000868	0.006218	-0.008878	-0.001741	4087760000.000000
2018-09-02	0.011048	-0.000510	0.015718	-0.008493	0.011048	4329540000.000000
2018-09-01	0.022120	0.001027	0.029088	0.000067	0.022120	4116050000.000000
2018-08-31	0.008505	-0.000610	0.011312	-0.008322	0.008505	4495650000.000000
2018-08-30	-0.009781	-0.000482	0.003623	-0.030150	-0.009781	4463250000.000000
2018-08-29	-0.006922	-0.000644	0.002398	-0.017680	-0.006922	4145880000.000000
2018-08-28	0.030741	0.000935	0.032670	-0.000334	0.030741	4659940000.000000
2018-08-27	0.026446	0.000528	0.026446	-0.002617	0.026446	4019000000.000000
2018-08-26	-0.008270	-0.001264	0.001709	-0.021061	-0.008270	3295500000.000000
2018-08-25	0.006433	-0.000001	0.010368	-0.002827	0.006433	3312600000.000000
2018-08-24	0.028322	0.002546	0.028322	-0.005546	0.028322	4097820000.000000
2018-08-23	0.024804	-0.000842	0.026633	-0.000842	0.024804	3426180000.000000
2018-08-22	-0.017268	-0.000387	0.050554	-0.027532	-0.017268	4668110000.000000
2018-08-21	0.028569	-0.001183	0.030489	-0.001631	0.028569	3377180000.000000
2018-08-20	-0.030362	-0.000855	0.004742	-0.031992	-0.030362	3665100000.000000
2018-08-19	0.012813	-0.000185	0.017781	-0.009684	0.012813	3311170000.000000
2018-08-18	-0.023838	0.000425	0.005580	-0.034480	-0.023838	3984520000.000000
2018-08-17	0.038818	0.000976	0.039113	-0.001541	0.038818	4992990000.000000
2018-08-16	0.004155	-0.002265	0.026152	-0.005090	0.004155	4328420000.000000
2018-08-15	0.017551	0.003502	0.062709	0.003502	0.017551	4895450000.000000
2018-08-14	-0.015539	-0.001574	-0.001529	-0.051849	-0.015539	5301700000.000000
2018-08-13	-0.003973	0.002953	0.033903	-0.015337	-0.003973	4083980000.000000
2018-08-12	0.004282	-0.001919	0.018127	-0.009249	0.004282	5665250000.000000
2018-08-11	0.017951	0.000175	0.043823	-0.012237	0.017951	4047850000.000000
2018-08-10	-0.058390	0.000486	0.003506	-0.067554	-0.058390	4528680000.000000
2018-08-09	0.041617	-0.000038	0.050736	-0.008996	0.041617	4267040000.000000
2018-08-08	-0.066239	-0.000928	-0.000928	-0.078023	-0.066239	5064430000.000000
2018-08-07	-0.028580	0.000938	0.028016	-0.029282	-0.028580	4682800000.000000
2018-08-06	-0.016507	-0.000784	0.013874	-0.025174	-0.016507	3925900000.000000
2018-08-05	0.005066	-0.000252	0.009942	-0.013103	0.005066	3679110000.000000
2018-08-04	-0.054011	0.000576	0.008488	-0.060573	-0.054011	4268390000.000000
2018-08-03	-0.017544	-0.000662	-0.000662	-0.031518	-0.017544	4627150000.000000
2018-08-02	-0.007575	0.001217	0.011523	-0.013308	-0.007575	4214110000.000000
2018-08-01	-0.019990	-0.001465	-0.001465	-0.035408	-0.019990	4797620000.000000
2018-07-31	-0.048902	0.000088	0.000128	-0.059110	-0.048902	5287530000.000000
2018-07-30	-0.004621	0.000380	0.002073	-0.036620	-0.004621	5551400000.000000
2018-07-29	0.003212	0.001669	0.009779	-0.006222	0.003212	4107190016.000000
2018-07-28	0.003324	0.000496	0.007084	-0.006643	0.003324	3988750080.000000
2018-07-27	0.026841	-0.000148	0.039122	-0.014063	0.026841	5195879936.000000
2018-07-26	-0.028089	-0.000555	0.013316	-0.036996	-0.028089	4899089920.000000
2018-07-25	-0.028831	-0.005295	-0.000878	-0.040111	-0.028831	5845400064.000000
2018-07-24	0.092485	0.000700	0.092485	-0.000728	0.092485	7277689856.000000
2018-07-23	0.039445	-0.000510	0.047585	-0.001266	0.039445	5132480000.000000
2018-07-22	-0.000108	-0.000201	0.015993	-0.004781	-0.000108	3695460096.000000
2018-07-21	0.008860	-0.000192	0.011356	-0.012472	0.008860	3726609920.000000
2018-07-20	-0.015097	0.000072	0.017117	-0.019232	-0.015097	4936869888.000000
2018-07-19	0.013035	0.001007	0.016780	-0.010219	0.013035	5111629824.000000
2018-07-18	0.006794	-0.000781	0.029224	-0.005542	0.006794	6103410176.000000
2018-07-17	0.085926	-0.000312	0.095745	-0.008541	0.085926	5961950208.000000
2018-07-16	0.060084	-0.000414	0.060084	-0.000414	0.060084	4725799936.000000
2018-07-15	0.013308	-0.000545	0.020290	-0.003125	0.013308	3285459968.000000
2018-07-14	0.006103	0.001515	0.009641	-0.004141	0.006103	2923670016.000000
2018-07-13	0.001483	0.000999	0.013123	-0.005871	0.001483	3805400064.000000
2018-07-12	-0.025943	0.000324	0.000374	-0.040391	-0.025943	3770170112.000000
2018-07-11	0.010231	0.000130	0.018169	0.000082	0.010231	3644859904.000000
2018-07-10	-0.061082	-0.000377	0.003855	-0.062451	-0.061082	4052430080.000000
2018-07-09	-0.004743	0.000177	0.009566	-0.007313	-0.004743	3718129920.000000
2018-07-08	-0.012112	0.000127	0.004226	-0.015889	-0.012112	3386210048.000000
2018-07-07	0.027486	-0.000718	0.028544	-0.014124	0.027486	3961080064.000000
2018-07-06	0.005175	-0.000068	0.009308	-0.015904	0.005175	4313959936.000000
2018-07-05	0.006304	0.000327	0.023037	-0.007715	0.006304	4999240192.000000
2018-07-04	0.010408	0.003259	0.037113	-0.012119	0.010408	4176689920.000000
2018-07-03	-0.012789	-0.002649	0.008647	-0.025163	-0.012789	4672309760.000000
2018-07-02	0.035761	-0.000852	0.046672	-0.012546	0.035761	4396930048.000000
2018-07-01	-0.002839	0.001199	0.004505	-0.017912	-0.002839	4788259840.000000
2018-06-30	0.029863	-0.000656	0.039755	-0.000656	0.029863	4543860224.000000
2018-06-29	0.053335	-0.000899	0.060680	-0.011466	0.053335	3966230016.000000
2018-06-28	-0.041203	-0.000645	0.002157	-0.046138	-0.041203	3467800064.000000
2018-06-27	0.010414	-0.001521	0.014167	-0.006699	0.010414	3296219904.000000
2018-06-26	-0.024885	0.000699	0.006558	-0.024885	-0.024885	3279759872.000000
2018-06-25	0.012303	-0.000204	0.024969	-0.008675	0.012303	5500810240.000000
2018-06-24	0.001744	0.000292	0.009947	-0.054535	0.001744	4566909952.000000
2018-06-23	0.012951	0.001054	0.023198	-0.001953	0.012951	3431360000.000000
2018-06-22	-0.095999	0.001210	0.002577	-0.107454	-0.095999	5079810048.000000
2018-06-21	-0.006908	0.000522	0.005075	-0.009058	-0.006908	3529129984.000000
2018-06-20	0.000976	0.000121	0.007625	-0.023347	0.000976	3888640000.000000
2018-06-19	0.005215	0.001124	0.013019	-0.003697	0.005215	4057029888.000000
2018-06-18	0.036243	0.001662	0.043370	-0.008092	0.036243	4039200000.000000
2018-06-17	-0.007769	-0.000707	0.005946	-0.007769	-0.007769	3104019968.000000
2018-06-16	0.014494	-0.000175	0.021050	-0.008408	0.014494	3194170112.000000
2018-06-15	-0.032773	-0.000190	0.000858	-0.036175	-0.032773	3955389952.000000
2018-06-14	0.051253	-0.001126	0.056259	-0.002432	0.051253	5138710016.000000
2018-06-13	-0.035316	0.002206	0.007490	-0.045080	-0.035316	5052349952.000000
2018-06-12	-0.046991	-0.000159	0.000151	-0.052822	-0.046991	4654380032.000000
2018-06-11	0.017816	0.001955	0.018296	-0.011699	0.017816	4745269760.000000
2018-06-10	-0.099039	-0.004306	-0.004306	-0.109255	-0.099039	5804839936.000000
2018-06-09	-0.012189	0.000997	0.007693	-0.012189	-0.012189	3845220096.000000
2018-06-08	-0.006944	0.000899	0.002598	-0.015608	-0.006944	4227579904.000000
2018-06-07	0.003170	-0.000413	0.011405	-0.000413	0.003170	4485799936.000000
2018-06-06	0.002649	-0.001020	0.006114	-0.017259	0.002649	4692259840.000000
2018-06-05	0.015875	-0.001806	0.017135	-0.015633	0.015875	4961739776.000000
2018-06-04	-0.026655	0.000295	0.004348	-0.031891	-0.026655	4993169920.000000
2018-06-03	0.010048	-0.001486	0.014580	-0.003979	0.010048	4851760128.000000
2018-06-02	0.013525	-0.000627	0.020471	-0.005860	0.013525	4939299840.000000
2018-06-01	0.006309	0.000871	0.014753	-0.011586	0.006309	4921460224.000000
2018-05-31	0.011834	-0.000050	0.027325	-0.006128	0.011834	5127130112.000000
2018-05-30	-0.008842	-0.000383	0.013540	-0.021276	-0.008842	4922540032.000000
2018-05-29	0.047169	-0.000915	0.054713	-0.006350	0.047169	5662660096.000000
2018-05-28	-0.031518	0.000419	0.006898	-0.036281	-0.031518	5040600064.000000
2018-05-27	0.001678	0.000843	0.003516	-0.011544	0.001678	4056519936.000000
2018-05-26	-0.016612	0.000848	0.015377	-0.017516	-0.016612	4051539968.000000
2018-05-25	-0.014129	0.000654	0.009463	-0.025660	-0.014129	4867829760.000000
2018-05-24	0.003906	0.000437	0.023920	-0.029993	0.003906	6049220096.000000
2018-05-23	-0.060181	-0.000584	0.001602	-0.066391	-0.060181	6491120128.000000
2018-05-22	-0.044805	0.000105	0.000506	-0.049223	-0.044805	5137010176.000000
2018-05-21	-0.011072	0.001067	0.005200	-0.017400	-0.011072	5154990080.000000
2018-05-20	0.032262	-0.000023	0.038223	-0.005085	0.032262	5191059968.000000
2018-05-19	-0.000459	0.000577	0.014676	-0.008195	-0.000459	4712399872.000000
2018-05-18	0.019353	-0.000308	0.022213	-0.014763	0.019353	5764190208.000000
2018-05-17	-0.032802	0.000146	0.009166	-0.037605	-0.032802	5862530048.000000
2018-05-16	-0.016633	-0.000701	-0.000229	-0.039351	-0.016633	6760220160.000000
2018-05-15	-0.023680	-0.001331	0.013698	-0.029866	-0.023680	6705710080.000000
2018-05-14	-0.000820	-0.001243	0.018017	-0.040804	-0.000820	7364149760.000000
2018-05-13	0.025756	0.001246	0.031589	-0.012907	0.025756	5866379776.000000
2018-05-12	0.007510	-0.000006	0.026461	-0.025824	0.007510	6821380096.000000
2018-05-11	-0.066614	0.000997	0.000997	-0.071814	-0.066614	8488520192.000000
2018-05-10	-0.030159	0.000084	0.007599	-0.030526	-0.030159	6906699776.000000
2018-05-09	0.009785	-0.001201	0.015153	-0.022004	0.009785	7226890240.000000
2018-05-08	-0.014743	0.000839	0.009574	-0.026165	-0.014743	7415869952.000000
2018-05-07	-0.029187	-0.000946	0.001144	-0.043840	-0.029187	7394019840.000000
2018-05-06	-0.020628	-0.001303	0.008317	-0.039855	-0.020628	7222280192.000000
2018-05-05	0.016225	-0.000049	0.027188	-0.000581	0.016225	7651939840.000000
2018-05-04	-0.004423	-0.004963	0.003627	-0.016205	-0.004423	8217829888.000000
2018-05-03	0.054996	-0.000211	0.060894	-0.005172	0.054996	10207299584.000000
2018-05-02	0.012820	-0.001580	0.015079	-0.011391	0.012820	7558159872.000000
2018-05-01	-0.013153	0.001182	0.001659	-0.037822	-0.013153	7713019904.000000
2018-04-30	-0.018954	0.000746	0.006164	-0.026783	-0.018954	8673920000.000000
2018-04-29	0.007552	-0.000221	0.019576	-0.016556	0.007552	8853000192.000000
2018-04-28	0.040217	-0.005317	0.047295	-0.006127	0.040217	7805479936.000000
2018-04-27	-0.031725	0.000983	0.010123	-0.031725	-0.031725	7566289920.000000
2018-04-26	0.049263	0.002440	0.049263	-0.013413	0.049263	8970559488.000000
2018-04-25	-0.087833	0.000364	0.004931	-0.092566	-0.087833	11083100160.000000
2018-04-24	0.085839	0.000387	0.089771	-0.000341	0.085839	10678800384.000000
2018-04-23	0.014589	-0.000917	0.017733	-0.001551	0.014589	6925190144.000000
2018-04-22	-0.010468	0.003314	0.011923	-0.013037	-0.010468	6629899776.000000
2018-04-21	0.005624	0.000335	0.017154	-0.021895	0.005624	7548550144.000000
2018-04-20	0.066494	-0.000896	0.070641	-0.006000	0.066494	8438110208.000000
2018-04-19	0.016034	-0.000508	0.016570	-0.003018	0.016034	7063209984.000000
2018-04-18	0.033071	0.005358	0.037422	-0.002035	0.033071	6529909760.000000
2018-04-17	-0.019430	0.001612	0.028204	-0.021958	-0.019430	6900879872.000000
2018-04-16	-0.032469	0.001016	0.005047	-0.048430	-0.032469	5631309824.000000
2018-04-15	0.042933	0.001639	0.044098	0.001639	0.042933	5244480000.000000
2018-04-14	0.011434	-0.002696	0.030997	-0.006327	0.011434	5191430144.000000
2018-04-13	0.000851	0.001501	0.037356	-0.016519	0.000851	7764460032.000000
2018-04-12	0.132160	-0.001857	0.133592	-0.023221	0.132160	8906250240.000000
2018-04-11	0.019541	0.001274	0.019541	-0.002512	0.019541	4641889792.000000
2018-04-10	0.009457	0.003650	0.015018	-0.009834	0.009457	4272750080.000000
2018-04-09	-0.035992	0.002961	0.022010	-0.051474	-0.035992	4894060032.000000
2018-04-08	0.016268	0.001286	0.029007	0.001286	0.016268	3652499968.000000
2018-04-07	0.041404	-0.000875	0.062417	-0.000875	0.041404	3976610048.000000
2018-04-06	-0.025714	0.000659	0.006756	-0.034716	-0.025714	3766810112.000000
2018-04-05	-0.006182	-0.000757	0.011669	-0.030500	-0.006182	5639320064.000000
2018-04-04	-0.080775	0.000040	0.001847	-0.087476	-0.080775	4936000000.000000
2018-04-03	0.052558	0.002606	0.063122	-0.001597	0.052558	5499700224.000000
2018-04-02	0.035003	0.000092	0.042553	-0.004040	0.035003	4333440000.000000
2018-04-01	-0.018542	0.004235	0.012536	-0.064051	-0.018542	4532100096.000000
2018-03-31	0.012047	0.000284	0.046053	-0.003918	0.012047	4553269760.000000
2018-03-30	-0.038402	0.000802	0.015485	-0.067233	-0.038402	6289509888.000000
2018-03-29	-0.099162	0.003091	0.005010	-0.109762	-0.099162	6361229824.000000
2018-03-28	0.015504	0.000484	0.037004	-0.003047	0.015504	4935289856.000000
2018-03-27	-0.045845	-0.001145	0.002848	-0.050201	-0.045845	5378250240.000000
2018-03-26	-0.033708	0.000317	0.004037	-0.067604	-0.033708	5921039872.000000
2018-03-25	-0.019882	-0.006381	0.001602	-0.025267	-0.019882	4569880064.000000
2018-03-24	-0.023819	0.002515	0.013127	-0.024091	-0.023819	5664600064.000000
2018-03-23	0.017317	0.000891	0.017317	-0.042144	0.017317	5954120192.000000
2018-03-22	-0.022489	0.001138	0.019199	-0.040807	-0.022489	5530390016.000000
2018-03-21	0.001774	0.002694	0.029607	-0.007532	0.001774	6043129856.000000
2018-03-20	0.032769	-0.001272	0.048707	-0.027896	0.032769	6361789952.000000
2018-03-19	0.049488	0.014646	0.054986	-0.005020	0.049488	6729110016.000000
2018-03-18	0.038753	-0.003330	0.041510	-0.065542	0.038753	6639190016.000000
2018-03-17	-0.050546	-0.001972	0.000981	-0.063026	-0.050546	4426149888.000000
2018-03-16	0.004516	0.002656	0.034248	-0.035605	0.004516	5289379840.000000
2018-03-15	0.003755	0.002533	0.019171	-0.058860	0.003755	6834429952.000000
2018-03-14	-0.100604	0.002153	0.017510	-0.122488	-0.100604	6438230016.000000
2018-03-13	-0.001116	-0.003485	0.028817	-0.026825	-0.001116	5991139840.000000
2018-03-12	-0.038994	0.002537	0.037466	-0.064957	-0.038994	6457399808.000000
2018-03-11	0.080378	-0.001491	0.095408	-0.029199	0.080378	6296370176.000000
2018-03-10	-0.050500	0.001397	0.020752	-0.054520	-0.050500	5386319872.000000
2018-03-09	-0.006116	0.002095	0.007593	-0.093877	-0.006116	8704190464.000000
2018-03-08	-0.057253	-0.001418	0.018246	-0.063188	-0.057253	7186089984.000000
2018-03-07	-0.075542	0.002226	0.013878	-0.100908	-0.075542	8797910016.000000
2018-03-06	-0.068554	-0.006325	-0.006325	-0.075951	-0.068554	6832169984.000000
2018-03-05	0.005273	0.001720	0.016634	-0.005967	0.005273	6468539904.000000
2018-03-04	0.001993	0.000670	0.001993	-0.030775	0.001993	6084149760.000000
2018-03-03	0.036378	0.001398	0.039851	-0.007577	0.036378	6690570240.000000
2018-03-02	0.012364	0.002411	0.021733	-0.009214	0.012364	7620590080.000000
2018-03-01	0.053193	-0.001241	0.062936	-0.004347	0.053193	7317279744.000000
2018-02-28	-0.030553	-0.003580	0.033956	-0.031001	-0.030553	6936189952.000000
2018-02-27	0.034620	0.002624	0.049370	-0.011633	0.034620	6966179840.000000
2018-02-26	0.072632	0.000486	0.083838	-0.016865	0.072632	7287690240.000000
2018-02-25	-0.015117	-0.001697	0.011225	-0.041374	-0.015117	5706939904.000000
2018-02-24	-0.047376	-0.001301	0.028745	-0.073209	-0.047376	6917929984.000000
2018-02-23	0.029595	-0.006790	0.048206	-0.027031	0.029595	7739500032.000000
2018-02-22	-0.064114	-0.002806	0.032618	-0.070279	-0.064114	8040079872.000000
2018-02-21	-0.062550	-0.002762	0.001298	-0.081079	-0.062550	9405339648.000000
2018-02-20	0.015893	0.000579	0.065317	0.000579	0.015893	9926540288.000000
2018-02-19	0.063828	0.000076	0.068424	-0.003658	0.063828	7652089856.000000
2018-02-18	-0.050474	0.000963	0.021336	-0.070793	-0.050474	8744009728.000000
2018-02-17	0.085871	-0.002580	0.088490	-0.008257	0.085871	8660880384.000000
2018-02-16	0.006640	-0.003020	0.015512	-0.033599	0.006640	7296159744.000000
2018-02-15	0.070753	-0.000665	0.077957	-0.010432	0.070753	9062540288.000000
2018-02-14	0.104244	0.000187	0.107025	0.000187	0.104244	7909819904.000000
2018-02-13	-0.036773	0.000017	0.003574	-0.052782	-0.036773	5696719872.000000
2018-02-12	0.097983	0.001410	0.105283	0.001410	0.097983	6256439808.000000
2018-02-11	-0.057056	-0.000669	-0.000669	-0.080122	-0.057056	6122189824.000000
2018-02-10	-0.013172	-0.001934	0.044131	-0.050534	-0.013172	7780960256.000000
2018-02-09	0.057030	0.000756	0.057030	-0.046080	0.057030	6784820224.000000
2018-02-08	0.084538	0.002173	0.123007	0.002173	0.084538	9346750464.000000
2018-02-07	-0.017114	0.000192	0.097383	-0.066702	-0.017114	9169280000.000000
2018-02-06	0.114838	0.013871	0.128741	-0.130406	0.114838	13999800320.000000
2018-02-05	-0.159688	-0.000782	0.010611	-0.183681	-0.159688	9285289984.000000
2018-02-04	-0.097865	0.000086	0.017434	-0.124654	-0.097865	7073549824.000000
2018-02-03	0.038973	0.002420	0.067944	-0.065580	0.038973	7263790080.000000
2018-02-02	-0.037052	-0.003082	-0.003082	-0.149833	-0.037052	12726899712.000000
2018-02-01	-0.102783	0.001585	0.006624	-0.137834	-0.102783	9959400448.000000
2018-01-31	0.011359	0.000188	0.027240	-0.032542	0.011359	8041160192.000000
2018-01-30	-0.105352	0.000921	0.000956	-0.111558	-0.105352	8637859840.000000
2018-01-29	-0.041565	-0.002613	0.007577	-0.051509	-0.041565	7107359744.000000
2018-01-28	0.030208	0.003024	0.052409	0.003024	0.030208	8350360064.000000
2018-01-27	0.024106	0.000313	0.039700	-0.016310	0.024106	7583269888.000000
2018-01-26	-0.007816	-0.000302	0.035286	-0.070084	-0.007816	9746199552.000000
2018-01-25	-0.008803	0.005484	0.037528	-0.026586	-0.008803	8873169920.000000
2018-01-24	0.045177	0.003220	0.058242	-0.021034	0.045177	9940989952.000000
2018-01-23	-0.005763	0.001198	0.040818	-0.073339	-0.005763	9660609536.000000
2018-01-22	-0.057646	0.002845	0.031577	-0.117232	-0.057646	10537400320.000000
2018-01-21	-0.100712	-0.000775	-0.000256	-0.124891	-0.100712	9935179776.000000
2018-01-20	0.111291	0.004204	0.128849	0.004204	0.111291	11801700352.000000
2018-01-19	0.011547	-0.003930	0.045133	-0.026388	0.011547	10740400128.000000
2018-01-18	0.025589	0.000912	0.082110	-0.021996	0.025589	15020399616.000000
2018-01-17	-0.026274	-0.005170	0.016318	-0.181734	-0.026274	18830600192.000000
2018-01-16	-0.168548	0.001179	0.001686	-0.262298	-0.168548	18853799936.000000
2018-01-15	0.003471	-0.000341	0.048904	-0.009461	0.003471	12750799872.000000
2018-01-14	-0.040960	0.000738	0.010557	-0.076057	-0.040960	11084099584.000000
2018-01-13	0.027152	-0.002017	0.048560	-0.002017	0.027152	12763599872.000000
2018-01-12	0.042877	0.003588	0.061473	-0.018477	0.042877	12065699840.000000
2018-01-11	-0.104686	-0.000341	0.003039	-0.124715	-0.104686	16534099968.000000
2018-01-10	0.025892	-0.000473	0.025892	-0.061951	0.025892	18500800512.000000
2018-01-09	-0.037884	-0.003059	0.021582	-0.049182	-0.037884	16659999744.000000
2018-01-08	-0.079350	-0.000085	0.003660	-0.137726	-0.079350	18413899776.000000
2018-01-07	-0.059873	0.000017	0.003001	-0.082119	-0.059873	15866000384.000000
2018-01-06	0.005594	0.001870	0.016231	-0.038148	0.005594	18314600448.000000
2018-01-05	0.117333	-0.007821	0.135007	-0.025412	0.117333	23840899072.000000
2018-01-04	0.026196	0.004585	0.035438	-0.044655	0.026196	21783199744.000000
2018-01-03	0.014611	-0.000260	0.039427	-0.009184	0.014611	16871900160.000000
2018-01-02	0.097011	-0.002358	0.130876	-0.036142	0.097011	16846600192.000000
2018-01-01	-0.035263	-0.003122	-0.003122	-0.070760	-0.035263	10291200000.000000
2017-12-31	0.092973	-0.004208	0.110035	-0.015179	0.092973	12136299520.000000
2017-12-30	-0.116265	0.001754	0.001754	-0.157346	-0.116265	14452599808.000000
2017-12-29	0.003403	0.006114	0.046041	-0.020505	0.003403	13025500160.000000
2017-12-28	-0.077785	0.001616	0.003151	-0.120037	-0.077785	12336499712.000000
2017-12-27	-0.016230	0.003957	0.051622	-0.061212	-0.016230	12487600128.000000
2017-12-26	0.147805	0.000713	0.173570	0.000164	0.147805	13454300160.000000
2017-12-25	0.007238	0.005034	0.047911	-0.034246	0.007238	10664699904.000000
2017-12-24	-0.052615	-0.006191	-0.004980	-0.132762	-0.052615	11572299776.000000
2017-12-23	0.062711	0.008452	0.128067	-0.000217	0.062711	13086000128.000000
2017-12-22	-0.124730	0.006018	0.008891	-0.251213	-0.124730	22197999616.000000
2017-12-21	-0.049427	0.001071	0.056729	-0.077109	-0.049427	16516599808.000000
2017-12-20	-0.064810	-0.000922	0.008888	-0.095574	-0.064810	22149699584.000000
2017-12-19	-0.069974	0.000215	0.003327	-0.096201	-0.069974	16894499840.000000
2017-12-18	-0.001390	-0.001797	0.012027	-0.041007	-0.001390	14839499776.000000
2017-12-17	-0.018290	-0.001108	0.030342	-0.026840	-0.018290	13314599936.000000
2017-12-16	0.101119	0.003016	0.113504	-0.010821	0.101119	12740599808.000000
2017-12-15	0.068999	0.002252	0.095997	0.002252	0.068999	14309999616.000000
2017-12-14	0.009495	-0.001438	0.041297	-0.013548	0.009495	13777399808.000000
2017-12-13	-0.057834	0.004858	0.013649	-0.078993	-0.057834	12976900096.000000
2017-12-12	0.028258	-0.001004	0.049891	-0.021563	0.028258	14603799552.000000
2017-12-11	0.095850	-0.001812	0.133190	-0.003274	0.095850	12153900032.000000
2017-12-10	0.018263	-0.000646	0.044300	-0.128579	0.018263	13433299968.000000
2017-12-09	-0.083962	-0.002782	0.012891	-0.174689	-0.083962	13911300096.000000
2017-12-08	-0.074320	-0.005408	0.025347	-0.199042	-0.074320	21135998976.000000
2017-12-07	0.252472	-0.001777	0.252472	-0.016387	0.252472	17950699520.000000
2017-12-06	0.199283	0.000562	0.205795	0.000562	0.199283	12656300032.000000
2017-12-05	0.022261	0.002445	0.032152	-0.004512	0.022261	6895260160.000000
2017-12-04	0.029497	-0.000689	0.029497	-0.021319	0.029497	6132409856.000000
2017-12-03	0.022448	0.000731	0.070802	-0.019197	0.022448	6608309760.000000
2017-12-02	0.009020	0.000246	0.031397	-0.006423	0.009020	5138500096.000000
2017-12-01	0.072506	-0.003420	0.079454	-0.052665	0.072506	6783119872.000000
2017-11-30	0.034888	0.001838	0.092267	-0.069429	0.034888	8310689792.000000
2017-11-29	-0.016919	0.001849	0.145007	-0.045509	-0.016919	11568799744.000000
2017-11-28	0.024490	0.000517	0.031304	-0.008357	0.024490	6348819968.000000
2017-11-27	0.052280	0.002376	0.052280	0.002376	0.052280	5653320192.000000
2017-11-26	0.061385	-0.000214	0.083269	-0.001744	0.061385	5475579904.000000
2017-11-25	0.065090	-0.001452	0.065090	-0.007577	0.065090	4342060032.000000
2017-11-24	0.026735	0.004385	0.041722	-0.012171	0.026735	5058610176.000000
2017-11-23	-0.026023	-0.002565	0.001678	-0.026023	-0.026023	4225179904.000000
2017-11-22	0.022585	0.000829	0.028620	0.000522	0.022585	3633530112.000000
2017-11-21	-0.015777	0.000622	0.018050	-0.053402	-0.015777	4277609984.000000
2017-11-20	0.020426	0.000321	0.037376	-0.010842	0.020426	3488450048.000000
2017-11-19	0.031622	-0.003096	0.040020	-0.012330	0.031622	3149319936.000000
2017-11-18	0.010528	-0.001528	0.022830	-0.031852	0.010528	3667190016.000000
2017-11-17	-0.020669	-0.002302	0.016883	-0.039458	-0.020669	4651670016.000000
2017-11-16	0.076023	0.001053	0.089103	-0.018995	0.076023	5123809792.000000
2017-11-15	0.102444	-0.000149	0.106469	-0.000149	0.102444	4200880128.000000
2017-11-14	0.011626	0.000303	0.031327	-0.014901	0.011626	3197110016.000000
2017-11-13	0.102422	-0.001987	0.144724	-0.017778	0.102422	6263249920.000000
2017-11-12	-0.064101	-0.009776	0.042068	-0.131904	-0.064101	8957349888.000000
2017-11-11	-0.039368	0.000071	0.038532	-0.062543	-0.039368	4908680192.000000
2017-11-10	-0.073554	0.004221	0.023576	-0.098929	-0.073554	5208249856.000000
2017-11-09	-0.042376	-0.001724	-0.001724	-0.048014	-0.042376	3226249984.000000
2017-11-08	0.044134	-0.000420	0.088467	-0.004249	0.044134	4602200064.000000
2017-11-07	0.017318	0.000048	0.032830	0.000048	0.017318	2326340096.000000
2017-11-06	-0.051928	-0.000566	0.005179	-0.054013	-0.051928	3111899904.000000
2017-11-05	0.003721	0.003329	0.032186	-0.006336	0.003721	2380410112.000000
2017-11-04	0.023890	-0.006005	0.039555	-0.024485	0.023890	2483800064.000000
2017-11-03	0.018261	0.001276	0.054078	-0.010675	0.018261	3369860096.000000
2017-11-02	0.045984	0.001546	0.088664	-0.001269	0.045984	4653770240.000000
2017-11-01	0.046211	-0.004241	0.046211	-0.013994	0.046211	2870320128.000000
2017-10-31	0.055113	0.000243	0.055444	-0.004437	0.055113	2311379968.000000
2017-10-30	-0.003790	-0.006337	0.009935	-0.018362	-0.003790	1772150016.000000
2017-10-29	0.069660	0.000235	0.087365	-0.004956	0.069660	2859040000.000000
2017-10-28	-0.004811	0.001197	0.016575	-0.015864	-0.004811	1403920000.000000
2017-10-27	-0.020988	-0.000862	0.014151	-0.029808	-0.020988	1710130048.000000
2017-10-26	0.026784	-0.000496	0.039299	-0.005144	0.026784	1905040000.000000
2017-10-25	0.040560	-0.000369	0.041199	-0.023298	0.040560	1966989952.000000
2017-10-24	-0.068070	0.000877	0.000877	-0.071858	-0.068070	2735699968.000000
2017-10-23	-0.012998	-0.000403	0.011179	-0.045927	-0.012998	2401840128.000000
2017-10-22	-0.003843	0.000839	0.007404	-0.039668	-0.003843	2034630016.000000
2017-10-21	0.003352	-0.002439	0.030513	-0.007715	0.003352	2207099904.000000
2017-10-20	0.053066	-0.000072	0.061590	-0.014240	0.053066	2354429952.000000
2017-10-19	0.021076	-0.001243	0.027485	-0.010666	0.021076	1780540032.000000
2017-10-18	-0.002644	-0.000301	-0.000301	-0.081004	-0.002644	2399269888.000000
2017-10-17	-0.020973	0.002793	0.013057	-0.044165	-0.020973	1821570048.000000
2017-10-16	0.008348	0.001652	0.017266	-0.023596	0.008348	2008070016.000000
2017-10-15	-0.026338	0.000715	0.003548	-0.060561	-0.026338	1976039936.000000
2017-10-14	0.032685	-0.000652	0.033732	-0.009840	0.032685	1669030016.000000
2017-10-13	0.036773	0.003167	0.072223	-0.001847	0.036773	3615480064.000000
2017-10-12	0.128547	0.000642	0.128547	-0.000928	0.128547	2791610112.000000
2017-10-11	0.009304	0.001518	0.019184	-0.006349	0.009304	1222279936.000000
2017-10-10	0.002089	0.000878	0.031465	-0.001450	0.002089	1597139968.000000
2017-10-09	0.035038	0.000876	0.058178	-0.010027	0.035038	1968739968.000000
2017-10-08	0.041472	0.000628	0.044557	-0.004800	0.041472	1313869952.000000
2017-10-07	0.012831	-0.000334	0.016718	-0.011385	0.012831	906928000.000000
2017-10-06	0.009796	-0.000913	0.019605	-0.001821	0.009796	1069939968.000000
2017-10-05	0.023420	0.000123	0.031513	-0.015442	0.023420	1161769984.000000
2017-10-04	-0.020410	0.000438	0.008067	-0.024797	-0.020410	1116770048.000000
2017-10-03	-0.020829	-0.000195	0.005250	-0.034116	-0.020829	1288019968.000000
