2021-02-27	-0.007864	0.000397	0.028520	-0.023435	-0.007864	1286229525.840000
2021-02-26	0.006230	-0.000583	0.045941	-0.029094	0.006230	1694323465.910000
2021-02-25	-0.112952	0.001047	0.022153	-0.118225	-0.112952	2356982021.710000
2021-02-24	0.193352	0.000472	0.263353	-0.024817	0.193352	4148511571.380000
2021-02-23	-0.117880	-0.000497	0.000803	-0.210605	-0.117880	2394345360.880000
2021-02-22	-0.040277	0.001149	0.080140	-0.158693	-0.040277	3366757324.180000
2021-02-21	0.029335	-0.000290	0.074357	-0.015236	0.029335	2450293068.340000
2021-02-20	-0.013690	-0.000132	0.093334	-0.063674	-0.013690	3175468554.070000
2021-02-19	-0.073931	-0.001802	-0.000751	-0.087783	-0.073931	2949251417.700000
2021-02-18	0.205884	-0.000249	0.251616	-0.007824	0.205884	4551943638.050000
2021-02-17	-0.077440	0.000037	0.027324	-0.102510	-0.077440	2976148722.540000
2021-02-16	-0.054260	-0.001827	0.054367	-0.099097	-0.054260	3409478695.840000
2021-02-15	-0.095081	0.000501	0.022175	-0.223701	-0.095081	4944804937.930000
2021-02-14	-0.058880	-0.000017	-0.000017	-0.146374	-0.058880	3984667628.470000
2021-02-13	-0.051649	-0.000627	0.022517	-0.056137	-0.051649	2618049766.470000
2021-02-12	0.005636	-0.000369	0.042114	-0.118130	0.005636	4190843783.520000
2021-02-11	-0.044179	-0.000713	0.019275	-0.063188	-0.044179	3818556738.800000
2021-02-10	0.040342	0.000585	0.157294	-0.022037	0.040342	6785088422.260000
2021-02-09	-0.111076	-0.000666	0.054584	-0.167513	-0.111076	7348840814.220000
2021-02-08	0.000550	-0.005450	0.078232	-0.178724	0.000550	12844375209.990000
2021-02-07	0.367865	-0.001617	0.464668	-0.058259	0.367865	14261024073.309999
2021-02-06	0.227124	-0.000079	0.242318	-0.043276	0.227124	5946101274.570000
2021-02-05	-0.119247	-0.004618	0.008452	-0.182955	-0.119247	6136160057.730000
2021-02-04	0.435595	0.002848	0.558964	-0.031661	0.435595	13040837600.680000
2021-02-03	0.177657	-0.000859	0.240636	-0.011866	0.177657	3146856788.260000
2021-02-02	-0.096185	0.001022	0.001463	-0.162871	-0.096185	3090896594.910000
2021-02-01	-0.062413	-0.003834	0.162753	-0.102949	-0.062413	6319224026.180000
2021-01-31	0.320142	0.000518	0.607348	-0.038123	0.320142	8548997881.640000
2021-01-30	-0.402566	-0.007612	0.058094	-0.523164	-0.402566	8735576552.610001
2021-01-29	0.383704	0.283132	1.287709	-0.051140	0.383704	25403310432.419998
2021-01-28	3.555712	-0.000119	3.568147	-0.017387	3.555712	10971544561.290001
2021-01-27	-0.093655	0.000097	0.000585	-0.116423	-0.093655	204797186.033110
2021-01-26	-0.015311	-0.000111	0.008657	-0.043102	-0.015311	161173748.765232
2021-01-25	-0.039435	-0.000025	0.017398	-0.051686	-0.039435	180820875.384408
2021-01-24	0.017247	-0.000091	0.043344	-0.007378	0.017247	162191977.185712
2021-01-23	0.006525	-0.000452	0.033377	-0.015841	0.006525	154393736.854528
2021-01-22	0.043738	-0.000208	0.073826	-0.062697	0.043738	185490003.415742
2021-01-21	-0.098649	0.000211	0.003231	-0.110225	-0.098649	215419838.753525
2021-01-20	-0.004189	-0.000237	0.006010	-0.062564	-0.004189	220205442.356601
2021-01-19	-0.007949	0.000146	0.048220	-0.016484	-0.007949	249242631.685124
2021-01-18	0.011536	0.000343	0.025248	-0.009471	0.011536	205025648.023791
2021-01-17	-0.021387	-0.000178	0.011013	-0.045684	-0.021387	254487988.634802
2021-01-16	-0.011141	-0.000254	0.017326	-0.024438	-0.011141	258630479.611062
2021-01-15	-0.002948	-0.000847	0.042537	-0.099713	-0.002948	398965924.687269
2021-01-14	0.090570	0.000265	0.164057	-0.031019	0.090570	428369038.650459
2021-01-13	0.068646	-0.000087	0.072339	-0.034174	0.068646	240079032.898129
2021-01-12	-0.087346	-0.000490	0.035087	-0.105298	-0.087346	333308456.856953
2021-01-11	-0.103966	-0.000163	-0.000163	-0.313345	-0.103966	637956958.097065
2021-01-10	-0.032820	-0.000099	0.066026	-0.099797	-0.032820	458583518.709002
2021-01-09	0.035322	-0.001385	0.090774	-0.010764	0.035322	485842353.134425
2021-01-08	0.010668	0.000099	0.055740	-0.077627	0.010668	394462163.614163
2021-01-07	-0.069058	-0.001087	0.006386	-0.124483	-0.069058	520644705.558844
2021-01-06	0.054911	0.000259	0.094130	-0.023737	0.054911	749915516.151288
2021-01-05	0.015686	-0.000032	0.046213	-0.081431	0.015686	687256066.663766
2021-01-04	-0.000341	0.001431	0.168927	-0.193745	-0.000341	1372398978.518579
2021-01-03	-0.079513	-0.001138	0.306377	-0.113533	-0.079513	2707003608.303009
2021-01-02	0.867121	0.000255	1.409542	-0.017784	0.867121	3421562679.531140
2021-01-01	0.214151	-0.000280	0.214151	-0.014303	0.214151	228961514.866529
2020-12-31	0.010083	0.000000	0.023290	-0.017841	0.010083	85498337.187852
2020-12-30	0.033220	0.000031	0.048263	-0.007527	0.033220	94834499.399759
2020-12-29	-0.022932	0.000078	0.003502	-0.068435	-0.022932	90876496.564452
2020-12-28	0.009688	0.000004	0.037065	-0.005348	0.009688	99641525.445765
2020-12-27	0.012026	-0.000049	0.069226	-0.014500	0.012026	154526398.650586
2020-12-26	-0.019280	-0.000229	0.012612	-0.034716	-0.019280	151728507.378270
2020-12-25	0.002527	-0.000114	0.009343	-0.038475	0.002527	136819916.991117
2020-12-24	0.213077	0.000042	0.214889	-0.018741	0.213077	143405579.577465
2020-12-23	-0.164195	0.000000	0.050435	-0.192552	-0.164195	205080908.328311
2020-12-22	-0.058411	-0.000622	0.011507	-0.087217	-0.058411	239288785.270546
2020-12-21	0.035203	0.000465	0.168899	-0.056562	0.035203	664160056.754155
2020-12-20	0.177732	-0.000176	0.191196	-0.025418	0.177732	508066004.176467
2020-12-19	0.017762	0.000073	0.041524	-0.012436	0.017762	98447179.313409
2020-12-18	0.034431	0.000142	0.064341	-0.029873	0.034431	101799430.200604
2020-12-17	0.091769	-0.000038	0.203917	-0.003018	0.091769	172736659.438133
2020-12-16	0.065669	-0.000087	0.067413	-0.006139	0.065669	50989880.331992
2020-12-15	-0.007744	-0.000118	0.005999	-0.016327	-0.007744	37127782.103099
2020-12-14	-0.007703	-0.000015	0.007095	-0.017436	-0.007703	36238516.367538
2020-12-13	0.029332	0.000155	0.035105	-0.003082	0.029332	37464322.693937
2020-12-12	0.027378	0.000071	0.034159	-0.001276	0.027378	35466154.646901
2020-12-11	-0.008310	0.000048	0.001633	-0.030864	-0.008310	41712942.308201
2020-12-10	-0.016944	0.000028	0.002087	-0.029150	-0.016944	33740987.801400
2020-12-09	-0.006677	-0.000142	0.000742	-0.051379	-0.006677	45746721.981529
2020-12-08	-0.048765	0.000221	0.005475	-0.061197	-0.048765	52702701.206492
2020-12-07	-0.013596	-0.000059	0.003494	-0.020184	-0.013596	36923813.659515
2020-12-06	-0.002493	-0.000029	0.013339	-0.015782	-0.002493	40936574.160771
2020-12-05	0.029944	-0.000294	0.035223	-0.009090	0.029944	43386582.507775
2020-12-04	-0.037781	0.000283	0.005511	-0.041568	-0.037781	45062221.830630
2020-12-03	0.015781	0.000243	0.037169	-0.006647	0.015781	47907031.898420
2020-12-02	0.011893	0.000051	0.030494	-0.012538	0.011893	58705660.952858
2020-12-01	-0.060883	0.000132	0.005951	-0.079304	-0.060883	80163603.194177
2020-11-30	0.029906	-0.000078	0.038462	-0.009725	0.029906	68622735.895818
2020-11-29	0.012603	-0.000015	0.036780	-0.013783	0.012603	46319971.502398
2020-11-28	0.039588	-0.000040	0.059355	-0.008473	0.039588	58033649.765524
2020-11-27	0.007813	0.000138	0.032506	-0.048397	0.007813	92323023.059289
2020-11-26	-0.127968	0.000072	0.017914	-0.200385	-0.127968	175520294.131008
2020-11-25	-0.113458	-0.000897	0.012522	-0.133722	-0.113458	174459927.372767
2020-11-24	0.152329	-0.000916	0.152515	-0.018865	0.152329	266716035.582147
2020-11-23	0.095717	0.000003	0.095717	-0.029330	0.095717	101561039.027713
2020-11-22	-0.050559	0.000000	0.043855	-0.092740	-0.050559	121660410.403150
2020-11-21	0.174997	0.000000	0.189184	0.000000	0.174997	162641693.829956
2020-11-20	0.025180	0.000021	0.034263	-0.000965	0.025180	57656464.675024
2020-11-19	0.000694	0.000028	0.017411	-0.014139	0.000694	40330643.397748
2020-11-18	-0.009149	-0.000078	0.021557	-0.027631	-0.009149	49460064.460293
2020-11-17	0.017357	0.007658	0.031201	-0.000021	0.017357	46631463.569066
2020-11-16	0.039771	0.000000	0.084222	-0.006486	0.039771	52063283.149519
2020-11-15	0.000869	0.000000	0.014583	-0.012243	0.000869	25131683.163849
2020-11-14	-0.017172	0.000000	0.000000	-0.035489	-0.017172	30334380.151812
2020-11-13	0.015272	-0.000036	0.020461	-0.000673	0.015272	29217750.247605
2020-11-12	0.003630	-0.000036	0.008046	-0.007920	0.003630	24028261.099408
2020-11-11	0.005648	-0.000007	0.030377	-0.000015	0.005648	33138759.446254
2020-11-10	0.031421	0.000161	0.068132	-0.005462	0.031421	39633173.342452
2020-11-09	-0.015166	-0.000004	0.027934	-0.017697	-0.015166	28124348.347596
2020-11-08	0.014962	0.000000	0.026604	-0.004860	0.014962	22754531.462848
2020-11-07	-0.032324	0.000000	0.021472	-0.053622	-0.032324	44610218.608766
2020-11-06	0.054661	-0.000130	0.070447	-0.003275	0.054661	54267546.017382
2020-11-05	0.032989	0.000012	0.041669	-0.014890	0.032989	31611962.839525
2020-11-04	0.002239	0.000020	0.012110	-0.012170	0.002239	52552651.190843
2020-11-03	0.004171	0.000000	0.005248	-0.025732	0.004171	62871653.295644
2020-11-02	-0.025033	-0.000015	0.004017	-0.025777	-0.025033	50142375.901907
2020-11-01	0.002255	0.000000	0.005594	-0.005652	0.002255	45528681.715350
2020-10-31	-0.008629	0.000000	0.001878	-0.016349	-0.008629	56189318.453936
2020-10-30	0.006859	0.000004	0.010191	-0.018453	0.006859	63444096.561965
2020-10-29	-0.005522	0.000000	0.010736	-0.029777	-0.005522	58929514.610267
2020-10-28	-0.030508	-0.000019	0.007752	-0.038122	-0.030508	72848720.032733
2020-10-27	-0.000702	0.000063	0.011118	-0.018275	-0.000702	78927089.133730
2020-10-26	0.009570	-0.000015	0.090342	-0.006592	0.009570	122152251.235997
2020-10-25	0.002888	-0.000011	0.011661	-0.007972	0.002888	58532388.319349
2020-10-24	-0.000529	-0.000038	0.002365	-0.008757	-0.000529	44797614.076466
2020-10-23	-0.003058	-0.002384	0.013612	-0.006960	-0.003058	46856081.820222
2020-10-22	0.009390	-0.001437	0.022142	-0.002251	0.009390	44976452.596022
2020-10-21	0.011300	-0.000238	0.021715	-0.002787	0.011300	45017114.750066
2020-10-20	0.004313	0.000282	0.012982	-0.003556	0.004313	65577101.393706
2020-10-19	0.001264	0.003228	0.012391	-0.005556	0.001264	91049561.777467
2020-10-18	0.002084	-0.000054	0.007725	-0.001774	0.002084	72298802.996391
2020-10-17	-0.011853	-0.003384	0.000042	-0.015111	-0.011853	125692390.547107
2020-10-16	0.007490	0.000825	0.008864	-0.013577	0.007490	117882236.471009
2020-10-15	-0.016859	0.004869	0.005089	-0.025767	-0.016859	83794206.760257
2020-10-14	0.000763	-0.000588	0.006857	-0.006577	0.000763	87293434.138070
2020-10-13	-0.014234	-0.002435	0.001264	-0.017380	-0.014234	76963142.142838
2020-10-12	-0.000180	0.000183	0.012721	-0.016809	-0.000180	101246789.184820
2020-10-11	0.007195	0.004735	0.019431	-0.002098	0.007195	107632465.402760
2020-10-10	0.000754	0.000739	0.023774	0.000607	0.000754	96632426.178824
2020-10-09	0.021949	0.007971	0.027431	-0.000335	0.021949	100051523.366764
2020-10-08	0.000146	-0.004181	0.013729	-0.013514	0.000146	109356096.164050
2020-10-07	-0.006238	-0.007260	0.000280	-0.017810	-0.006238	125523508.480083
2020-10-06	-0.000348	0.000015	0.005926	-0.014868	-0.000348	105669880.991672
2020-10-05	-0.008543	-0.000926	0.010137	-0.013541	-0.008543	127881032.447478
2020-10-04	0.013875	0.002728	0.031922	-0.003502	0.013875	92364518.197639
2020-10-03	0.005973	-0.000135	0.021754	-0.003596	0.005973	116046378.468583
2020-10-02	-0.012401	-0.000543	0.004649	-0.029222	-0.012401	128239854.913321
2020-10-01	-0.005441	0.000144	0.019527	-0.017421	-0.005441	116194992.324177
2020-09-30	-0.020578	-0.000946	-0.000112	-0.025404	-0.020578	106684831.915309
2020-09-29	0.012594	0.003790	0.021693	-0.006127	0.012594	109463112.965137
2020-09-28	-0.014877	0.006382	0.017734	-0.019480	-0.014877	102662349.665022
2020-09-27	-0.008858	-0.007098	0.006557	-0.019119	-0.008858	76293171.609161
2020-09-26	0.006533	0.000085	0.020056	-0.007430	0.006533	108180295.770550
2020-09-25	0.026713	-0.000057	0.035460	-0.004490	0.026713	124575712.471333
2020-09-24	0.026491	-0.001238	0.034970	-0.009725	0.026491	111915974.497523
2020-09-23	-0.035983	-0.003024	-0.001920	-0.043618	-0.035983	79707709.287788
2020-09-22	0.009770	-0.001963	0.015739	-0.010137	0.009770	36467574.048448
2020-09-21	-0.053150	-0.000111	0.008755	-0.058289	-0.053150	78753428.066461
2020-09-20	-0.005637	0.000146	0.004438	-0.025772	-0.005637	145951916.909639
2020-09-19	-0.003731	-0.002817	0.003360	-0.011278	-0.003731	147046519.887859
2020-09-18	-0.003317	0.000000	0.004060	-0.022959	-0.003317	147868185.395590
2020-09-17	-0.004350	-0.000535	0.011611	-0.015954	-0.004350	161305348.677396
2020-09-16	-0.002100	-0.000411	0.009539	-0.014448	-0.002100	148555504.925770
2020-09-15	0.010395	-0.001288	0.026855	-0.006323	0.010395	100194173.913533
2020-09-14	0.009539	-0.000173	0.024039	-0.012331	0.009539	128520945.841210
2020-09-13	-0.015149	0.000000	0.001713	-0.026002	-0.015149	124253231.723265
2020-09-12	0.004510	-0.001375	0.008741	-0.008908	0.004510	117125272.019629
2020-09-11	0.000341	0.000000	0.007067	-0.022675	0.000341	134077501.334522
2020-09-10	0.009415	0.004702	0.028774	-0.009610	0.009415	104276032.350199
2020-09-09	0.008515	0.000970	0.018596	-0.018635	0.008515	77050464.311053
2020-09-08	-0.019871	0.003125	0.008009	-0.039578	-0.019871	57144395.978836
2020-09-07	0.008804	0.000109	0.016139	-0.028201	0.008804	102610335.245973
2020-09-06	0.010393	0.000000	0.020044	-0.019781	0.010393	89557153.670752
2020-09-05	-0.048422	0.000315	0.012325	-0.061696	-0.048422	62295889.259727
2020-09-04	0.034323	-0.001210	0.055359	-0.017662	0.034323	53434717.427848
2020-09-03	-0.102495	0.000000	0.003546	-0.106393	-0.102495	59904548.460180
2020-09-02	-0.041008	0.000593	0.003193	-0.058639	-0.041008	56647412.363443
2020-09-01	0.010991	-0.000282	0.018820	-0.008242	0.010991	81863763.653562
2020-08-31	-0.024080	0.000420	0.002406	-0.029145	-0.024080	85369756.865045
2020-08-30	0.005471	0.000468	0.018809	-0.002444	0.005471	79325828.843974
2020-08-29	0.004173	-0.000360	0.009819	-0.008234	0.004173	78149363.315668
2020-08-28	0.020531	0.000016	0.021364	-0.006459	0.020531	64056956.711302
2020-08-27	-0.030467	-0.001045	0.003304	-0.041737	-0.030467	89847092.572448
2020-08-26	-0.000379	-0.001080	0.012131	-0.016239	-0.000379	80416710.507809
2020-08-25	-0.033161	-0.000118	0.004700	-0.052300	-0.033161	76826313.729635
2020-08-24	0.001095	-0.001207	0.014983	-0.008337	0.001095	46470522.302606
2020-08-23	-0.008076	-0.001205	0.003093	-0.015715	-0.008076	39485547.799524
2020-08-22	0.014413	-0.000202	0.015763	-0.011443	0.014413	44884851.554710
2020-08-21	-0.019113	-0.000494	0.027290	-0.020289	-0.019113	60621267.776703
2020-08-20	0.010305	0.000039	0.022065	-0.009818	0.010305	43536655.881627
2020-08-19	-0.025633	-0.001665	0.006892	-0.041448	-0.025633	53306856.642235
2020-08-18	-0.021467	0.000399	0.032807	-0.030097	-0.021467	62570290.795687
2020-08-17	0.019165	0.000000	0.055279	-0.006567	0.019165	77628715.334011
2020-08-16	-0.004483	0.000286	0.003421	-0.019974	-0.004483	52637926.154667
2020-08-15	-0.006006	0.000508	0.012944	-0.017161	-0.006006	64309678.328205
2020-08-14	0.012597	-0.000808	0.017704	-0.011551	0.012597	61334639.694942
2020-08-13	0.009206	-0.000318	0.018613	-0.034269	0.009206	73302994.459471
2020-08-12	0.026534	0.000744	0.041078	-0.015628	0.026534	70865884.567329
2020-08-11	-0.030035	-0.001316	0.020421	-0.043823	-0.030035	78539442.280613
2020-08-10	0.010499	0.001483	0.027196	-0.002536	0.010499	68038180.944888
2020-08-09	-0.013273	-0.000443	0.006564	-0.022778	-0.013273	57020040.453206
2020-08-08	-0.006535	0.000264	0.000892	-0.022517	-0.006535	62509900.238589
2020-08-07	-0.007642	0.000931	0.014432	-0.037960	-0.007642	68990008.751285
2020-08-06	0.013454	0.001314	0.035205	-0.014620	0.013454	62944678.197982
2020-08-05	-0.006207	0.002450	0.011935	-0.014131	-0.006207	66465689.990267
2020-08-04	0.043028	-0.000104	0.050726	-0.003717	0.043028	74386428.159749
2020-08-03	0.015826	0.000015	0.031470	-0.008280	0.015826	66931509.887926
2020-08-02	-0.095584	0.001984	0.012850	-0.114528	-0.095584	101249530.525504
2020-08-01	0.143636	0.000000	0.177113	-0.006789	0.143636	150687884.117937
2020-07-31	-0.001781	-0.000557	0.002883	-0.015524	-0.001781	54497306.353963
2020-07-30	0.012128	0.000003	0.016316	-0.009055	0.012128	53506822.165974
2020-07-29	-0.001562	0.000171	0.020172	-0.006907	-0.001562	55817190.954206
2020-07-28	0.013976	0.000394	0.020737	-0.006609	0.013976	63084929.598608
2020-07-27	-0.025127	-0.000106	0.002643	-0.060095	-0.025127	83138807.513982
2020-07-26	0.000180	0.001304	0.011024	-0.015395	0.000180	62592232.637548
2020-07-25	0.004481	-0.000052	0.023403	-0.009415	0.004481	63203395.871984
2020-07-24	-0.022800	0.000023	0.008515	-0.035607	-0.022800	58910215.201130
2020-07-23	0.002889	-0.000649	0.010945	-0.006138	0.002889	58737114.890304
2020-07-22	-0.005870	-0.000937	-0.000151	-0.025218	-0.005870	54443238.346851
2020-07-21	0.020166	-0.002393	0.021441	-0.016171	0.020166	77748188.742320
2020-07-20	-0.042156	0.000205	0.015123	-0.063534	-0.042156	81038624.127322
2020-07-19	-0.026127	-0.002559	0.080674	-0.041392	-0.026127	116746163.215813
2020-07-18	0.134569	-0.000192	0.185671	-0.009853	0.134569	204080850.741675
2020-07-17	0.021985	-0.001134	0.029821	-0.019305	0.021985	74705370.729226
2020-07-16	-0.029273	0.000215	0.004119	-0.062382	-0.029273	78457844.328071
2020-07-15	-0.063499	-0.002282	0.002769	-0.066913	-0.063499	69399827.490215
2020-07-14	0.036767	-0.002592	0.060332	-0.036789	0.036767	103213409.231289
2020-07-13	-0.124551	0.000000	0.001805	-0.157272	-0.124551	143177054.763983
2020-07-12	-0.047585	-0.000091	0.008553	-0.051746	-0.047585	87562043.035461
2020-07-11	0.084238	0.003846	0.115192	-0.011136	0.084238	155299369.183722
2020-07-10	-0.200589	-0.000667	-0.000667	-0.218115	-0.200589	225424868.968924
2020-07-09	-0.074319	-0.003770	0.055659	-0.126711	-0.074319	511315526.875606
2020-07-08	0.537406	0.002456	0.754328	-0.009299	0.537406	1226813925.475190
2020-07-07	0.181205	-0.000533	0.246017	-0.006023	0.181205	283970310.361701
2020-07-06	0.132778	0.000000	0.136256	-0.003034	0.132778	132105139.498588
2020-07-05	-0.000174	-0.001093	0.007778	-0.014055	-0.000174	110140541.527889
2020-07-04	-0.002692	-0.000322	0.010418	-0.011700	-0.002692	109218071.364662
2020-07-03	-0.019380	-0.000108	0.002149	-0.024218	-0.019380	111575143.358904
2020-07-02	0.003285	-0.010027	0.012005	-0.022113	0.003285	110789127.330532
2020-07-01	0.014700	0.000055	0.024122	-0.007852	0.014700	152549213.594416
2020-06-30	0.002895	-0.000959	0.011851	-0.006872	0.002895	165641130.541211
2020-06-29	-0.005448	0.000099	0.006842	-0.010382	-0.005448	172655787.947334
2020-06-28	0.005450	0.000000	0.020903	-0.013031	0.005450	172693834.474989
2020-06-27	-0.019443	0.000035	0.008486	-0.027296	-0.019443	152534000.307842
2020-06-26	-0.024215	-0.000293	0.004062	-0.024329	-0.024215	151319087.445401
2020-06-25	-0.005088	0.000235	0.001392	-0.016215	-0.005088	160003353.967210
2020-06-24	-0.021959	-0.000328	0.005027	-0.038197	-0.021959	178380747.588073
2020-06-23	0.004275	-0.000000	0.007458	-0.006771	0.004275	171604773.689305
2020-06-22	0.011054	0.000033	0.019627	-0.001630	0.011054	173530824.923514
2020-06-21	-0.000046	-0.000059	0.012590	-0.002337	-0.000046	169917760.795960
2020-06-20	0.004899	0.000000	0.012825	-0.006366	0.004899	158275081.833547
2020-06-19	-0.014902	-0.000177	0.000018	-0.016994	-0.014902	173280983.747046
2020-06-18	-0.005354	0.000013	0.003135	-0.015150	-0.005354	171388606.045657
2020-06-17	-0.000753	0.001266	0.002277	-0.011678	-0.000753	185083517.378104
2020-06-16	0.003003	-0.000021	0.020480	-0.018189	0.003003	196212618.663596
2020-06-15	-0.012425	-0.000383	0.002130	-0.041206	-0.012425	198803040.716304
2020-06-14	-0.008892	-0.000175	0.008287	-0.012730	-0.008892	173334480.541310
2020-06-13	0.005124	0.000112	0.008251	-0.007770	0.005124	188981850.434803
2020-06-12	0.027693	0.001105	0.032803	-0.002291	0.027693	194920048.283612
2020-06-11	-0.051056	0.000016	0.007050	-0.059960	-0.051056	183212797.554585
2020-06-10	0.006074	-0.000033	0.010148	-0.006090	0.006074	182748021.141648
2020-06-09	-0.006042	-0.000225	0.001228	-0.026090	-0.006042	175910196.588528
2020-06-08	-0.008393	-0.000197	0.000207	-0.017367	-0.008393	187140782.641214
2020-06-07	0.007308	0.000002	0.008629	-0.011141	0.007308	188151454.502559
2020-06-06	-0.003294	-0.000135	0.003998	-0.011373	-0.003294	175988364.959454
2020-06-05	-0.013261	0.000379	0.001201	-0.019122	-0.013261	188846627.297564
2020-06-04	0.018591	0.000022	0.033538	-0.004322	0.018591	194078581.796608
2020-06-03	0.008337	0.000107	0.014372	-0.005996	0.008337	190021630.451824
2020-06-02	-0.032296	0.000262	0.003109	-0.047800	-0.032296	200119263.924494
2020-06-01	0.036070	0.000227	0.041886	-0.000738	0.036070	195748335.372687
2020-05-31	-0.023173	0.000070	0.000868	-0.025211	-0.023173	188184731.476377
2020-05-30	0.032725	-0.000370	0.036865	-0.003825	0.032725	200708874.282583
2020-05-29	0.003460	-0.000027	0.010162	-0.007598	0.003460	200485432.601210
2020-05-28	0.005356	0.000594	0.019421	-0.006062	0.005356	220213442.296155
2020-05-27	0.009546	-0.000337	0.017219	-0.005764	0.009546	186186772.343715
2020-05-26	-0.021148	-0.000332	0.000772	-0.026766	-0.021148	185485979.330489
2020-05-25	0.033478	-0.000941	0.035962	-0.009291	0.033478	214669451.558393
2020-05-24	-0.033844	0.000126	0.006719	-0.036475	-0.033844	186657328.407239
2020-05-23	0.004292	-0.000196	0.012447	-0.013338	0.004292	208878704.699179
2020-05-22	0.019269	0.000324	0.023435	-0.004913	0.019269	215355484.922139
2020-05-21	-0.009058	0.000895	0.016499	-0.033688	-0.009058	200924557.277427
2020-05-20	-0.011981	0.000261	0.009924	-0.020036	-0.011981	178925411.274074
2020-05-19	-0.002008	0.000123	0.008492	-0.016575	-0.002008	182890489.217043
2020-05-18	0.002082	-0.000623	0.019214	-0.009788	0.002082	265626959.443247
2020-05-17	0.010173	-0.000081	0.026064	-0.001307	0.010173	258469066.564699
2020-05-16	0.002698	0.000304	0.011431	-0.008870	0.002698	254666484.609977
2020-05-15	-0.026567	-0.000259	0.001111	-0.033957	-0.026567	261080156.202635
2020-05-14	0.021092	-0.001226	0.040614	-0.003523	0.021092	283778649.043134
2020-05-13	0.023581	0.000232	0.026324	-0.001892	0.023581	265878079.914535
2020-05-12	0.020775	0.000200	0.041716	-0.002848	0.020775	262934537.784634
2020-05-11	-0.018957	-0.000863	0.021542	-0.049292	-0.018957	277646033.039948
2020-05-10	-0.058868	-0.000691	-0.000200	-0.096749	-0.058868	290801097.327196
2020-05-09	-0.004496	-0.001224	0.003368	-0.022705	-0.004496	294993696.482121
2020-05-08	-0.014543	-0.001656	0.002901	-0.026184	-0.014543	291757355.183199
2020-05-07	0.053221	-0.004424	0.058862	-0.019788	0.053221	284491225.931706
2020-05-06	0.018058	-0.000550	0.039670	-0.004563	0.018058	251393346.212209
2020-05-05	0.001298	0.000055	0.015977	-0.012796	0.001298	245861117.681970
2020-05-04	-0.011636	0.000223	0.003445	-0.048314	-0.011636	261454253.121606
2020-05-03	-0.015306	-0.000628	0.013253	-0.027295	-0.015306	265156925.148762
2020-05-02	0.022232	0.000560	0.023718	-0.008530	0.022232	269155282.815427
2020-05-01	0.020898	0.000627	0.047590	-0.000610	0.020898	282886977.259135
2020-04-30	-0.029499	-0.000158	0.068334	-0.049803	-0.029499	298563814.636249
2020-04-29	0.076201	0.000059	0.086739	-0.003534	0.076201	295698249.383771
2020-04-28	-0.006791	-0.000432	0.007227	-0.013918	-0.006791	254905520.419956
2020-04-27	-0.022503	0.000575	0.002132	-0.042021	-0.022503	276033020.492681
2020-04-26	0.124943	-0.000465	0.141466	-0.002621	0.124943	287859775.042306
2020-04-25	0.018438	-0.000413	0.020539	-0.007553	0.018438	229810398.160721
2020-04-24	0.027175	0.000007	0.035892	-0.002607	0.027175	209562151.263269
2020-04-23	0.018082	-0.000129	0.055832	-0.003059	0.018082	179000349.736625
2020-04-22	0.019918	-0.000435	0.031132	-0.003727	0.019918	163753943.280852
2020-04-21	-0.005395	0.000041	0.025095	-0.015043	-0.005395	163652749.846191
2020-04-20	-0.036970	0.000007	0.003635	-0.046985	-0.036970	169715146.179229
2020-04-19	-0.001270	-0.000591	0.005805	-0.016026	-0.001270	172576559.733405
2020-04-18	0.023706	-0.000184	0.024313	-0.003012	0.023706	168186509.259874
2020-04-17	-0.007147	0.000130	0.000792	-0.017690	-0.007147	161550207.907536
2020-04-16	0.044925	0.000031	0.045399	-0.027907	0.044925	179859738.280280
2020-04-15	-0.012205	-0.000509	0.005512	-0.029585	-0.012205	169903672.163655
2020-04-14	0.002854	-0.000491	0.010739	-0.012244	0.002854	188937615.028641
2020-04-13	-0.015688	-0.000282	0.000181	-0.048157	-0.015688	167357649.924501
2020-04-12	0.000207	-0.000105	0.009805	-0.019382	0.000207	169892708.923104
2020-04-11	0.010922	-0.000080	0.018315	-0.013735	0.010922	161367395.821572
2020-04-10	-0.026359	-0.000095	0.000511	-0.064425	-0.026359	122108790.040954
2020-04-09	0.004808	0.000550	0.010572	-0.013472	0.004808	109954538.116972
2020-04-08	0.007257	-0.005628	0.023160	-0.018734	0.007257	116283369.495354
2020-04-07	0.008690	-0.004048	0.025040	-0.023151	0.008690	129399793.175354
2020-04-06	0.061667	0.000429	0.063432	-0.007171	0.061667	173173222.659065
2020-04-05	-0.008154	-0.000063	0.015275	-0.017866	-0.008154	152557917.832248
2020-04-04	0.014764	-0.000093	0.030606	-0.006389	0.014764	160849685.833009
2020-04-03	-0.015423	0.000572	0.018168	-0.025692	-0.015423	161121844.839326
2020-04-02	0.008266	0.000675	0.039098	-0.008842	0.008266	165879605.137228
2020-04-01	0.030770	0.000479	0.031062	-0.019555	0.030770	163418627.038452
2020-03-31	-0.010979	0.010725	0.010725	-0.014492	-0.010979	156195509.883328
2020-03-30	0.062549	-0.000066	0.083850	-0.003343	0.062549	163244392.001925
2020-03-29	-0.030692	-0.000513	0.015162	-0.033985	-0.030692	156619234.855423
2020-03-28	-0.016189	-0.001093	0.000637	-0.050269	-0.016189	169979142.144816
2020-03-27	-0.018732	0.001008	0.014541	-0.020262	-0.018732	166326062.287772
2020-03-26	0.004157	-0.000513	0.020555	-0.003754	0.004157	162455889.500673
2020-03-25	-0.009095	0.000660	0.021099	-0.027884	-0.009095	163367838.830367
2020-03-24	0.025601	0.000319	0.059769	-0.002895	0.025601	177134004.946569
2020-03-23	0.042569	-0.001977	0.049565	-0.022495	0.042569	166551896.685375
2020-03-22	-0.030061	0.000026	0.046521	-0.036873	-0.030061	161287088.166379
2020-03-21	0.006752	-0.001085	0.044117	-0.044770	0.006752	166141810.700576
2020-03-20	-0.000379	-0.001007	0.088812	-0.053292	-0.000379	188170527.680968
2020-03-19	0.132643	0.000473	0.177699	-0.002462	0.132643	251888349.686163
2020-03-18	-0.013730	0.001850	0.015351	-0.022086	-0.013730	102196814.279376
2020-03-17	0.000116	0.002323	0.056831	-0.018296	0.000116	102697603.635329
2020-03-16	-0.058189	-0.000845	0.008249	-0.137718	-0.058189	134329667.891340
2020-03-15	0.011716	-0.001275	0.091938	-0.006682	0.011716	119811060.024274
2020-03-14	-0.041481	-0.000605	0.026812	-0.056515	-0.041481	113389100.802628
2020-03-13	0.130517	0.001903	0.170443	-0.188746	0.130517	218676976.371259
2020-03-12	-0.296032	-0.000113	0.001789	-0.297002	-0.296032	167892774.384645
2020-03-11	-0.010401	0.000604	0.009512	-0.048729	-0.010401	107425625.627059
2020-03-10	-0.003529	0.001111	0.021744	-0.021944	-0.003529	115431584.056025
2020-03-09	0.012555	0.001160	0.022340	-0.036347	0.012555	137033008.069339
2020-03-08	-0.090504	0.000747	0.001282	-0.091569	-0.090504	101738284.202157
2020-03-07	-0.036518	0.001990	0.006763	-0.037988	-0.036518	88138038.127239
2020-03-06	-0.004038	-0.000532	0.004526	-0.023394	-0.004038	100268192.074792
2020-03-05	0.044950	0.000465	0.055330	-0.001240	0.044950	104912777.123124
2020-03-04	-0.040509	0.000194	0.003313	-0.052897	-0.040509	144601436.174355
2020-03-03	0.064146	-0.000110	0.075201	-0.013751	0.064146	174988478.671668
2020-03-02	0.032473	0.001630	0.041983	-0.008323	0.032473	165788612.285701
2020-03-01	0.017887	-0.000680	0.027761	-0.005139	0.017887	162437207.011672
2020-02-29	-0.023550	-0.001340	0.013808	-0.025419	-0.023550	146635830.438949
2020-02-28	-0.015127	-0.000199	0.021217	-0.042035	-0.015127	153544452.878022
2020-02-27	-0.006579	-0.000882	0.027356	-0.017690	-0.006579	162813945.673302
2020-02-26	-0.055317	-0.000286	0.004348	-0.107016	-0.055317	201370789.486761
2020-02-25	-0.043788	0.000219	0.000506	-0.059238	-0.043788	178541403.882041
2020-02-24	-0.033829	-0.000338	0.002376	-0.046102	-0.033829	159143743.712974
2020-02-23	0.030302	-0.000626	0.031100	-0.001977	0.030302	180747901.880684
2020-02-22	-0.017696	0.000837	0.002680	-0.026827	-0.017696	156145894.777609
2020-02-21	-0.003944	-0.000989	0.016658	-0.016879	-0.003944	157652566.805765
2020-02-20	0.013220	0.000448	0.018701	-0.020994	0.013220	187866681.367442
2020-02-19	-0.075803	-0.000238	0.012199	-0.075803	-0.075803	136889051.763577
2020-02-18	0.046823	-0.012850	0.049247	-0.021079	0.046823	144188844.173512
2020-02-17	-0.022361	-0.012495	-0.000887	-0.081784	-0.022361	149622002.268655
2020-02-16	-0.049742	-0.000902	0.015408	-0.100685	-0.049742	149831932.652471
2020-02-15	-0.067184	-0.010127	0.016230	-0.093009	-0.067184	144726029.032137
2020-02-14	0.034355	-0.008816	0.040017	-0.014778	0.034355	140849233.404802
2020-02-13	-0.021625	-0.009449	0.039836	-0.038686	-0.021625	168543941.872091
2020-02-12	0.017119	-0.000016	0.043374	-0.009075	0.017119	181406959.870567
2020-02-11	0.018221	0.008411	0.033105	-0.040894	0.018221	169747135.251292
2020-02-10	-0.076094	0.000506	0.021820	-0.101409	-0.076094	195582002.591346
2020-02-09	0.023321	-0.000909	0.117871	-0.002056	0.023321	218861526.972173
2020-02-08	0.140810	-0.000669	0.158875	-0.016782	0.140810	203803814.432736
2020-02-07	0.043590	0.000258	0.044237	-0.002298	0.043590	130273878.439191
2020-02-06	0.027534	0.000371	0.036923	-0.003133	0.027534	108711613.860144
2020-02-05	0.031435	-0.000198	0.050450	-0.004431	0.031435	105741619.246949
2020-02-04	0.026005	-0.000574	0.026005	-0.015704	0.026005	89790001.927071
2020-02-03	-0.011596	-0.001193	0.019707	-0.016780	-0.011596	78856631.326716
2020-02-02	0.019172	-0.000390	0.034639	-0.011330	0.019172	91552514.997518
2020-02-01	0.011895	-0.000967	0.015520	-0.004832	0.011895	78730830.127413
2020-01-31	-0.019193	-0.000217	0.007358	-0.029400	-0.019193	76519295.299629
2020-01-30	0.021217	0.000633	0.023650	-0.007971	0.021217	83967913.633278
2020-01-29	-0.024441	0.000416	0.008860	-0.024441	-0.024441	80676218.551824
2020-01-28	0.034592	-0.001006	0.034616	-0.002144	0.034592	91528770.780071
2020-01-27	0.027354	-0.000086	0.046954	-0.009555	0.027354	89023414.023225
2020-01-26	0.020952	0.000076	0.021814	-0.007867	0.020952	73458474.463530
2020-01-25	-0.008141	0.000097	0.000160	-0.017847	-0.008141	82421398.539371
2020-01-24	0.003628	0.000180	0.011302	-0.025044	0.003628	86865882.441202
2020-01-23	-0.024020	-0.000048	0.014809	-0.036714	-0.024020	91866620.075617
2020-01-22	-0.022296	-0.000162	0.009395	-0.023541	-0.022296	82852580.203590
2020-01-21	0.001000	0.000180	0.012054	-0.016442	0.001000	84321564.883166
2020-01-20	-0.012881	0.000119	0.007555	-0.019326	-0.012881	92022276.769275
2020-01-19	-0.040692	0.002855	0.025095	-0.058955	-0.040692	108085146.909213
2020-01-18	0.006890	0.000110	0.019287	-0.015038	0.006890	108133942.546217
2020-01-17	0.061861	0.000575	0.073123	-0.014650	0.061861	117752841.322557
2020-01-16	-0.010060	0.001452	0.023250	-0.031784	-0.010060	98124199.015942
2020-01-15	-0.041031	-0.000993	0.028884	-0.043286	-0.041031	128940321.034096
2020-01-14	0.047616	0.000076	0.066462	-0.007499	0.047616	128635382.730670
2020-01-13	-0.009631	0.000159	0.010884	-0.022523	-0.009631	83849845.962348
2020-01-12	0.029012	-0.000282	0.042871	-0.000282	0.029012	79426214.914510
2020-01-11	-0.017898	-0.002172	0.007294	-0.025502	-0.017898	94203408.759462
2020-01-10	0.044159	-0.000694	0.046312	-0.025279	0.044159	87683356.333469
2020-01-09	-0.016049	-0.000686	0.009284	-0.064369	-0.016049	70690570.947475
2020-01-08	-0.057494	0.000128	0.013324	-0.068775	-0.057494	77251525.705806
2020-01-07	-0.012263	0.008874	0.013737	-0.044400	-0.012263	52767343.052649
2020-01-06	0.018144	-0.000317	0.059724	-0.016771	0.018144	54562408.690763
2020-01-05	0.079393	-0.000507	0.111618	-0.055493	0.079393	52631739.972673
2020-01-04	0.044639	-0.000536	0.160533	-0.044486	0.044639	94227581.638037
2020-01-03	0.068072	-0.000331	0.083920	-0.008823	0.068072	62619987.775326
2020-01-02	-0.011793	0.000811	0.038076	-0.024348	-0.011793	65071106.431461
2020-01-01	0.002096	-0.000161	0.011704	-0.003547	0.002096	51180941.198813
2019-12-31	-0.012708	0.000918	0.000918	-0.015892	-0.012708	69469784.878597
2019-12-30	-0.006658	0.000691	0.004325	-0.012239	-0.006658	73171188.280016
2019-12-29	0.001934	-0.000577	0.024182	-0.003794	0.001934	67109831.608224
2019-12-28	0.005698	0.000237	0.018381	-0.000637	0.005698	64539192.750171
2019-12-27	-0.002467	0.000558	0.008488	-0.012501	-0.002467	75486740.484117
2019-12-26	-0.014744	-0.001280	0.004420	-0.019812	-0.014744	71906467.275371
2019-12-25	0.007548	-0.000224	0.012269	-0.017923	0.007548	79207263.547073
2019-12-24	-0.000030	0.000200	0.020023	-0.010251	-0.000030	71860410.009820
2019-12-23	-0.020019	-0.001066	0.010182	-0.028688	-0.020019	77708508.827135
2019-12-22	0.015109	-0.000696	0.017396	-0.006557	0.015109	70976748.244619
2019-12-21	0.004332	0.001032	0.006391	-0.015024	0.004332	66682998.470958
2019-12-20	-0.022887	0.001769	0.008500	-0.035294	-0.022887	67083801.772773
2019-12-19	-0.027317	-0.000248	0.007256	-0.061456	-0.027317	79064573.696677
2019-12-18	0.081876	0.003360	0.086308	-0.004854	0.081876	98147108.798664
2019-12-17	-0.048497	-0.000393	0.015014	-0.058289	-0.048497	85349927.872447
2019-12-16	-0.015412	0.000022	0.013892	-0.019368	-0.015412	68370094.746529
2019-12-15	-0.007338	0.000387	0.000809	-0.041444	-0.007338	66491990.361557
2019-12-14	-0.002419	-0.000124	0.013282	-0.011383	-0.002419	71849717.452726
2019-12-13	-0.005945	-0.000286	0.008951	-0.010669	-0.005945	65851726.231423
2019-12-12	0.001520	0.000289	0.006108	-0.007901	0.001520	66238690.062033
2019-12-11	-0.008668	-0.000938	0.016558	-0.010285	-0.008668	64108061.758746
2019-12-10	-0.001922	0.000138	0.006403	-0.010200	-0.001922	69802463.599560
2019-12-09	-0.013279	-0.000367	0.005818	-0.017603	-0.013279	62696753.035041
2019-12-08	0.003301	-0.000200	0.049740	-0.010462	0.003301	55442239.016836
2019-12-07	0.001939	0.001769	0.010017	-0.011265	0.001939	62933099.313276
2019-12-06	0.001376	-0.000977	0.025589	-0.019298	0.001376	66932958.219562
2019-12-05	0.006676	0.000166	0.043748	-0.016614	0.006676	66757792.086659
2019-12-04	-0.004001	0.000129	0.010896	-0.023531	-0.004001	73151442.331791
2019-12-03	-0.007952	-0.000601	0.009414	-0.030520	-0.007952	62508731.776022
2019-12-02	-0.024869	0.000398	0.008751	-0.038325	-0.024869	66782509.684160
2019-12-01	-0.012000	0.000142	0.032136	-0.026976	-0.012000	77007808.892326
2019-11-30	-0.055569	-0.000120	0.007271	-0.058043	-0.055569	89565610.713188
2019-11-29	0.061904	0.000728	0.062480	-0.003465	0.061904	97859845.250104
2019-11-28	-0.011057	-0.000971	0.017633	-0.011057	-0.011057	97959428.042528
2019-11-27	0.020818	-0.000228	0.028976	-0.027345	0.020818	100345293.823128
2019-11-26	0.002217	0.000251	0.024338	-0.009363	0.002217	100273989.631235
2019-11-25	-0.033568	0.001388	0.001388	-0.100555	-0.033568	129591062.410009
2019-11-24	-0.055556	0.001568	0.002313	-0.082436	-0.055556	101469802.540679
2019-11-23	0.060339	0.000750	0.061385	-0.014771	0.060339	112247813.666494
2019-11-22	-0.026331	-0.000091	0.038469	-0.076965	-0.026331	109619351.392331
2019-11-21	-0.050988	-0.000333	0.003828	-0.069681	-0.050988	95999425.829464
2019-11-20	0.003253	0.000075	0.058918	-0.002103	0.003253	77286260.018923
2019-11-19	-0.010945	-0.000170	0.012348	-0.022080	-0.010945	85557575.294645
2019-11-18	-0.027078	-0.000157	0.025510	-0.037486	-0.027078	72521449.242580
2019-11-17	-0.008003	-0.000029	0.018141	-0.010673	-0.008003	74498787.005625
2019-11-16	0.004769	0.000006	0.006824	-0.007786	0.004769	71531457.150651
2019-11-15	-0.008807	0.000640	0.003278	-0.026735	-0.008807	78888251.412900
2019-11-14	-0.006415	-0.001275	0.000150	-0.020608	-0.006415	77359949.147811
2019-11-13	-0.010080	-0.000814	0.000117	-0.021911	-0.010080	80974477.425542
2019-11-12	0.003751	-0.000476	0.007504	-0.013279	0.003751	72506822.438085
2019-11-11	-0.021678	0.000080	0.001726	-0.038213	-0.021678	84608148.499638
2019-11-10	0.022899	-0.000155	0.026480	-0.009656	0.022899	96734958.553741
2019-11-09	0.022600	0.000305	0.033541	-0.001189	0.022600	93120071.015637
2019-11-08	-0.026616	-0.000765	0.002172	-0.044752	-0.026616	88039087.160300
2019-11-07	0.037064	-0.000104	0.040284	-0.007743	0.037064	97141368.227635
2019-11-06	0.001649	-0.000304	0.009972	-0.003269	0.001649	88212203.231068
2019-11-05	0.003869	-0.000139	0.014328	-0.014942	0.003869	78458701.657223
2019-11-04	-0.008684	-0.000759	0.003404	-0.017770	-0.008684	64040500.412682
2019-11-03	0.003610	0.000129	0.017728	-0.002078	0.003610	57894711.187441
2019-11-02	-0.001250	0.000395	0.007704	-0.012758	-0.001250	63232423.339407
2019-11-01	0.005678	0.000554	0.009111	-0.009237	0.005678	78282711.495676
2019-10-31	-0.000368	0.000788	0.022446	-0.011675	-0.000368	72101941.817956
2019-10-30	-0.014426	0.000364	0.010226	-0.021608	-0.014426	88132224.382787
2019-10-29	0.003202	0.000381	0.031074	-0.000735	0.003202	84394749.035278
2019-10-28	-0.002852	0.000659	0.025781	-0.009407	-0.002852	92231650.257951
2019-10-27	0.012302	-0.000302	0.047954	-0.010267	0.012302	99551355.537681
2019-10-26	-0.023123	0.000215	0.065166	-0.034380	-0.023123	118574429.353345
2019-10-25	0.057232	0.000348	0.069179	-0.014454	0.057232	98533278.465850
2019-10-24	0.017421	-0.001429	0.023182	-0.017573	0.017421	81190106.175057
2019-10-23	-0.027526	-0.000563	0.008461	-0.068632	-0.027526	79141247.041393
2019-10-22	-0.075261	-0.000486	0.000756	-0.077353	-0.075261	75521552.836632
2019-10-21	0.016044	0.000528	0.030257	-0.041050	0.016044	82888435.550799
2019-10-20	-0.004442	-0.000174	0.011945	-0.021049	-0.004442	73744711.729994
2019-10-19	0.013551	-0.000778	0.032990	-0.013927	0.013551	69804524.399553
2019-10-18	-0.017746	0.000665	0.039203	-0.031669	-0.017746	60909632.992671
2019-10-17	0.056542	-0.001297	0.124338	-0.006752	0.056542	69269499.626913
2019-10-16	0.039005	-0.000390	0.043489	-0.001330	0.039005	50405533.089447
2019-10-15	-0.014090	0.000062	0.007665	-0.019658	-0.014090	50979958.667415
2019-10-14	0.040015	0.000467	0.077083	-0.007907	0.040015	62460324.161060
2019-10-13	0.045966	-0.000546	0.118826	-0.007240	0.045966	63249479.396284
2019-10-12	-0.002126	-0.007106	0.016377	-0.014694	-0.002126	45487599.897314
2019-10-11	0.005601	0.000267	0.021952	-0.018018	0.005601	40769657.407884
2019-10-10	-0.023454	0.001603	0.004907	-0.024276	-0.023454	49414269.534737
2019-10-09	0.017886	-0.002719	0.024069	-0.012375	0.017886	39868870.367464
2019-10-08	-0.018634	-0.000240	0.011512	-0.027978	-0.018634	49622639.645599
2019-10-07	0.018769	-0.001996	0.026157	-0.017510	0.018769	48117979.119810
2019-10-06	0.010364	0.000183	0.017145	-0.013955	0.010364	40093923.408707
2019-10-05	-0.015914	-0.002085	0.007417	-0.022465	-0.015914	39360096.018575
2019-10-04	0.015162	-0.000547	0.016351	-0.017738	0.015162	42842902.483290
2019-10-03	-0.011388	-0.001173	0.005636	-0.026149	-0.011388	36788343.967907
2019-10-02	-0.015345	0.001202	0.009766	-0.031019	-0.015345	42121830.109099
2019-10-01	0.000318	0.002201	0.046039	-0.002633	0.000318	40563787.296336
2019-09-30	0.073798	0.001514	0.086754	-0.023410	0.073798	56920760.330108
2019-09-29	-0.004858	0.001798	0.045565	-0.021999	-0.004858	41861529.512487
2019-09-28	0.006081	0.000700	0.012350	-0.008377	0.006081	36239557.182869
2019-09-27	0.030397	0.000040	0.033631	-0.015656	0.030397	47659680.003413
2019-09-26	-0.019007	0.002223	0.014624	-0.055053	-0.019007	46965570.896641
2019-09-25	-0.013769	0.000732	0.006888	-0.052599	-0.013769	58992977.793894
2019-09-24	-0.103963	0.001405	0.006426	-0.164508	-0.103963	56048353.377221
2019-09-23	-0.041003	-0.001924	0.003109	-0.042346	-0.041003	35603401.047634
2019-09-22	0.002401	0.003513	0.008753	-0.015496	0.002401	37997883.427129
2019-09-21	-0.032336	-0.001922	-0.000025	-0.043685	-0.032336	47801585.259765
2019-09-20	-0.013587	0.000141	0.002542	-0.023581	-0.013587	45337415.829916
2019-09-19	-0.003412	-0.000085	0.005586	-0.047683	-0.003412	46463665.150492
2019-09-18	0.042373	-0.000362	0.147726	-0.010107	0.042373	45526971.500994
2019-09-17	0.062253	-0.000290	0.065118	-0.004778	0.062253	38934662.182533
2019-09-16	-0.002122	0.000497	0.012609	-0.012416	-0.002122	31115287.804236
2019-09-15	0.008157	0.000902	0.018761	-0.000875	0.008157	35862685.992473
2019-09-14	0.006142	0.000604	0.010565	-0.008294	0.006142	36253839.889877
2019-09-13	0.000246	-0.000207	0.003031	-0.011208	0.000246	34172204.100188
2019-09-12	0.010980	-0.000115	0.019564	-0.013469	0.010980	38515673.390935
2019-09-11	-0.015679	-0.001995	0.005915	-0.019445	-0.015679	30308813.087575
2019-09-10	-0.009876	-0.000172	0.011499	-0.020825	-0.009876	29851956.659293
2019-09-09	-0.016078	0.002965	0.003357	-0.033211	-0.016078	34582212.250160
2019-09-08	-0.005546	-0.001566	0.017643	-0.018594	-0.005546	31506514.443900
2019-09-07	0.002375	0.002358	0.023927	-0.012039	0.002375	34744018.268022
2019-09-06	-0.008609	-0.000760	0.042994	-0.028171	-0.008609	29577776.687231
2019-09-05	-0.058921	0.000173	0.000872	-0.068699	-0.058921	32285101.418599
2019-09-04	0.036362	0.000275	0.038333	-0.021081	0.036362	27623103.416680
2019-09-03	-0.000149	0.001028	0.049365	-0.013688	-0.000149	40548611.845647
2019-09-02	0.041756	0.000287	0.050042	-0.011712	0.041756	25999238.996040
2019-09-01	-0.007851	0.000266	0.008625	-0.027046	-0.007851	22742519.029532
2019-08-31	0.011955	0.000099	0.018913	-0.009122	0.011955	23927276.713135
2019-08-30	0.013112	0.000536	0.015315	-0.009309	0.013112	23809187.115177
2019-08-29	-0.029357	-0.000173	0.000231	-0.052132	-0.029357	28641509.237475
2019-08-28	-0.036841	0.000667	0.004955	-0.041523	-0.036841	23602879.413637
2019-08-27	-0.022131	0.000099	0.040388	-0.029541	-0.022131	21250034.066378
2019-08-26	0.006518	-0.003830	0.062617	-0.008350	0.006518	22974749.746554
2019-08-25	0.000303	0.000552	0.085211	-0.013681	0.000303	22727727.320571
2019-08-24	-0.019209	-0.000183	0.004144	-0.036635	-0.019209	22299027.486226
2019-08-23	0.004888	0.003135	0.073436	-0.016006	0.004888	21615807.126757
2019-08-22	0.009587	0.000503	0.021098	-0.021625	0.009587	21813054.601500
2019-08-21	-0.032125	0.000351	0.002418	-0.052033	-0.032125	21056918.845795
2019-08-20	-0.012091	0.000252	0.003475	-0.029786	-0.012091	19682454.487890
2019-08-19	0.027429	0.000017	0.038374	-0.002459	0.027429	20301071.799050
2019-08-18	0.028987	0.000594	0.031879	-0.008938	0.028987	20832601.601230
2019-08-17	-0.012971	0.001290	0.003622	-0.022872	-0.012971	18747565.005183
2019-08-16	0.015479	0.000383	0.028249	-0.029767	0.015479	19795788.962940
2019-08-15	-0.030101	-0.000562	0.011533	-0.050652	-0.030101	32124644.182314
2019-08-14	-0.036515	-0.000477	0.001808	-0.038703	-0.036515	34384339.562563
2019-08-13	-0.019166	0.000883	0.003513	-0.026231	-0.019166	27308534.665118
2019-08-12	-0.006221	-0.000812	0.000900	-0.010175	-0.006221	21554919.304028
2019-08-11	0.019605	0.000799	0.020822	-0.001176	0.019605	16229246.382166
2019-08-10	-0.021360	0.000137	0.008335	-0.037369	-0.021360	17920882.748561
2019-08-09	-0.008147	0.000342	0.001786	-0.020217	-0.008147	21528297.969055
2019-08-08	-0.025852	-0.000406	0.002124	-0.049231	-0.025852	16993741.459058
2019-08-07	0.018855	0.000194	0.033904	-0.004076	0.018855	26551304.569203
2019-08-06	-0.044369	0.000445	0.074099	-0.054456	-0.044369	19786132.783963
2019-08-05	0.050641	0.000007	0.076136	-0.000748	0.050641	31037239.351003
2019-08-04	0.009016	0.000197	0.024510	-0.016492	0.009016	19238655.292059
2019-08-03	0.001154	-0.000360	0.017734	-0.002925	0.001154	15813943.371940
2019-08-02	-0.016407	-0.000097	0.006031	-0.020326	-0.016407	18550953.731951
2019-08-01	0.019994	0.000361	0.020490	-0.013599	0.019994	20206543.117183
2019-07-31	0.029085	-0.000496	0.031956	-0.000496	0.029085	21310976.916283
2019-07-30	-0.008016	-0.003219	0.016746	-0.013814	-0.008016	16899415.718944
2019-07-29	-0.006700	-0.000100	0.013220	-0.017536	-0.006700	19054200.286235
2019-07-28	0.012980	-0.000337	0.022850	-0.011008	0.012980	19878103.000151
2019-07-27	-0.033528	0.000679	0.037532	-0.042442	-0.033528	20901184.673424
2019-07-26	-0.000192	-0.000149	0.009616	-0.013262	-0.000192	19438979.181073
2019-07-25	0.001976	-0.001720	0.035087	-0.003504	0.001976	20653974.837895
2019-07-24	0.012206	-0.000132	0.012869	-0.022313	0.012206	23840681.071559
2019-07-23	-0.038852	0.001000	0.002205	-0.040995	-0.038852	21006915.754845
2019-07-22	-0.025665	0.000090	0.007993	-0.035605	-0.025665	19174676.478785
2019-07-21	-0.013582	-0.000150	0.015490	-0.043432	-0.013582	18349874.484041
2019-07-20	0.019362	0.001629	0.042033	-0.006676	0.019362	23424227.101540
2019-07-19	-0.020017	-0.000315	0.004306	-0.048070	-0.020017	20956540.610712
2019-07-18	0.030053	0.000350	0.037932	-0.051003	0.030053	40218355.531682
2019-07-17	0.072681	-0.002077	0.124660	-0.018680	0.072681	41838001.376007
2019-07-16	-0.086397	0.000277	0.010589	-0.093854	-0.086397	40980833.095000
2019-07-15	0.025894	0.001840	0.039332	-0.030390	0.025894	43028086.124038
2019-07-14	-0.072249	0.000262	0.003210	-0.073608	-0.072249	36339861.087769
2019-07-13	-0.027349	0.000989	0.003361	-0.049803	-0.027349	27243201.075305
2019-07-12	0.029989	-0.000409	0.038667	-0.011169	0.029989	35428239.304779
2019-07-11	-0.052864	-0.002056	0.000779	-0.068509	-0.052864	43609123.448206
2019-07-10	-0.035285	0.000622	0.014306	-0.052152	-0.035285	49078576.747575
2019-07-09	-0.002718	-0.000756	0.015854	-0.027958	-0.002718	42613826.539024
2019-07-08	-0.020522	0.000542	0.003066	-0.033040	-0.020522	41682711.832863
2019-07-07	0.024435	0.001731	0.031496	-0.014537	0.024435	44379648.837094
2019-07-06	-0.082753	0.001508	0.026162	-0.102464	-0.082753	65031784.328736
2019-07-05	0.197636	-0.000691	0.384801	-0.030490	0.197636	187924151.068634
2019-07-04	-0.025524	0.000218	0.013131	-0.054872	-0.025524	36433330.345431
2019-07-03	0.034176	0.001048	0.041302	-0.009943	0.034176	37586127.385470
2019-07-02	-0.010571	-0.000309	0.037705	-0.048889	-0.010571	41581109.258732
2019-07-01	-0.006129	-0.002311	0.020683	-0.050572	-0.006129	42771993.068355
2019-06-30	-0.043233	0.003780	0.011926	-0.046385	-0.043233	43549173.838519
2019-06-29	-0.024228	-0.003036	-0.000979	-0.050267	-0.024228	46594480.677436
2019-06-28	0.048176	0.000865	0.058078	-0.004282	0.048176	65310777.624090
2019-06-27	-0.014819	0.003263	0.034303	-0.115108	-0.014819	76165576.560241
2019-06-26	-0.003895	-0.000511	0.016819	-0.041291	-0.003895	64528905.259151
2019-06-25	0.007221	-0.000337	0.008009	-0.029014	0.007221	41001825.884648
2019-06-24	0.019264	0.002805	0.038273	-0.021395	0.019264	42747864.637921
2019-06-23	0.007699	0.001667	0.066220	-0.008949	0.007699	44229339.533482
2019-06-22	0.017539	0.001842	0.040839	-0.011639	0.017539	57373527.638734
2019-06-21	0.019664	0.002145	0.028475	-0.010203	0.019664	42423840.938401
2019-06-20	0.009890	0.004241	0.023662	-0.011102	0.009890	36102125.891741
2019-06-19	0.001448	-0.000716	0.009405	-0.008925	0.001448	35562598.393710
2019-06-18	-0.020448	0.000861	0.002643	-0.025187	-0.020448	54908990.929160
2019-06-17	0.001262	0.000410	0.012115	-0.019219	0.001262	60386666.312987
2019-06-16	0.009199	-0.003854	0.056551	-0.006901	0.009199	68789112.421797
2019-06-15	0.010532	0.003551	0.025548	-0.008886	0.010532	63436422.583201
2019-06-14	0.016222	0.000180	0.022067	-0.012309	0.016222	59252853.489275
2019-06-13	0.002459	-0.001244	0.033114	-0.011897	0.002459	66973694.334301
2019-06-12	0.003005	0.001107	0.011713	-0.012783	0.003005	69543165.879618
2019-06-11	-0.010716	-0.000167	0.016717	-0.030070	-0.010716	65070888.380776
2019-06-10	0.026240	0.000619	0.040811	-0.006738	0.026240	69822842.660403
2019-06-09	-0.023411	-0.002339	0.043589	-0.034520	-0.023411	69438949.948063
2019-06-08	-0.008482	0.001586	0.025998	-0.029935	-0.008482	69699426.308500
2019-06-07	0.007609	0.000237	0.035000	-0.009074	0.007609	71288069.268786
2019-06-06	0.005394	0.000529	0.017544	-0.021246	0.005394	71608122.686088
2019-06-05	0.009473	-0.000951	0.018544	-0.020392	0.009473	72561328.624126
2019-06-04	-0.048940	0.004620	0.004620	-0.066459	-0.048940	77725735.308826
2019-06-03	-0.058735	-0.000043	0.003722	-0.060066	-0.058735	76817042.681735
2019-06-02	-0.006225	0.001994	0.008452	-0.022399	-0.006225	74315768.919823
2019-06-01	-0.006458	0.000614	0.022887	-0.023541	-0.006458	85093279.252835
2019-05-31	0.056107	-0.000622	0.056756	-0.026584	0.056107	85204090.868630
2019-05-30	0.041983	-0.000779	0.151122	-0.005552	0.041983	97252491.405521
2019-05-29	-0.006740	0.000295	0.000732	-0.020744	-0.006740	74244761.001862
2019-05-28	0.002326	0.000293	0.008686	-0.022136	0.002326	67850692.231292
2019-05-27	0.015666	0.002016	0.037049	-0.001960	0.015666	76858481.878784
2019-05-26	0.034027	-0.001320	0.041566	-0.018766	0.034027	68909915.958192
2019-05-25	-0.001291	0.000392	0.005346	-0.012268	-0.001291	58214408.777449
2019-05-24	0.011384	-0.000301	0.020650	-0.009892	0.011384	61767496.912633
2019-05-23	0.007569	-0.000649	0.013985	-0.048811	0.007569	55428477.438913
2019-05-22	-0.047878	-0.001337	0.001338	-0.056600	-0.047878	60016531.120166
2019-05-21	0.014865	0.000191	0.023224	-0.024096	0.014865	54845690.868402
2019-05-20	-0.043177	0.000093	0.002256	-0.077124	-0.043177	56440462.436338
2019-05-19	0.057568	0.001759	0.063155	-0.001791	0.057568	63883932.407133
2019-05-18	0.014583	0.001181	0.031123	-0.022178	0.014583	54849675.897717
2019-05-17	-0.065018	0.000190	0.005481	-0.106345	-0.065018	66495398.955157
2019-05-16	-0.042258	0.000531	0.064535	-0.058527	-0.042258	68128482.968008
2019-05-15	0.078283	0.001701	0.081164	-0.005171	0.078283	57673253.915826
2019-05-14	0.113201	0.000704	0.160665	-0.003138	0.113201	58434919.790625
2019-05-13	0.033976	-0.001055	0.059045	-0.006238	0.033976	47011255.140406
2019-05-12	-0.032166	0.001149	0.024111	-0.051490	-0.032166	44577097.375509
2019-05-11	0.092134	-0.002685	0.109973	-0.003205	0.092134	48521874.347966
2019-05-10	0.008757	0.001455	0.023874	-0.020221	0.008757	32480632.664915
2019-05-09	-0.014655	-0.000157	0.006822	-0.027620	-0.014655	30720237.144860
2019-05-08	0.000160	-0.001011	0.013926	-0.012432	0.000160	32200703.531974
2019-05-07	-0.002224	0.000592	0.035407	-0.002538	-0.002224	38143864.678233
2019-05-06	-0.041754	-0.007488	0.002900	-0.051843	-0.041754	37020799.749711
2019-05-05	-0.009970	0.010806	0.010806	-0.021451	-0.009970	33161934.190199
2019-05-04	-0.015116	-0.008356	0.022857	-0.041615	-0.015116	39814872.210567
2019-05-03	0.041867	-0.000399	0.054045	-0.006400	0.041867	40969776.430951
2019-05-02	0.035772	0.001557	0.053615	-0.002216	0.035772	34506272.102894
2019-05-01	0.003375	-0.000977	0.015047	-0.014155	0.003375	30316781.973843
2019-04-30	0.018779	0.001127	0.021226	-0.009532	0.018779	34753261.065208
2019-04-29	-0.025633	-0.001542	0.007736	-0.034999	-0.025633	32974055.974417
2019-04-28	0.006014	0.001371	0.018545	-0.005668	0.006014	25600272.381335
2019-04-27	-0.001298	-0.001609	0.010202	-0.012228	-0.001298	27194224.094144
2019-04-26	0.005470	-0.002556	0.007964	-0.020963	0.005470	33070493.593086
2019-04-25	-0.035927	-0.001766	0.008135	-0.042028	-0.035927	33422071.240538
2019-04-24	-0.062530	0.000901	0.002268	-0.080482	-0.062530	43229276.862280
2019-04-23	-0.009160	0.001954	0.020555	-0.010938	-0.009160	37261546.743389
2019-04-22	0.013957	-0.000450	0.023258	-0.012154	0.013957	36334621.104419
2019-04-21	-0.049030	-0.000523	0.001370	-0.061180	-0.049030	37077986.150847
2019-04-20	0.003127	-0.000451	0.003490	-0.011176	0.003127	35542376.933333
2019-04-19	-0.017983	-0.000282	0.000860	-0.024044	-0.017983	36059338.244834
2019-04-18	0.048403	0.002048	0.052896	-0.001185	0.048403	42590190.400933
2019-04-17	-0.008897	0.000628	0.009053	-0.026944	-0.008897	32027921.971155
2019-04-16	0.016157	0.000013	0.023776	-0.018701	0.016157	31946319.890028
2019-04-15	-0.031930	0.000812	0.014294	-0.048076	-0.031930	36669437.074938
2019-04-14	0.003347	0.000360	0.010570	-0.012141	0.003347	30693264.077066
2019-04-13	0.005878	-0.001188	0.017699	-0.012383	0.005878	34870865.548948
2019-04-12	0.023794	0.000705	0.029902	-0.023018	0.023794	42878877.482325
2019-04-11	-0.076886	-0.000982	0.003129	-0.093751	-0.076886	45881209.110406
2019-04-10	0.047705	-0.000869	0.067926	-0.004090	0.047705	50718761.377215
2019-04-09	-0.052759	-0.000135	0.008522	-0.076357	-0.052759	53210703.327023
2019-04-08	-0.109148	0.003061	0.005606	-0.118581	-0.109148	62195172.913036
2019-04-07	-0.006232	0.000175	0.022641	-0.053149	-0.006232	50224984.117799
2019-04-06	-0.041963	0.001243	0.001243	-0.048626	-0.041963	46343809.893958
2019-04-05	-0.029046	-0.004953	0.015651	-0.077936	-0.029046	63331136.060901
2019-04-04	0.168332	-0.001870	0.294285	-0.009684	0.168332	164634740.849062
2019-04-03	0.132220	-0.006490	0.308103	-0.008540	0.132220	89863286.802121
2019-04-02	0.135584	-0.000925	0.163228	-0.027372	0.135584	60298362.399212
2019-04-01	0.182969	0.000892	0.216932	-0.001102	0.182969	49116893.818598
2019-03-31	-0.000001	0.000069	0.009548	-0.005176	-0.000001	18785300.157242
2019-03-30	-0.003350	0.001584	0.037466	-0.010795	-0.003350	19212788.376683
2019-03-29	0.006652	0.000900	0.013522	-0.008559	0.006652	21582048.871547
2019-03-28	-0.005423	0.001209	0.003301	-0.012158	-0.005423	20558761.421181
2019-03-27	0.015093	-0.002171	0.016892	-0.005684	0.015093	23194501.627515
2019-03-26	0.005180	-0.001355	0.008802	-0.008755	0.005180	19354497.898488
2019-03-25	-0.005003	0.001936	0.005766	-0.013706	-0.005003	17555818.357823
2019-03-24	-0.005094	-0.001084	0.007861	-0.018574	-0.005094	16541720.702322
2019-03-23	0.005792	0.002361	0.013478	-0.002710	0.005792	15724762.005582
2019-03-22	-0.000651	-0.001284	0.009726	-0.004052	-0.000651	17243548.174232
2019-03-21	-0.003468	0.002087	0.006566	-0.009856	-0.003468	18961936.743083
2019-03-20	-0.014484	-0.003180	0.000280	-0.017653	-0.014484	17912276.330892
2019-03-19	0.003860	-0.000060	0.011048	-0.005004	0.003860	20549162.296327
2019-03-18	0.001065	-0.002085	0.006551	-0.008419	0.001065	21958792.675638
2019-03-17	0.001597	0.001649	0.006239	-0.010101	0.001597	17683010.080182
2019-03-16	0.014251	-0.000644	0.024603	-0.004109	0.014251	17262660.465583
2019-03-15	0.004636	0.001247	0.009526	-0.011494	0.004636	14469793.441562
2019-03-14	0.006777	-0.001317	0.009185	-0.008132	0.006777	12675418.171023
2019-03-13	0.006672	0.001439	0.020353	-0.003115	0.006672	17366462.167108
2019-03-12	0.023396	0.001601	0.032910	-0.008075	0.023396	20817164.898144
2019-03-11	-0.016634	0.000920	0.003584	-0.026111	-0.016634	20212258.428011
2019-03-10	0.000426	0.001151	0.002978	-0.009345	0.000426	14597177.864450
2019-03-09	0.009007	0.001013	0.017295	-0.004033	0.009007	17348833.038980
2019-03-08	-0.005330	0.000656	0.003695	-0.011678	-0.005330	17551403.686868
2019-03-07	0.004004	-0.000648	0.016408	-0.008757	0.004004	17976088.391448
2019-03-06	-0.001168	-0.000003	0.003485	-0.009291	-0.001168	17375079.338592
2019-03-05	0.001525	-0.000734	0.010633	-0.010653	0.001525	19420739.372992
2019-03-04	-0.008537	0.002109	0.005813	-0.015509	-0.008537	16744532.689560
2019-03-03	-0.001679	-0.000486	0.010721	-0.005591	-0.001679	15753983.422801
2019-03-02	0.004106	-0.001098	0.009452	-0.007478	0.004106	17330550.495548
2019-03-01	0.009302	0.000184	0.022343	0.000184	0.009302	18777566.898490
2019-02-28	-0.021101	-0.000463	0.002612	-0.025040	-0.021101	18191276.035532
2019-02-27	-0.002017	0.000421	0.004847	-0.034148	-0.002017	19512740.000614
2019-02-26	-0.003492	-0.000418	0.009991	-0.018627	-0.003492	19292966.341926
2019-02-25	0.028531	-0.000438	0.036011	-0.021897	0.028531	20965851.791197
2019-02-24	-0.052748	0.002331	0.019908	-0.061738	-0.052748	25171946.895865
2019-02-23	0.013395	-0.000251	0.026687	-0.010464	0.013395	20487003.824661
2019-02-22	0.013632	0.000690	0.021180	-0.002130	0.013632	19850027.813358
2019-02-21	-0.024381	-0.006105	-0.000245	-0.027257	-0.024381	18308575.272588
2019-02-20	0.005643	-0.000996	0.006487	-0.011239	0.005643	20976083.116104
2019-02-19	-0.021948	0.000885	0.011769	-0.027424	-0.021948	26883836.212486
2019-02-18	0.060855	0.000061	0.066273	0.000061	0.060855	26457493.370655
2019-02-17	0.035564	-0.000336	0.036035	-0.004768	0.035564	19208658.623338
2019-02-16	0.008642	-0.000406	0.011157	-0.006685	0.008642	14351256.575474
2019-02-15	0.005659	-0.000335	0.009411	-0.004196	0.005659	14754160.113281
2019-02-14	0.001768	-0.001232	0.007962	-0.004513	0.001768	16879422.479396
2019-02-13	-0.000311	-0.000119	0.008654	-0.004621	-0.000311	15440451.488320
2019-02-12	-0.006023	-0.000562	0.002784	-0.017151	-0.006023	16971097.676272
2019-02-11	-0.020631	0.000283	0.000283	-0.023997	-0.020631	15220889.183601
2019-02-10	-0.001891	0.000983	0.001782	-0.018990	-0.001891	15828370.598816
2019-02-09	-0.003573	-0.001987	0.020316	-0.017034	-0.003573	14455529.248108
2019-02-08	0.060397	0.001327	0.060968	-0.005534	0.060397	17956051.907862
2019-02-07	-0.011043	0.001792	0.013202	-0.014013	-0.011043	14228248.282574
2019-02-06	-0.011752	-0.000757	0.007836	-0.026923	-0.011752	15246340.329426
2019-02-05	-0.004283	0.001719	0.009134	-0.008483	-0.004283	13983316.389952
2019-02-04	-0.004138	0.000091	0.014708	-0.013888	-0.004138	13169125.539329
2019-02-03	-0.016572	-0.002168	0.011079	-0.023592	-0.016572	15354409.001564
2019-02-02	0.010057	-0.001145	0.020635	-0.010650	0.010057	13184662.827431
2019-02-01	-0.004408	0.000373	0.001342	-0.016810	-0.004408	17411751.147643
2019-01-31	-0.018469	0.001012	0.013402	-0.024838	-0.018469	13824059.274134
2019-01-30	0.017682	-0.001079	0.022207	-0.006604	0.017682	11813018.048681
2019-01-29	-0.008459	0.001792	0.013586	-0.013503	-0.008459	14809843.800647
2019-01-28	-0.041388	-0.000930	0.000410	-0.049407	-0.041388	16265136.418698
2019-01-27	-0.026467	-0.000465	0.006414	-0.035565	-0.026467	16233337.522271
2019-01-26	-0.016749	-0.011406	0.015867	-0.041365	-0.016749	15588078.836813
2019-01-25	0.038780	0.008992	0.070584	-0.005750	0.038780	15953121.297198
2019-01-24	-0.001908	0.001094	0.014833	-0.014699	-0.001908	15825805.337802
2019-01-23	-0.006931	-0.001132	0.005136	-0.017440	-0.006931	15672115.252319
2019-01-22	-0.020721	-0.000740	0.005510	-0.032314	-0.020721	18971836.915275
2019-01-21	-0.008547	-0.006180	0.001383	-0.024786	-0.008547	17205920.749912
2019-01-20	-0.016106	-0.000118	-0.000017	-0.033216	-0.016106	16178007.622238
2019-01-19	0.022426	-0.000951	0.025592	-0.008088	0.022426	16088820.287967
2019-01-18	0.005984	-0.000399	0.011262	-0.004808	0.005984	12471672.187675
2019-01-17	-0.020488	-0.002303	0.004247	-0.026700	-0.020488	13882217.124546
2019-01-16	0.012793	-0.001318	0.014359	-0.012768	0.012793	13656180.642661
2019-01-15	-0.033136	-0.002293	0.002326	-0.038752	-0.033136	15986347.862857
2019-01-14	0.042353	0.003769	0.049780	0.001534	0.042353	18534843.162788
2019-01-13	-0.025200	-0.005386	0.010610	-0.030250	-0.025200	18059305.525237
2019-01-12	0.009162	0.000765	0.013506	-0.006399	0.009162	14167258.362313
2019-01-11	-0.001508	-0.001181	0.007829	-0.012561	-0.001508	17187243.225837
2019-01-10	-0.059135	-0.001216	0.012899	-0.079792	-0.059135	21174109.138267
2019-01-09	-0.004309	0.000831	0.013892	-0.009102	-0.004309	17010797.289532
2019-01-08	-0.003986	0.005881	0.015852	-0.010358	-0.003986	20994416.655433
2019-01-07	-0.018500	0.000048	0.003223	-0.022574	-0.018500	15899003.816026
2019-01-06	0.003765	-0.002646	0.022352	-0.012141	0.003765	18175111.357810
2019-01-05	0.001723	0.002077	0.015050	-0.015186	0.001723	17148586.018971
2019-01-04	-0.018789	0.001980	0.015720	-0.036402	-0.018789	19530099.896015
2019-01-03	-0.019511	-0.001137	0.003224	-0.020838	-0.019511	17619234.421215
2019-01-02	0.006025	-0.001668	0.027570	-0.008610	0.006025	18015392.402427
2019-01-01	0.019864	0.000378	0.019864	-0.009875	0.019864	17364743.752723
2018-12-31	-0.009245	0.001251	0.011849	-0.018029	-0.009245	18724787.783926
2018-12-30	-0.014933	-0.009864	-0.000378	-0.025963	-0.014933	16846019.188269
2018-12-29	-0.012632	0.002166	0.004840	-0.019047	-0.012632	16985014.704237
2018-12-28	0.029715	-0.000807	0.035200	-0.025188	0.029715	19439894.654872
2018-12-27	-0.044534	0.001333	0.005029	-0.044584	-0.044534	19224932.333030
2018-12-26	0.029059	-0.000685	0.038338	-0.004393	0.029059	17477619.263295
2018-12-25	-0.053574	0.005630	0.005630	-0.087406	-0.053574	19340547.320791
2018-12-24	-0.000814	0.002919	0.037529	-0.000814	-0.000814	24536965.748830
2018-12-23	0.016092	0.000072	0.034672	-0.000694	0.016092	20041491.127910
2018-12-22	-0.016756	-0.002240	0.006346	-0.050710	-0.016756	18456615.591107
2018-12-21	-0.068338	-0.003244	0.005041	-0.080928	-0.068338	22399777.267646
2018-12-20	0.004300	-0.004682	0.021663	-0.040236	0.004300	23713034.370902
2018-12-19	0.013404	-0.003454	0.032622	-0.045187	0.013404	29874095.025802
2018-12-18	0.059330	0.001029	0.061858	-0.024458	0.059330	39838879.648074
2018-12-17	0.191934	-0.000104	0.277965	-0.002827	0.191934	38633066.647899
2018-12-16	0.005657	-0.003598	0.014871	-0.005968	0.005657	16084724.631873
2018-12-15	0.020923	0.000109	0.024667	-0.003586	0.020923	13579048.260764
2018-12-14	0.002353	0.000649	0.009439	-0.004503	0.002353	16163453.883134
2018-12-13	-0.021649	0.003420	0.003773	-0.031422	-0.021649	17660416.707734
2018-12-12	0.010861	0.000146	0.023497	-0.005372	0.010861	18564006.836781
2018-12-11	-0.005557	-0.001602	0.000346	-0.016847	-0.005557	16096640.446882
2018-12-10	-0.001015	-0.001949	0.007956	-0.013349	-0.001015	15898037.633316
2018-12-09	-0.008517	-0.003475	0.011054	-0.014735	-0.008517	16961969.868569
2018-12-08	0.007658	-0.003836	0.025234	-0.016972	0.007658	18741867.631133
2018-12-07	0.003291	0.003147	0.020110	-0.031737	0.003291	27761895.029927
2018-12-06	-0.038117	-0.000938	0.021622	-0.038117	-0.038117	24766152.205874
2018-12-05	-0.007096	-0.000964	0.028103	-0.024226	-0.007096	20634688.533271
2018-12-04	-0.074005	-0.000572	0.003387	-0.084396	-0.074005	17851388.586155
2018-12-03	0.055917	0.000737	0.062257	-0.045126	0.055917	12481724.465787
2018-12-02	-0.001881	0.001005	0.009503	-0.015191	-0.001881	9346513.696929
2018-12-01	0.039378	0.004935	0.052838	-0.004618	0.039378	9596326.545677
2018-11-30	-0.034016	-0.000213	0.006119	-0.049299	-0.034016	11289729.182319
2018-11-29	-0.002337	0.002220	0.013782	-0.026844	-0.002337	12848616.719788
2018-11-28	0.076369	0.000872	0.103166	-0.001768	0.076369	14675800.000000
2018-11-27	-0.005556	-0.001468	0.003645	-0.044222	-0.005556	11737900.000000
2018-11-26	-0.054691	-0.000770	0.015465	-0.081201	-0.054691	11991200.000000
2018-11-25	-0.001875	0.002837	0.017009	-0.068037	-0.001875	11793900.000000
2018-11-24	-0.057865	0.001389	0.012594	-0.070776	-0.057865	11318100.000000
2018-11-23	-0.021273	-0.001725	0.002703	-0.050560	-0.021273	11322000.000000
2018-11-22	-0.014698	0.002471	0.013538	-0.042317	-0.014698	13264200.000000
2018-11-21	0.085829	0.005105	0.110975	-0.035844	0.085829	28366700.000000
2018-11-20	-0.067503	-0.001315	0.007991	-0.096461	-0.067503	20588800.000000
2018-11-19	-0.085328	-0.000700	0.028011	-0.086368	-0.085328	16481100.000000
2018-11-18	0.018582	0.000628	0.019114	-0.007549	0.018582	11556400.000000
2018-11-17	-0.054996	0.000011	0.009082	-0.066766	-0.054996	18533300.000000
2018-11-16	-0.019408	0.001014	0.006663	-0.047565	-0.019408	24758900.000000
2018-11-15	0.038929	0.002834	0.044772	-0.068305	0.038929	22776600.000000
2018-11-14	-0.084862	0.000716	0.002862	-0.113211	-0.084862	15358000.000000
2018-11-13	-0.038846	0.000509	0.007244	-0.039557	-0.038846	7309800.000000
2018-11-12	-0.030762	0.000857	0.003735	-0.038752	-0.030762	10401200.000000
2018-11-11	-0.037408	-0.002012	0.000362	-0.043257	-0.037408	8201330.000000
2018-11-10	0.046015	-0.001557	0.066040	-0.015194	0.046015	15996900.000000
2018-11-09	-0.072029	-0.004519	-0.003085	-0.085401	-0.072029	18644000.000000
2018-11-08	-0.069736	-0.000124	0.006166	-0.071479	-0.069736	13533900.000000
2018-11-07	-0.015903	0.000584	0.006068	-0.019260	-0.015903	10603600.000000
2018-11-06	0.020432	0.002783	0.030296	-0.001772	0.020432	15554100.000000
2018-11-05	-0.014574	-0.003139	0.018527	-0.016356	-0.014574	11645300.000000
2018-11-04	-0.015442	0.004077	0.014694	-0.015442	-0.015442	8992540.000000
2018-11-03	-0.010593	0.000673	0.003368	-0.011382	-0.010593	7815160.000000
2018-11-02	-0.000890	0.000424	0.008791	-0.008457	-0.000890	11323400.000000
2018-11-01	0.003406	-0.001196	0.049785	-0.002829	0.003406	10034100.000000
2018-10-31	-0.022445	-0.003875	0.005771	-0.041656	-0.022445	14273900.000000
2018-10-30	0.000772	0.002370	0.015691	-0.007418	0.000772	11828900.000000
2018-10-29	-0.053062	-0.003744	0.000126	-0.056225	-0.053062	14051900.000000
2018-10-28	-0.031404	-0.001592	-0.001592	-0.038157	-0.031404	11694700.000000
2018-10-27	0.052770	0.006744	0.068032	0.006744	0.052770	23286000.000000
2018-10-26	0.071936	-0.003766	0.071936	-0.003766	0.071936	16214900.000000
2018-10-25	-0.049668	0.000197	0.002357	-0.060123	-0.049668	12336100.000000
2018-10-24	-0.062400	-0.002304	-0.002088	-0.074982	-0.062400	17832300.000000
2018-10-23	-0.044412	0.001725	0.008033	-0.052564	-0.044412	12913100.000000
2018-10-22	-0.033608	-0.002169	0.003870	-0.035512	-0.033608	10602500.000000
2018-10-21	-0.007488	0.000228	0.011183	-0.009366	-0.007488	7521080.000000
2018-10-20	0.018171	0.006843	0.019661	-0.006138	0.018171	7574780.000000
2018-10-19	0.019186	0.000689	0.041053	-0.025675	0.019186	17274700.000000
2018-10-18	-0.046291	0.001300	0.028367	-0.057118	-0.046291	22842600.000000
2018-10-17	-0.083389	-0.001519	0.001461	-0.104593	-0.083389	24144600.000000
2018-10-16	-0.038433	0.000774	0.000774	-0.048263	-0.038433	11794600.000000
2018-10-15	0.011558	-0.000948	0.058002	-0.006653	0.011558	18579800.000000
2018-10-14	-0.004543	-0.001490	0.007856	-0.007191	-0.004543	7930760.000000
2018-10-13	-0.012421	-0.000425	0.004715	-0.015996	-0.012421	8095130.000000
2018-10-12	0.049293	-0.003630	0.056563	-0.008631	0.049293	9635600.000000
2018-10-11	-0.099297	-0.000793	-0.000793	-0.117244	-0.099297	18770800.000000
2018-10-10	-0.014783	-0.001200	0.002247	-0.018447	-0.014783	10274400.000000
2018-10-09	0.010177	0.002764	0.010865	-0.000762	0.010177	8996090.000000
2018-10-08	0.002880	0.001970	0.016150	-0.002292	0.002880	12177400.000000
2018-10-07	0.003113	0.002548	0.005418	-0.006038	0.003113	7755690.000000
2018-10-06	-0.021860	0.003027	0.017769	-0.032802	-0.021860	13055500.000000
2018-10-05	0.004177	0.000278	0.017487	-0.003631	0.004177	12566200.000000
2018-10-04	-0.010300	0.001346	0.011111	-0.022380	-0.010300	14529600.000000
2018-10-03	-0.020549	-0.001769	0.000354	-0.028925	-0.020549	15933900.000000
2018-10-02	-0.019866	-0.002435	0.003743	-0.025757	-0.019866	15357200.000000
2018-10-01	0.006103	-0.000781	0.020008	-0.004160	0.006103	20096400.000000
2018-09-30	0.007025	0.000454	0.007694	-0.006164	0.007025	13396600.000000
2018-09-29	0.005835	0.000256	0.011634	-0.011177	0.005835	15626800.000000
2018-09-28	-0.008216	-0.002502	0.014722	-0.016297	-0.008216	14461600.000000
2018-09-27	0.032352	0.001220	0.037762	-0.000321	0.032352	15096200.000000
2018-09-26	0.001597	0.001170	0.011936	-0.004133	0.001597	11673600.000000
2018-09-25	0.001436	0.000504	0.020550	-0.015976	0.001436	17598700.000000
2018-09-24	-0.037884	0.000576	0.028170	-0.041065	-0.037884	17243600.000000
2018-09-23	0.024812	0.001204	0.025924	-0.003828	0.024812	12445100.000000
2018-09-22	0.013060	-0.000255	0.023460	-0.014024	0.013060	14917600.000000
2018-09-21	-0.001954	0.000039	0.046664	-0.024852	-0.001954	22345300.000000
2018-09-20	0.015327	-0.000626	0.051963	-0.000626	0.015327	25354400.000000
2018-09-19	-0.062158	0.000567	0.008322	-0.103747	-0.062158	38645300.000000
2018-09-18	-0.041964	-0.001951	0.005970	-0.072703	-0.041964	39689500.000000
2018-09-17	-0.044143	0.001381	0.002439	-0.057417	-0.044143	26385900.000000
2018-09-16	0.059321	0.004130	0.059321	-0.003948	0.059321	21598600.000000
2018-09-15	-0.002354	0.001191	0.014049	-0.007369	-0.002354	16956400.000000
2018-09-14	-0.057149	0.000619	0.015786	-0.070132	-0.057149	41910000.000000
2018-09-13	0.015338	0.001989	0.023825	-0.007103	0.015338	45785700.000000
2018-09-12	0.019988	-0.000540	0.020192	-0.021475	0.019988	59824100.000000
2018-09-11	-0.081757	0.005651	0.005651	-0.136275	-0.081757	89882900.000000
2018-09-10	0.182447	0.001848	0.189435	0.001848	0.182447	76891600.000000
2018-09-09	0.024103	0.003212	0.026596	0.001836	0.024103	32572000.000000
2018-09-08	0.072440	-0.001799	0.103786	-0.001799	0.072440	48248300.000000
2018-09-07	0.059414	-0.002629	0.086296	-0.002629	0.059414	37618700.000000
2018-09-06	0.016004	-0.001040	0.032612	-0.053806	0.016004	32481300.000000
2018-09-05	-0.064143	-0.001813	0.023795	-0.087168	-0.064143	50536000.000000
2018-09-04	0.000416	0.002353	0.010781	-0.040118	0.000416	32495100.000000
2018-09-03	0.053488	0.005347	0.110290	-0.002879	0.053488	57158800.000000
2018-09-02	-0.203677	0.005121	0.043997	-0.275557	-0.203677	139429000.000000
2018-09-01	0.309536	-0.011010	0.408601	-0.095335	0.309536	193826000.000000
2018-08-31	0.495055	0.002844	0.512164	0.001946	0.495055	77150500.000000
2018-08-30	0.230631	-0.003032	0.254733	-0.003604	0.230631	33967500.000000
2018-08-29	-0.000487	-0.000077	0.004952	-0.034839	-0.000487	4588400.000000
2018-08-28	0.058891	0.005212	0.063708	-0.004363	0.058891	5215460.000000
2018-08-27	0.023860	-0.000262	0.026334	-0.007407	0.023860	3618660.000000
2018-08-26	0.014476	-0.001008	0.018142	-0.034820	0.014476	2912230.000000
2018-08-25	-0.023062	-0.001134	0.005433	-0.029158	-0.023062	4028740.000000
2018-08-24	0.017100	0.002193	0.021150	-0.013084	0.017100	3251910.000000
2018-08-23	0.030576	0.000125	0.035808	-0.000635	0.030576	2596260.000000
2018-08-22	-0.045334	-0.000693	0.038310	-0.046249	-0.045334	5962320.000000
2018-08-21	0.023575	-0.001744	0.026163	-0.002706	0.023575	2134170.000000
2018-08-20	-0.042351	-0.003615	0.004856	-0.045869	-0.042351	2424120.000000
2018-08-19	0.033059	0.007961	0.033059	-0.011799	0.033059	2665100.000000
2018-08-18	-0.024686	0.009068	0.017810	-0.035567	-0.024686	6738940.000000
2018-08-17	0.071193	0.010516	0.081438	-0.003089	0.071193	5233940.000000
2018-08-16	-0.005049	-0.001910	0.029045	-0.033022	-0.005049	5860370.000000
2018-08-15	0.019051	-0.001969	0.067280	-0.005291	0.019051	5379460.000000
2018-08-14	-0.030522	-0.004710	-0.002921	-0.080673	-0.030522	7512400.000000
2018-08-13	-0.030272	0.001144	0.019329	-0.049564	-0.030272	4981090.000000
2018-08-12	0.000241	-0.003349	0.015023	-0.018090	0.000241	3433940.000000
2018-08-11	0.004828	-0.004854	0.028448	-0.019786	0.004828	5083850.000000
2018-08-10	-0.063934	-0.000380	0.021112	-0.074449	-0.063934	4693290.000000
2018-08-09	0.058359	-0.002601	0.073886	-0.013816	0.058359	7374010.000000
2018-08-08	-0.096037	-0.000753	-0.000753	-0.103151	-0.096037	4879040.000000
2018-08-07	-0.038887	-0.001659	0.017394	-0.043017	-0.038887	5725520.000000
2018-08-06	-0.020468	0.012329	0.025363	-0.034414	-0.020468	5668670.000000
2018-08-05	0.033502	0.013613	0.061944	-0.004393	0.033502	11384200.000000
2018-08-04	-0.059138	-0.007489	0.016280	-0.062099	-0.059138	7980110.000000
2018-08-03	-0.009566	0.004579	0.007980	-0.034026	-0.009566	9546950.000000
2018-08-02	-0.067593	-0.025029	0.001247	-0.073632	-0.067593	6942240.000000
2018-08-01	0.072937	0.024851	0.072937	-0.039559	0.072937	14829700.000000
2018-07-31	-0.100200	0.015944	0.015944	-0.126855	-0.100200	14253600.000000
2018-07-30	-0.010450	0.001672	0.013525	-0.083560	-0.010450	13732200.000000
2018-07-29	-0.027274	0.004015	0.022589	-0.033395	-0.027274	5890530.000000
2018-07-28	-0.005182	-0.002704	0.015429	-0.008512	-0.005182	3341480.000000
2018-07-27	0.007206	-0.001491	0.020040	-0.032052	0.007206	5090340.000000
2018-07-26	-0.042208	-0.003582	0.028938	-0.053202	-0.042208	6916450.000000
2018-07-25	-0.021216	-0.007479	0.011316	-0.084658	-0.021216	13195600.000000
2018-07-24	0.054943	0.004337	0.069003	-0.012049	0.054943	10829100.000000
2018-07-23	-0.007845	0.002981	0.051962	-0.011284	-0.007845	8372820.000000
2018-07-22	0.057522	0.021205	0.095501	0.002333	0.057522	11356800.000000
2018-07-21	-0.041047	0.011666	0.035513	-0.056669	-0.041047	13342900.000000
2018-07-20	-0.112873	-0.003848	-0.001930	-0.143095	-0.112873	18017900.000000
2018-07-19	0.035408	-0.007965	0.063913	-0.062250	0.035408	25349600.000000
2018-07-18	0.150118	-0.001704	0.336464	-0.012126	0.150118	39281300.000000
2018-07-17	0.130801	-0.014864	0.142488	-0.018606	0.130801	15429200.000000
2018-07-16	0.199280	-0.005810	0.205351	-0.005810	0.199280	15576200.000000
2018-07-15	0.007727	0.003468	0.022359	-0.017875	0.007727	3869860.000000
2018-07-14	0.012613	-0.012420	0.022268	-0.062246	0.012613	4179950.000000
2018-07-13	0.011452	0.000455	0.021699	-0.042895	0.011452	6191910.000000
2018-07-12	-0.049059	-0.012519	0.000050	-0.074456	-0.049059	4220800.000000
2018-07-11	0.005631	-0.002331	0.026370	-0.024350	0.005631	9788650.000000
2018-07-10	-0.073737	0.001095	0.007363	-0.139008	-0.073737	6741490.000000
2018-07-09	-0.002731	0.000490	0.014602	-0.006106	-0.002731	4233540.000000
2018-07-08	-0.012875	-0.000911	0.010126	-0.027206	-0.012875	5004800.000000
2018-07-07	0.018505	0.001648	0.019187	-0.019006	0.018505	4205310.000000
2018-07-06	-0.000939	0.004063	0.007614	-0.018399	-0.000939	4306990.000000
2018-07-05	-0.030278	-0.000328	0.005608	-0.038233	-0.030278	3792270.000000
2018-07-04	0.015978	-0.000383	0.032676	-0.019465	0.015978	4781340.000000
2018-07-03	-0.024094	-0.001561	0.022529	-0.031448	-0.024094	5643560.000000
2018-07-02	0.085956	-0.001117	0.093235	-0.024225	0.085956	5812800.000000
2018-07-01	-0.004017	0.003605	0.021763	-0.017125	-0.004017	8435030.000000
2018-06-30	0.029685	0.003028	0.047063	-0.002674	0.029685	6122900.000000
2018-06-29	0.029806	0.021990	0.057342	-0.027111	0.029806	3832380.000000
2018-06-28	-0.032975	-0.013031	0.027498	-0.042629	-0.032975	3678050.000000
2018-06-27	-0.016397	0.002417	0.012200	-0.057843	-0.016397	5765380.000000
2018-06-26	-0.002990	0.006245	0.036808	-0.011375	-0.002990	4070170.000000
2018-06-25	-0.009750	-0.007921	0.026552	-0.046979	-0.009750	5693670.000000
2018-06-24	-0.049606	-0.002208	0.026465	-0.117330	-0.049606	9879600.000000
2018-06-23	-0.010006	0.001132	0.017548	-0.030875	-0.010006	9938440.000000
2018-06-22	-0.107187	-0.001653	0.005462	-0.129873	-0.107187	9291920.000000
2018-06-21	-0.010846	0.000215	0.003407	-0.017351	-0.010846	3952000.000000
2018-06-20	-0.004226	0.000514	0.004378	-0.029568	-0.004226	3245680.000000
2018-06-19	0.001932	-0.000106	0.015422	-0.023643	0.001932	4460270.000000
2018-06-18	0.053927	0.014959	0.072346	-0.014329	0.053927	8143520.000000
2018-06-17	-0.007672	0.003997	0.017341	-0.007672	-0.007672	6253640.000000
2018-06-16	-0.002134	-0.003202	0.018828	-0.024661	-0.002134	6642410.000000
2018-06-15	-0.014619	0.003030	0.012765	-0.036192	-0.014619	12125600.000000
2018-06-14	0.045165	-0.000458	0.070779	-0.001921	0.045165	9869880.000000
2018-06-13	-0.088175	0.000770	0.008504	-0.100709	-0.088175	11074900.000000
2018-06-12	-0.044842	0.001002	0.012108	-0.049254	-0.044842	4965300.000000
2018-06-11	0.016290	-0.000729	0.020393	-0.025242	0.016290	4841840.000000
2018-06-10	-0.114369	0.000465	0.000465	-0.122988	-0.114369	7439530.000000
2018-06-09	-0.017840	-0.000098	0.014339	-0.017840	-0.017840	4672910.000000
2018-06-08	-0.019607	0.003701	0.013910	-0.026464	-0.019607	6921140.000000
2018-06-07	-0.014527	-0.010228	0.012924	-0.020957	-0.014527	6110720.000000
2018-06-06	0.036366	0.000328	0.040077	-0.022020	0.036366	21273700.000000
2018-06-05	0.034460	0.001551	0.053828	-0.005116	0.034460	18819700.000000
2018-06-04	-0.042839	0.000198	0.018847	-0.048224	-0.042839	22162200.000000
2018-06-03	0.037210	0.005149	0.054026	-0.003688	0.037210	19570200.000000
2018-06-02	0.039349	-0.001446	0.047079	-0.006923	0.039349	5918490.000000
2018-06-01	0.007398	0.008617	0.020756	-0.018316	0.007398	5436780.000000
2018-05-31	0.013282	0.022478	0.047499	-0.010759	0.013282	8971080.000000
2018-05-30	-0.024164	0.003079	0.020209	-0.033106	-0.024164	7463910.000000
2018-05-29	0.065415	0.000133	0.068456	-0.017932	0.065415	9244550.000000
2018-05-28	-0.057917	0.002778	0.006750	-0.060189	-0.057917	7502800.000000
2018-05-27	-0.011180	0.000427	0.004939	-0.017735	-0.011180	3494870.000000
2018-05-26	-0.014686	0.010321	0.015665	-0.015705	-0.014686	6353660.000000
2018-05-25	0.004290	-0.007113	0.030741	-0.035088	0.004290	10613600.000000
2018-05-24	-0.025474	-0.000131	0.034097	-0.095448	-0.025474	10460200.000000
2018-05-23	-0.067620	0.001818	0.109785	-0.108038	-0.067620	14899100.000000
2018-05-22	-0.098309	-0.013849	0.002283	-0.104935	-0.098309	10205700.000000
2018-05-21	-0.034325	-0.005804	-0.000898	-0.107522	-0.034325	18454500.000000
2018-05-20	0.031969	-0.008279	0.044398	-0.088377	0.031969	15909900.000000
2018-05-19	0.066874	0.049678	0.102330	-0.003052	0.066874	15007400.000000
2018-05-18	-0.040874	-0.045878	0.045061	-0.103508	-0.040874	13622000.000000
2018-05-17	-0.044938	-0.003851	0.021524	-0.048425	-0.044938	17314000.000000
2018-05-16	-0.028724	-0.009021	0.007807	-0.056571	-0.028724	9611630.000000
2018-05-15	0.012350	-0.003738	0.073481	-0.009433	0.012350	21076900.000000
2018-05-14	0.030311	0.039406	0.053087	-0.025268	0.030311	12399700.000000
2018-05-13	-0.032349	-0.037262	0.033167	-0.113583	-0.032349	19823500.000000
2018-05-12	0.025651	0.020220	0.070325	-0.101814	0.025651	27449400.000000
2018-05-11	-0.104380	0.034105	0.034105	-0.179170	-0.104380	27582800.000000
2018-05-10	-0.043721	-0.052614	0.039974	-0.110316	-0.043721	34878500.000000
2018-05-09	-0.039700	-0.005625	0.003862	-0.122770	-0.039700	33562300.000000
2018-05-08	0.100811	0.003267	0.111823	-0.005320	0.100811	40660100.000000
2018-05-07	-0.030612	-0.000732	0.009556	-0.067861	-0.030612	25891500.000000
2018-05-06	-0.040709	0.004168	0.015217	-0.087884	-0.040709	33446900.000000
2018-05-05	-0.016720	-0.000336	0.014866	-0.046043	-0.016720	30335800.000000
2018-05-04	-0.066026	-0.019190	-0.015276	-0.077306	-0.066026	14434200.000000
2018-05-03	0.069810	0.011663	0.071363	-0.011599	0.069810	50484900.000000
2018-05-02	0.025003	-0.005810	0.052672	-0.020018	0.025003	49958400.000000
2018-05-01	-0.012698	0.011784	0.011784	-0.059763	-0.012698	11657500.000000
2018-04-30	-0.045546	-0.009903	0.013799	-0.059109	-0.045546	36411800.000000
2018-04-29	0.019008	0.021059	0.037471	-0.025170	0.019008	37883800.000000
2018-04-28	-0.011858	-0.010626	0.036966	-0.019766	-0.011858	35916600.000000
2018-04-27	-0.036448	-0.007806	0.020003	-0.058764	-0.036448	38969800.000000
2018-04-26	0.104747	0.006913	0.114529	-0.038760	0.104747	41358700.000000
2018-04-25	-0.121899	0.013526	0.020427	-0.147039	-0.121899	38270000.000000
2018-04-24	0.058084	0.001262	0.077691	0.000069	0.058084	36637000.000000
2018-04-23	-0.010289	0.001211	0.030323	-0.025121	-0.010289	33576300.000000
2018-04-22	0.023182	0.005355	0.066411	-0.015815	0.023182	18456900.000000
2018-04-21	-0.081354	-0.002501	-0.001010	-0.118607	-0.081354	25007100.000000
2018-04-20	0.011810	0.001812	0.023043	-0.021580	0.011810	23110700.000000
2018-04-19	0.076087	-0.002864	0.076087	-0.016931	0.076087	27012500.000000
2018-04-18	0.140935	-0.006571	0.152747	-0.007482	0.140935	21720200.000000
2018-04-17	0.034684	0.000737	0.062087	-0.015096	0.034684	17139500.000000
2018-04-16	0.002914	0.003627	0.076236	-0.039462	0.002914	22272600.000000
2018-04-15	0.101366	-0.003708	0.111768	-0.003708	0.101366	11867500.000000
2018-04-14	0.038952	-0.009294	0.055959	-0.017675	0.038952	13585900.000000
2018-04-13	0.051793	-0.004305	0.130642	-0.012553	0.051793	18150400.000000
2018-04-12	0.118287	-0.006619	0.118287	-0.041506	0.118287	13877700.000000
2018-04-11	0.116296	-0.001275	0.149965	-0.009594	0.116296	25292400.000000
2018-04-10	0.101291	-0.001365	0.112168	-0.008358	0.101291	10212100.000000
2018-04-09	-0.028145	0.004397	0.030203	-0.041840	-0.028145	4827250.000000
2018-04-08	0.014652	-0.005482	0.037609	-0.005482	0.014652	3683180.000000
2018-04-07	0.049318	0.004464	0.072914	-0.000562	0.049318	3034220.000000
2018-04-06	-0.016053	0.000494	0.008634	-0.036598	-0.016053	2848290.000000
2018-04-05	-0.020471	0.005274	0.007429	-0.042054	-0.020471	4829150.000000
2018-04-04	-0.070239	0.000933	0.009011	-0.087966	-0.070239	5330250.000000
2018-04-03	0.065186	-0.001112	0.069919	-0.006178	0.065186	6618080.000000
2018-04-02	0.028889	0.004572	0.034962	-0.005422	0.028889	5034000.000000
2018-04-01	-0.035720	-0.000372	0.017624	-0.079514	-0.035720	3373820.000000
2018-03-31	0.020379	-0.004187	0.048352	-0.023181	0.020379	3505010.000000
2018-03-30	-0.022479	-0.005356	0.022377	-0.063365	-0.022479	5378440.000000
2018-03-29	-0.099983	0.009562	0.011714	-0.121963	-0.099983	5630550.000000
2018-03-28	-0.001355	-0.003361	0.031499	-0.009914	-0.001355	4912220.000000
2018-03-27	-0.043923	-0.004214	-0.002058	-0.054995	-0.043923	5235300.000000
2018-03-26	-0.061574	-0.002094	0.010228	-0.104005	-0.061574	6061990.000000
2018-03-25	-0.023686	-0.011303	-0.004002	-0.035477	-0.023686	3476340.000000
2018-03-24	0.008596	0.010549	0.046954	-0.013836	0.008596	4461220.000000
2018-03-23	0.008934	0.001261	0.008934	-0.053023	0.008934	6178530.000000
2018-03-22	-0.035659	0.002006	0.018447	-0.058965	-0.035659	5210480.000000
2018-03-21	0.002123	0.000184	0.050024	-0.012244	0.002123	6711100.000000
2018-03-20	0.061279	0.007561	0.083435	-0.014988	0.061279	6638060.000000
2018-03-19	0.078305	0.002696	0.098445	-0.014576	0.078305	8278910.000000
2018-03-18	-0.032883	-0.005563	-0.005563	-0.154292	-0.032883	9029610.000000
2018-03-17	-0.060325	-0.001604	0.011232	-0.074372	-0.060325	6231110.000000
2018-03-16	-0.007192	0.001705	0.033706	-0.026879	-0.007192	6407110.000000
2018-03-15	0.003494	-0.000704	0.027217	-0.072685	0.003494	9316740.000000
2018-03-14	-0.110252	-0.001439	0.014474	-0.135773	-0.110252	7532350.000000
2018-03-13	-0.017700	-0.002932	0.050283	-0.037802	-0.017700	6006560.000000
2018-03-12	-0.042285	-0.000689	0.015021	-0.088981	-0.042285	7601500.000000
2018-03-11	0.059598	-0.003401	0.087289	-0.032687	0.059598	9251440.000000
2018-03-10	-0.041715	-0.002103	0.056294	-0.047198	-0.041715	9880540.000000
2018-03-09	0.030018	-0.004636	0.030018	-0.101212	0.030018	13624400.000000
2018-03-08	0.000166	-0.002321	0.097857	-0.032036	0.000166	15499400.000000
2018-03-07	-0.127101	0.001729	0.020431	-0.129992	-0.127101	17585500.000000
2018-03-06	-0.116404	-0.018263	-0.015657	-0.126431	-0.116404	14766900.000000
2018-03-05	-0.051662	-0.007265	0.006011	-0.062685	-0.051662	13627700.000000
2018-03-04	0.037915	-0.012508	0.037915	-0.025828	0.037915	12133500.000000
2018-03-03	-0.032995	0.002185	0.050049	-0.054887	-0.032995	21545000.000000
2018-03-02	-0.117992	-0.006562	0.002798	-0.123563	-0.117992	22498100.000000
2018-03-01	0.032686	0.003950	0.050066	-0.012226	0.032686	15518400.000000
2018-02-28	-0.043369	-0.003352	0.025374	-0.045318	-0.043369	13227600.000000
2018-02-27	-0.007542	0.003756	0.037128	-0.010839	-0.007542	12201900.000000
2018-02-26	0.032001	0.004274	0.058100	-0.029433	0.032001	12068600.000000
2018-02-25	-0.028767	-0.000462	0.013693	-0.051829	-0.028767	11758800.000000
2018-02-24	-0.048677	0.002756	0.037638	-0.077817	-0.048677	15687300.000000
2018-02-23	0.062172	-0.000928	0.110335	-0.035294	0.062172	19390500.000000
2018-02-22	-0.048955	-0.002016	0.043717	-0.075849	-0.048955	20365500.000000
2018-02-21	-0.072382	-0.001036	0.041851	-0.105081	-0.072382	36813100.000000
2018-02-20	0.059400	-0.002621	0.237645	-0.044453	0.059400	107911000.000000
2018-02-19	0.042366	-0.002277	0.079961	-0.012938	0.042366	13019200.000000
2018-02-18	-0.088651	0.009165	0.013452	-0.102039	-0.088651	15291500.000000
2018-02-17	0.002238	0.004298	0.041028	-0.025738	0.002238	18333100.000000
2018-02-16	-0.042685	-0.007057	0.018688	-0.111339	-0.042685	26553900.000000
2018-02-15	0.091675	-0.001964	0.180883	-0.002361	0.091675	43275000.000000
2018-02-14	0.193842	-0.001254	0.203698	-0.001254	0.193842	40527400.000000
2018-02-13	0.030230	0.000466	0.037636	-0.036777	0.030230	14149700.000000
2018-02-12	0.104052	0.001618	0.111345	0.001618	0.104052	11124300.000000
2018-02-11	-0.006630	-0.004227	0.038696	-0.076946	-0.006630	11309800.000000
2018-02-10	-0.002138	-0.003686	0.088097	-0.051144	-0.002138	16717300.000000
2018-02-09	0.095054	-0.001378	0.097426	-0.055399	0.095054	11190100.000000
2018-02-08	0.062647	-0.007896	0.133719	-0.007896	0.062647	9462680.000000
2018-02-07	-0.014617	-0.010677	0.100826	-0.097767	-0.014617	12990100.000000
2018-02-06	0.234199	0.003116	0.251378	-0.140751	0.234199	19139100.000000
2018-02-05	-0.196818	-0.000502	0.016069	-0.232646	-0.196818	12489400.000000
2018-02-04	-0.148161	0.003484	0.029655	-0.191347	-0.148161	12961600.000000
2018-02-03	0.154076	0.005942	0.228092	-0.070463	0.154076	18018100.000000
2018-02-02	-0.110251	-0.001308	-0.001308	-0.341911	-0.110251	29913700.000000
2018-02-01	-0.163232	0.001868	0.013356	-0.202903	-0.163232	18748700.000000
2018-01-31	-0.002236	-0.003841	0.032437	-0.045183	-0.002236	14754700.000000
2018-01-30	-0.135392	0.000245	0.003623	-0.147054	-0.135392	15855900.000000
2018-01-29	-0.066663	-0.008452	0.007675	-0.080559	-0.066663	13073100.000000
2018-01-28	0.012457	0.004902	0.041861	-0.004869	0.012457	14070700.000000
2018-01-27	0.018795	0.000427	0.042608	-0.009502	0.018795	11672900.000000
2018-01-26	-0.056078	0.004667	0.041101	-0.113699	-0.056078	19572300.000000
2018-01-25	0.082379	0.010127	0.095966	0.005718	0.082379	21329400.000000
2018-01-24	0.061407	-0.004711	0.081460	-0.030097	0.061407	17449900.000000
2018-01-23	-0.008942	-0.001576	0.046858	-0.075128	-0.008942	17882700.000000
2018-01-22	-0.055754	0.009454	0.066533	-0.114070	-0.055754	19968600.000000
2018-01-21	-0.155837	-0.001175	-0.001175	-0.173418	-0.155837	22933100.000000
2018-01-20	0.073311	0.011002	0.098841	0.011002	0.073311	22974100.000000
2018-01-19	-0.012339	-0.012145	0.058505	-0.062997	-0.012339	30335700.000000
2018-01-18	0.041975	-0.000968	0.141877	-0.059197	0.041975	56599300.000000
2018-01-17	0.121039	-0.001551	0.134645	-0.193900	0.121039	58846200.000000
2018-01-16	-0.307888	0.000637	0.000637	-0.424605	-0.307888	68099200.000000
2018-01-15	-0.156402	-0.004613	0.008053	-0.157152	-0.156402	62765500.000000
2018-01-14	-0.102807	0.002611	0.012577	-0.128968	-0.102807	65899000.000000
2018-01-13	-0.002505	0.000069	0.045695	-0.044248	-0.002505	55890600.000000
2018-01-12	0.138352	0.000881	0.162983	-0.026540	0.138352	56971300.000000
2018-01-11	-0.124621	-0.006289	0.003900	-0.161402	-0.124621	62722000.000000
2018-01-10	-0.023696	0.009985	0.010462	-0.144194	-0.023696	100243000.000000
2018-01-09	-0.108003	0.001761	0.034802	-0.134909	-0.108003	115255000.000000
2018-01-08	-0.119542	0.001574	0.033749	-0.194438	-0.119542	235114000.000000
2018-01-07	0.149688	-0.012797	0.263098	-0.019216	0.149688	288184000.000000
2018-01-06	0.221565	0.004882	0.297581	0.004882	0.221565	283716992.000000
2018-01-05	0.261632	0.001682	0.273660	-0.005718	0.261632	212383008.000000
2018-01-04	0.034792	0.002794	0.076892	-0.059208	0.034792	108986000.000000
2018-01-03	0.019092	-0.006230	0.048042	-0.028755	0.019092	66349900.000000
2018-01-02	0.026538	-0.004043	0.077419	-0.040186	0.026538	89424096.000000
2018-01-01	-0.007013	0.006610	0.010235	-0.097049	-0.007013	50616900.000000
2017-12-31	0.141358	-0.007338	0.179888	-0.024417	0.141358	62256400.000000
2017-12-30	-0.162972	-0.002790	0.005828	-0.213246	-0.162972	56175300.000000
2017-12-29	0.106666	0.003220	0.116802	-0.038926	0.106666	62474900.000000
2017-12-28	-0.043541	-0.001808	-0.001808	-0.130225	-0.043541	51201500.000000
2017-12-27	-0.057311	-0.007353	0.020942	-0.095392	-0.057311	63625500.000000
2017-12-26	0.053821	0.000517	0.077501	-0.084892	0.053821	124427000.000000
2017-12-25	0.040591	0.007705	0.250092	-0.000056	0.040591	178008992.000000
2017-12-24	0.182279	0.003131	0.232659	-0.177018	0.182279	143767008.000000
2017-12-23	0.199130	0.013359	0.334002	0.009236	0.199130	70143104.000000
2017-12-22	-0.184636	-0.005146	0.027021	-0.361279	-0.184636	63693900.000000
2017-12-21	0.114579	0.010788	0.316218	-0.011791	0.114579	159154000.000000
2017-12-20	0.175672	-0.008207	0.247303	-0.136646	0.175672	67820000.000000
2017-12-19	-0.119190	-0.004844	0.040397	-0.148796	-0.119190	38885700.000000
2017-12-18	0.075014	-0.007595	0.137887	-0.060443	0.075014	44158800.000000
2017-12-17	0.008515	-0.002789	0.285550	-0.058477	0.008515	99417200.000000
2017-12-16	0.577193	0.001388	0.661610	-0.033020	0.577193	136352992.000000
2017-12-15	0.014262	-0.010402	0.026926	-0.060852	0.014262	19043800.000000
2017-12-14	0.071720	-0.003294	0.074170	-0.012055	0.071720	23426200.000000
2017-12-13	0.047495	0.000633	0.175562	-0.026087	0.047495	31150900.000000
2017-12-12	0.180955	-0.001197	0.208339	-0.047486	0.180955	19228600.000000
2017-12-11	0.098548	0.006565	0.136491	-0.005014	0.098548	7017140.000000
2017-12-10	-0.026826	-0.003684	0.047943	-0.118595	-0.026826	5614920.000000
2017-12-09	-0.058365	-0.002720	0.024155	-0.127269	-0.058365	6564530.000000
2017-12-08	0.021668	0.003610	0.046303	-0.144827	0.021668	11797600.000000
2017-12-07	0.021614	-0.030485	0.073402	-0.055322	0.021614	15759300.000000
2017-12-06	0.073846	0.006082	0.073846	-0.016040	0.073846	9047960.000000
2017-12-05	0.006507	0.004339	0.086387	-0.015190	0.006507	8772420.000000
2017-12-04	0.108139	-0.007562	0.113213	-0.020355	0.108139	6307150.000000
2017-12-03	0.034645	-0.026301	0.089229	-0.036288	0.034645	4751640.000000
2017-12-02	0.000270	-0.012244	0.029846	-0.060809	0.000270	4978180.000000
2017-12-01	0.033134	-0.013635	0.075723	-0.052161	0.033134	5258110.000000
2017-11-30	-0.000620	-0.015684	0.091471	-0.091341	-0.000620	4919490.000000
2017-11-29	-0.119405	-0.012563	0.092422	-0.156438	-0.119405	11077200.000000
2017-11-28	0.188406	0.001685	0.188406	-0.019598	0.188406	8317540.000000
2017-11-27	-0.018960	-0.013280	0.004540	-0.066847	-0.018960	6185790.000000
2017-11-26	-0.021857	0.000439	0.029348	-0.092615	-0.021857	7670430.000000
2017-11-25	0.085712	0.007615	0.085712	-0.016403	0.085712	5430930.000000
2017-11-24	0.009149	0.026242	0.045948	-0.054219	0.009149	9585960.000000
2017-11-23	0.037213	-0.002057	0.232216	-0.002057	0.037213	26126500.000000
2017-11-22	0.312370	0.008704	0.477730	-0.011526	0.312370	18841700.000000
2017-11-21	-0.003208	0.012099	0.037444	-0.065738	-0.003208	3047660.000000
2017-11-20	0.012585	-0.001315	0.037711	-0.020665	0.012585	2141360.000000
2017-11-19	0.002440	-0.012841	0.035356	-0.023622	0.002440	1431720.000000
2017-11-18	0.045454	-0.003945	0.054363	-0.045073	0.045454	1648260.000000
2017-11-17	-0.055449	-0.006502	0.003021	-0.083378	-0.055449	2787480.000000
2017-11-16	0.038514	0.006857	0.063344	-0.039022	0.038514	3423010.000000
2017-11-15	0.130398	0.004087	0.141012	-0.004779	0.130398	2840180.000000
2017-11-14	-0.022145	-0.008562	0.023061	-0.066096	-0.022145	2660340.000000
2017-11-13	0.166771	0.008073	0.167243	-0.017900	0.166771	2481270.000000
2017-11-12	-0.135755	-0.010407	0.007294	-0.166087	-0.135755	3288960.000000
2017-11-11	0.033045	-0.014699	0.081556	-0.018871	0.033045	2231080.000000
2017-11-10	-0.178364	0.004353	0.010947	-0.205218	-0.178364	4246520.000000
2017-11-09	0.158161	-0.012482	0.158161	-0.033541	0.158161	6259550.000000
2017-11-08	0.037728	-0.001954	0.070037	-0.024945	0.037728	3528340.000000
2017-11-07	0.020605	0.002566	0.052687	-0.002939	0.020605	2251920.000000
2017-11-06	-0.024341	-0.009320	0.050872	-0.031766	-0.024341	1997300.000000
2017-11-05	-0.005342	-0.017405	0.039908	-0.039059	-0.005342	1668270.000000
2017-11-04	0.060552	0.019503	0.108497	-0.020573	0.060552	1986450.000000
2017-11-03	-0.026507	0.004820	0.055012	-0.038163	-0.026507	2813240.000000
2017-11-02	0.012051	-0.025552	0.041392	-0.077219	0.012051	5326660.000000
2017-11-01	0.011946	0.016500	0.044999	-0.030767	0.011946	2821950.000000
2017-10-31	-0.023029	-0.006474	0.039748	-0.038679	-0.023029	3075460.000000
2017-10-30	-0.019119	0.043591	0.046592	-0.059906	-0.019119	2979150.000000
2017-10-29	0.131115	0.000193	0.192570	-0.042810	0.131115	19651600.000000
2017-10-28	-0.014331	-0.011242	0.102265	-0.056974	-0.014331	1072410.000000
2017-10-27	0.000828	0.000514	0.034050	-0.026270	0.000828	1414540.000000
2017-10-26	-0.004092	-0.000597	0.032282	-0.036648	-0.004092	1559670.000000
2017-10-25	-0.033489	0.007059	0.007059	-0.076335	-0.033489	2198320.000000
2017-10-24	0.075554	-0.002373	0.121657	-0.049629	0.075554	5253740.000000
2017-10-23	-0.007137	-0.000401	0.029799	-0.061984	-0.007137	3524540.000000
2017-10-22	0.015972	0.001450	0.069539	-0.030802	0.015972	2583310.000000
2017-10-21	-0.041335	-0.002514	0.017264	-0.087044	-0.041335	3157240.000000
2017-10-20	-0.012534	0.007250	0.032007	-0.027117	-0.012534	3244930.000000
2017-10-19	0.015371	0.008430	0.045665	-0.002320	0.015371	2189610.000000
2017-10-18	-0.018672	-0.001555	0.010830	-0.086911	-0.018672	2446530.000000
2017-10-17	-0.083111	-0.002826	0.022232	-0.086565	-0.083111	7260740.000000
2017-10-16	0.052303	0.000479	0.133371	-0.045533	0.052303	6552920.000000
2017-10-15	-0.003181	-0.011921	0.049956	-0.058030	-0.003181	2164040.000000
2017-10-14	0.041255	-0.017705	0.046191	-0.037014	0.041255	2216010.000000
2017-10-13	0.003569	0.002213	0.021591	-0.080553	0.003569	6885520.000000
2017-10-12	0.015180	0.010381	0.048139	-0.014272	0.015180	3146680.000000
2017-10-11	0.010090	-0.000280	0.042783	-0.038715	0.010090	2390280.000000
2017-10-10	0.045384	-0.010394	0.057255	-0.038706	0.045384	1909730.000000
2017-10-09	-0.061741	0.000019	0.009508	-0.088344	-0.061741	3065770.000000
2017-10-08	-0.009558	0.005393	0.065388	-0.034922	-0.009558	2242630.000000
2017-10-07	0.009536	0.021742	0.068634	-0.032821	0.009536	1488520.000000
2017-10-06	0.054627	0.001578	0.083489	-0.006116	0.054627	1505160.000000
2017-10-05	-0.022501	-0.008200	0.049630	-0.044365	-0.022501	2656730.000000
2017-10-04	-0.075795	0.011305	0.011305	-0.153673	-0.075795	2119210.000000
2017-10-03	0.021219	-0.000746	0.027429	-0.075099	0.021219	2044110.000000
