2021-02-27	0.009640	0.000619	0.054562	-0.008469	0.009640	20742103232.830002
2021-02-26	-0.020106	0.001999	0.056465	-0.045893	-0.020106	31435997880.720001
2021-02-25	-0.092754	-0.000727	0.026835	-0.099299	-0.092754	24481681872.939999
2021-02-24	0.035901	0.000810	0.089657	-0.037693	0.035901	31329000537.330002
2021-02-23	-0.118850	-0.000328	-0.000328	-0.226237	-0.118850	52029864712.800003
2021-02-22	-0.079359	-0.000022	0.000441	-0.183392	-0.079359	42409646035.860001
2021-02-21	0.008370	-0.000448	0.028510	-0.015194	0.008370	23626547717.450001
2021-02-20	-0.020728	-0.000134	0.038834	-0.066134	-0.020728	34696091102.230003
2021-02-19	0.011724	0.000728	0.016567	-0.021040	0.011724	26268814252.820000
2021-02-18	0.048143	-0.000136	0.054881	-0.000136	0.048143	28255902968.570000
2021-02-17	0.037837	0.000159	0.040762	-0.024907	0.037837	35955412703.360001
2021-02-16	0.000717	-0.000475	0.025131	-0.028177	0.000717	34269369268.189999
2021-02-15	-0.014012	-0.000226	0.015925	-0.067131	-0.014012	38955610883.410004
2021-02-14	-0.004975	0.000145	0.018766	-0.013337	-0.004975	31439114899.570000
2021-02-13	-0.015960	0.000246	0.015227	-0.039555	-0.015960	35359490534.519997
2021-02-12	0.033487	-0.000173	0.043480	-0.022216	0.033487	37905036865.180000
2021-02-11	0.022677	-0.000303	0.035715	-0.020389	0.022677	36021495261.760002
2021-02-10	-0.013457	0.000003	0.033179	-0.046092	-0.013457	41916084617.360001
2021-02-09	0.012263	0.000177	0.039703	-0.020037	0.012263	44180727528.559998
2021-02-08	0.082014	-0.000363	0.096865	-0.026420	0.082014	48012285955.919998
2021-02-07	-0.037917	-0.000144	0.007265	-0.104954	-0.037917	39889440150.910004
2021-02-06	-0.023742	-0.000497	0.011441	-0.040486	-0.023742	39873420647.739998
2021-02-05	0.077684	0.000019	0.101425	0.000019	0.077684	40108628453.570000
2021-02-04	-0.039826	0.000157	0.017025	-0.059640	-0.039826	44396871835.919998
2021-02-03	0.096170	-0.000280	0.096170	-0.003421	0.096170	41874566399.410004
2021-02-02	0.106756	0.000339	0.127060	-0.004579	0.106756	45437142800.949997
2021-02-01	0.041106	-0.000100	0.044761	-0.030897	0.041106	29210670919.950001
2021-01-31	-0.044422	0.000515	0.002035	-0.063668	-0.044422	25198853580.840000
2021-01-30	-0.004634	-0.000210	0.014377	-0.039054	-0.004634	30616574234.270000
2021-01-29	0.037547	0.027463	0.072412	-0.030208	0.037547	53611955258.830002
2021-01-28	0.063283	-0.001522	0.082272	-0.021556	0.063283	34637234789.360001
2021-01-27	-0.076541	0.000940	0.008118	-0.104452	-0.076541	39394416989.543015
2021-01-26	0.024647	-0.000508	0.039014	-0.053665	0.024647	41572917750.457893
2021-01-25	-0.048286	-0.000697	0.054739	-0.062256	-0.048286	43565777745.186638
2021-01-24	0.130479	0.000179	0.133324	-0.004644	0.130479	36418163553.774910
2021-01-23	-0.004465	-0.001006	0.028822	-0.028806	-0.004465	27253895441.493607
2021-01-22	0.102482	-0.002391	0.133845	-0.066848	0.102482	43918338506.411133
2021-01-21	-0.188605	0.000297	0.000297	-0.205312	-0.188605	45932464754.206490
2021-01-20	0.003615	-0.001487	0.020655	-0.097289	0.003615	46784030909.229828
2021-01-19	0.095457	0.000123	0.139206	-0.002192	0.095457	47195935190.076279
2021-01-18	0.022035	0.000115	0.023800	-0.034842	0.022035	25817455559.908936
2021-01-17	-0.002728	-0.000068	0.026028	-0.047951	-0.002728	29258032819.261440
2021-01-16	0.052655	-0.000334	0.100884	-0.012127	0.052655	32319240157.309158
2021-01-15	-0.038260	0.002810	0.026306	-0.104831	-0.038260	35972039309.637581
2021-01-14	0.077572	-0.000449	0.100309	-0.033322	0.077572	33410915928.964794
2021-01-13	0.083671	0.000294	0.087120	-0.046851	0.083671	30109792795.205719
2021-01-12	-0.042848	-0.001485	0.054208	-0.070982	-0.042848	37494601691.596519
2021-01-11	-0.136345	-0.000494	-0.000494	-0.267241	-0.136345	60733630300.407440
2021-01-10	-0.014699	-0.000161	0.052182	-0.067413	-0.014699	40616938052.610992
2021-01-09	0.046463	-0.000373	0.065083	-0.034248	0.046463	33233105360.848202
2021-01-08	-0.001208	0.000236	0.039284	-0.122052	-0.001208	44334826666.287628
2021-01-07	0.015380	0.000800	0.062519	-0.032863	0.015380	40468027279.665283
2021-01-06	0.097369	0.000908	0.099474	-0.032521	0.097369	44699914188.329033
2021-01-05	0.057461	0.001217	0.085691	-0.051356	0.057461	41535932781.267700
2021-01-04	0.066350	0.001590	0.182143	-0.064789	0.066350	56945985762.688210
2021-01-03	0.259475	-0.000030	0.299573	-0.003839	0.259475	45200463368.208473
2021-01-02	0.060473	0.000048	0.077264	-0.016783	0.060473	19740771179.241482
2021-01-01	-0.010078	-0.000129	0.015449	-0.024412	-0.010078	13652004358.405218
2020-12-31	-0.018381	0.000010	0.003566	-0.033404	-0.018381	13926846860.642897
2020-12-30	0.027475	-0.000065	0.031145	-0.014396	0.027475	17294574209.511234
2020-12-29	0.001537	-0.000053	0.010344	-0.052366	0.001537	18710683199.358219
2020-12-28	0.069956	0.000825	0.092633	0.000825	0.069956	24222565862.361530
2020-12-27	0.073614	0.000081	0.118832	-0.011797	0.073614	26093552820.751431
2020-12-26	0.015046	0.000139	0.038810	-0.014381	0.015046	14761125202.374443
2020-12-25	0.024204	-0.000086	0.035078	-0.010109	0.024204	13520927699.527304
2020-12-24	0.047785	0.000721	0.051567	-0.025900	0.047785	14317413702.733274
2020-12-23	-0.080553	-0.000047	0.003573	-0.117334	-0.080553	15261413038.262846
2020-12-22	0.041055	-0.000652	0.041420	-0.033233	0.041055	14745890080.163755
2020-12-21	-0.044608	0.000038	0.013404	-0.058680	-0.044608	14419493620.661421
2020-12-20	-0.031863	-0.000171	0.000949	-0.052000	-0.031863	13375855441.559715
2020-12-19	0.006851	-0.000287	0.021315	-0.012516	0.006851	12830893777.763968
2020-12-18	0.018578	0.000075	0.030846	-0.016353	0.018578	15756303982.872536
2020-12-17	0.010511	-0.000044	0.059185	-0.011683	0.010511	25479532147.203159
2020-12-16	0.079453	0.000039	0.080231	-0.012414	0.079453	15817248372.944794
2020-12-15	0.005707	0.000018	0.017468	-0.009185	0.005707	9326645839.951117
2020-12-14	-0.006193	0.000202	0.001407	-0.021275	-0.006193	8125837101.541813
2020-12-13	0.037104	0.000075	0.044346	-0.007038	0.037104	9070377861.783049
2020-12-12	0.041719	-0.000401	0.050462	-0.001011	0.041719	8534557897.350276
2020-12-11	-0.024802	0.000001	0.001248	-0.039070	-0.024802	11098819124.362003
2020-12-10	-0.024065	0.000043	0.001955	-0.041318	-0.024065	11672582039.829821
2020-12-09	0.033616	-0.000063	0.040482	-0.039344	0.033616	15855915839.909492
2020-12-08	-0.062543	0.000097	0.004914	-0.066528	-0.062543	14398919320.070129
2020-12-07	-0.016723	-0.000186	0.001676	-0.027380	-0.016723	10720480961.526337
2020-12-06	0.008906	-0.000045	0.017091	-0.020422	0.008906	11290893016.094542
2020-12-05	0.047846	-0.000012	0.047846	-0.010973	0.047846	13498010566.223131
2020-12-04	-0.076786	0.000023	0.003688	-0.076901	-0.076786	16337589996.897411
2020-12-03	0.030678	0.000179	0.040278	-0.016723	0.030678	16146190946.431929
2020-12-02	0.018777	-0.000107	0.028431	-0.014614	0.018777	16883292129.409140
2020-12-01	-0.044757	0.000371	0.033046	-0.070081	-0.044757	27178964464.895428
2020-11-30	0.067884	-0.000002	0.068575	-0.007330	0.067884	20276867832.973770
2020-11-29	0.069725	0.000065	0.071294	-0.011598	0.069725	15017517758.173054
2020-11-28	0.040070	0.000200	0.059037	-0.018103	0.040070	14770243833.185575
2020-11-27	-0.002520	0.000592	0.023084	-0.041555	-0.002520	16831105702.971172
2020-11-26	-0.090918	-0.000301	0.008682	-0.149275	-0.090918	31104004592.476696
2020-11-25	-0.054995	0.000007	0.001981	-0.073235	-0.054995	20088492892.575989
2020-11-24	-0.007488	0.000113	0.020904	-0.024026	-0.007488	23281758099.841438
2020-11-23	0.090286	-0.000015	0.093034	-0.012190	0.090286	27272302871.855289
2020-11-22	0.015617	0.000000	0.054389	-0.063640	0.015617	21967049601.052052
2020-11-21	0.077965	0.000000	0.079418	-0.010803	0.077965	20757099183.908634
2020-11-20	0.080814	0.000002	0.089010	0.000002	0.080814	18629943296.204700
2020-11-19	-0.016379	-0.000006	0.001330	-0.028739	-0.016379	12473929217.903484
2020-11-18	-0.001824	-0.000028	0.024231	-0.030246	-0.001824	17880199224.067188
2020-11-17	0.044397	0.009711	0.048467	0.001818	0.044397	14593057876.603001
2020-11-16	0.027664	-0.000000	0.036357	-0.004597	0.027664	11441239444.331610
2020-11-15	-0.027362	0.000000	0.001835	-0.043237	-0.027362	10308617164.806108
2020-11-14	-0.030501	0.000000	0.001127	-0.045594	-0.030501	10312037942.272980
2020-11-13	0.029547	0.000000	0.030828	-0.008041	0.029547	13191505724.739086
2020-11-12	-0.004223	-0.000002	0.010189	-0.023518	-0.004223	12877327233.680256
2020-11-11	0.029534	0.000000	0.053147	-0.000344	0.029534	14075403511.078665
2020-11-10	0.012420	0.000008	0.021603	-0.010273	0.012420	12090381666.303379
2020-11-09	-0.020707	0.000043	0.008367	-0.040548	-0.020707	13704320629.672075
2020-11-08	0.040948	0.000013	0.050646	-0.005874	0.040948	11292383601.227934
2020-11-07	-0.041798	0.000007	0.024094	-0.057756	-0.041798	18873289788.273121
2020-11-06	0.098177	-0.000002	0.101755	-0.002620	0.098177	16738305610.451756
2020-11-05	0.029655	0.000002	0.038255	-0.012175	0.029655	15440711037.679276
2020-11-04	0.037512	0.000003	0.051763	-0.025218	0.037512	15126077675.476122
2020-11-03	0.011602	-0.000002	0.016595	-0.030912	0.011602	12588494762.175207
2020-11-02	-0.033307	-0.000006	0.017364	-0.038704	-0.033307	13997574252.227282
2020-11-01	0.025267	0.000000	0.027227	-0.003686	0.025267	10475146018.401863
2020-10-31	0.009849	0.000000	0.026619	-0.003983	0.009849	11276963425.945831
2020-10-30	-0.010111	0.000000	0.012243	-0.030093	-0.010111	13688056969.674105
2020-10-29	-0.004942	0.000001	0.011776	-0.018943	-0.004942	12920477749.398540
2020-10-28	-0.037986	0.000000	0.012296	-0.056562	-0.037986	15276441134.251261
2020-10-27	0.025664	-0.000000	0.040328	-0.008327	0.025664	13940434101.855663
2020-10-26	-0.030352	0.000001	0.012462	-0.055229	-0.030352	15155684229.200821
2020-10-25	-0.015128	0.000000	0.011399	-0.017231	-0.015128	10890207469.017435
2020-10-24	0.006567	0.000001	0.016675	-0.004673	0.006567	12201739193.972786
2020-10-23	-0.009682	0.000673	0.012536	-0.025838	-0.009682	14256222051.846661
2020-10-22	0.055032	-0.001788	0.071271	-0.002330	0.055032	15772846484.710079
2020-10-21	0.062451	-0.000210	0.085308	-0.001108	0.062451	20241324322.324265
2020-10-20	-0.028422	-0.000568	0.002172	-0.032465	-0.028422	13741586581.762468
2020-10-19	0.004553	0.000677	0.013495	-0.011928	0.004553	12811242091.789539
2020-10-18	0.025370	-0.000348	0.026411	-0.001970	0.025370	11047103109.419369
2020-10-17	0.007173	-0.000582	0.009664	-0.004751	0.007173	10951115359.491545
2020-10-16	-0.029707	0.001130	0.006835	-0.039329	-0.029707	14670784817.427193
2020-10-15	-0.005381	-0.000769	0.004545	-0.021424	-0.005381	14964182545.498398
2020-10-14	-0.004477	0.002048	0.016017	-0.018405	-0.004477	13918846566.589346
2020-10-13	-0.016869	-0.001517	-0.000917	-0.031333	-0.016869	14226744837.674061
2020-10-12	0.033559	-0.000915	0.053260	-0.022657	0.033559	15867455423.689083
2020-10-11	0.011253	-0.000106	0.016927	-0.003072	0.011253	12584512532.997314
2020-10-10	0.014708	-0.000514	0.034675	-0.000647	0.014708	13618484323.701302
2020-10-09	0.042263	0.000988	0.050017	-0.007299	0.042263	13043501762.905722
2020-10-08	0.026206	0.000690	0.030435	-0.018025	0.026206	13461017711.458864
2020-10-07	0.002913	0.000373	0.004797	-0.018398	0.002913	11929918060.017431
2020-10-06	-0.037126	-0.000001	0.002916	-0.045072	-0.037126	12830796111.973305
2020-10-05	0.003908	0.000448	0.007474	-0.008223	0.003908	11809507621.821072
2020-10-04	0.017479	0.000231	0.021712	-0.004014	0.017479	10696959019.870960
2020-10-03	0.000818	-0.000059	0.014640	-0.004541	0.000818	10060167888.725325
2020-10-02	-0.019725	-0.000725	0.002575	-0.047391	-0.019725	14215390462.624027
2020-10-01	-0.018703	0.001032	0.025912	-0.037398	-0.018703	14679481910.903145
2020-09-30	0.000502	0.000781	0.003951	-0.017872	0.000502	11818610609.911312
2020-09-29	0.012946	-0.002242	0.014624	-0.008482	0.012946	11600013236.401506
2020-09-28	-0.006376	0.001364	0.025161	-0.008088	-0.006376	14258455166.170256
2020-09-27	0.005487	-0.001486	0.018274	-0.015905	0.005487	13598126926.217398
2020-09-26	0.009384	0.000476	0.010425	-0.011574	0.009384	13049148578.633314
2020-09-25	0.008094	0.000160	0.024093	-0.029596	0.008094	14381086966.402643
2020-09-24	0.087941	-0.000409	0.094499	-0.008007	0.087941	15714304469.551537
2020-09-23	-0.067886	0.000252	0.000488	-0.074118	-0.067886	12899346599.434765
2020-09-22	0.007950	-0.000182	0.014087	-0.014427	0.007950	12732578043.007999
2020-09-21	-0.078875	0.000936	0.012624	-0.094283	-0.078875	17398267133.301399
2020-09-20	-0.037587	0.000139	0.000139	-0.047854	-0.037587	12292195784.114401
2020-09-19	0.003070	-0.000840	0.007055	-0.014675	0.003070	11049507683.586100
2020-09-18	-0.011965	0.000818	0.007416	-0.030986	-0.011965	14108357740.486099
2020-09-17	0.063439	0.000146	0.076786	-0.002781	0.063439	19899531080.499901
2020-09-16	0.002667	-0.000261	0.021731	-0.022356	0.002667	16107612177.056900
2020-09-15	-0.032946	-0.000304	0.011237	-0.036213	-0.032946	16140584321.187799
2020-09-14	0.032002	0.000354	0.051742	-0.021884	0.032002	17536695360.615799
2020-09-13	-0.055821	0.000868	0.004589	-0.084825	-0.055821	15005899191.103100
2020-09-12	0.033327	-0.000267	0.034275	-0.018291	0.033327	13295405814.395901
2020-09-11	0.017913	0.000045	0.023169	-0.034010	0.017913	27296269328.605701
2020-09-10	0.048395	0.000909	0.074858	0.000005	0.048395	31421134556.338200
2020-09-09	0.040011	0.000660	0.063869	-0.016105	0.040011	14547933520.424500
2020-09-08	-0.042735	0.001499	0.008193	-0.067645	-0.042735	17991403431.607498
2020-09-07	-0.001949	0.000249	0.013724	-0.076714	-0.001949	21763614731.576698
2020-09-06	0.053994	0.000222	0.073089	-0.048375	0.053994	27643678916.894100
2020-09-05	-0.136464	-0.000522	0.015277	-0.184078	-0.136464	29880047640.487598
2020-09-04	0.006662	-0.002594	0.043404	-0.036392	0.006662	16747106257.366899
2020-09-03	-0.123554	0.000453	0.021571	-0.133876	-0.123554	19622845896.338402
2020-09-02	-0.077584	-0.000092	0.006874	-0.110244	-0.077584	19691854013.507900
2020-09-01	0.096470	-0.000472	0.119822	-0.006897	0.096470	18862763755.962399
2020-08-31	0.015602	0.000264	0.023727	-0.020135	0.015602	12774741797.134800
2020-08-30	0.071200	-0.000762	0.071870	-0.000783	0.071200	11211948040.289000
2020-08-29	0.010222	-0.000473	0.024608	-0.007167	0.010222	8777703480.502501
2020-08-28	0.034608	-0.000008	0.039529	-0.003551	0.034608	9120674421.409060
2020-08-27	-0.009919	0.000372	0.022985	-0.030015	-0.009919	10457777651.662100
2020-08-26	0.006419	-0.000061	0.020501	-0.013790	0.006419	9967343483.077351
2020-08-25	-0.059154	-0.000178	0.000940	-0.082786	-0.059154	12428442042.193701
2020-08-24	0.042822	0.000752	0.046001	-0.005289	0.042822	10328860398.429399
2020-08-23	-0.011244	-0.000688	0.001655	-0.027272	-0.011244	8137303969.582620
2020-08-22	0.017241	-0.000245	0.018863	-0.016220	0.017241	10131847985.290199
2020-08-21	-0.065588	-0.000699	0.005279	-0.069635	-0.065588	11781796374.001801
2020-08-20	0.024543	0.000726	0.030189	-0.005997	0.024543	10043032427.160900
2020-08-19	-0.040611	0.000164	0.007920	-0.063708	-0.040611	13137391166.849600
2020-08-18	-0.013647	0.000322	0.007099	-0.022949	-0.013647	11978984078.570400
2020-08-17	-0.009810	0.000431	0.020628	-0.025679	-0.009810	13227089409.920799
2020-08-16	0.000996	-0.000010	0.006717	-0.042156	0.000996	12168816874.495501
2020-08-15	-0.009243	0.000378	0.009961	-0.017200	-0.009243	12416067894.221001
2020-08-14	0.020189	-0.000150	0.036936	-0.012585	0.020189	15064589987.092800
2020-08-13	0.096459	-0.000476	0.107104	-0.028932	0.096459	18480303525.527199
2020-08-12	0.027972	-0.000842	0.028730	-0.032758	0.027972	12408772745.182899
2020-08-11	-0.039161	0.000018	0.006546	-0.063217	-0.039161	12792218736.970400
2020-08-10	0.012188	-0.000202	0.021107	-0.000202	0.012188	11685827893.446400
2020-08-09	-0.007277	0.003345	0.014594	-0.020703	-0.007277	9451065592.328279
2020-08-08	0.038140	0.000102	0.038140	-0.005700	0.038140	9342060531.024521
2020-08-07	-0.039115	0.000671	0.008322	-0.068428	-0.039115	12751687083.910900
2020-08-06	-0.016506	-0.000017	0.004726	-0.022387	-0.016506	11304626458.108900
2020-08-05	0.030048	-0.000422	0.042138	-0.009380	0.030048	12875466638.432501
2020-08-04	0.009268	-0.000359	0.037291	-0.008569	0.009268	14086704220.960600
2020-08-03	0.042149	0.001247	0.069699	-0.003603	0.042149	12834648062.110800
2020-08-02	-0.037716	0.000909	0.067572	-0.072835	-0.037716	18909744275.056400
2020-08-01	0.114729	0.000706	0.125286	-0.005693	0.114729	14045259476.542601
2020-07-31	0.032781	0.000141	0.041917	-0.015678	0.032781	12030600491.527100
2020-07-30	0.051528	-0.000144	0.064239	-0.007668	0.051528	11827689045.337000
2020-07-29	0.004843	-0.000322	0.024391	-0.011203	0.004843	10878845706.015699
2020-07-28	-0.015106	0.000982	0.013660	-0.042899	-0.015106	12357108064.567400
2020-07-27	0.038336	0.000046	0.068006	0.000046	0.038336	15644257058.491800
2020-07-26	0.018374	-0.001198	0.040550	-0.012461	0.018374	12003973025.697599
2020-07-25	0.088968	-0.000677	0.098582	-0.000677	0.088968	10785021812.568300
2020-07-24	0.016478	0.000122	0.041879	-0.019838	0.016478	9466060358.157560
2020-07-23	0.047669	0.000755	0.058708	-0.004362	0.047669	10281309261.795601
2020-07-22	0.070093	0.000084	0.073335	-0.010336	0.070093	7702077382.787750
2020-07-21	0.037533	0.000632	0.042486	-0.002000	0.037533	6806696014.676900
2020-07-20	-0.009788	0.000031	0.004565	-0.015241	-0.009788	5600686192.178470
2020-07-19	0.012756	-0.000108	0.015614	-0.009360	0.012756	6251377304.559210
2020-07-18	0.011645	0.000355	0.016200	-0.001925	0.011645	5397402116.739890
2020-07-17	-0.003714	0.000216	0.003314	-0.006552	-0.003714	5859850528.653140
2020-07-16	-0.020059	0.000115	0.002444	-0.028531	-0.020059	5832057567.027460
2020-07-15	-0.007443	-0.000282	0.004959	-0.012969	-0.007443	6189328448.083040
2020-07-14	0.002533	0.001549	0.010013	-0.007547	0.002533	7357458554.757630
2020-07-13	-0.010437	0.000207	0.008998	-0.016104	-0.010437	7787751467.567290
2020-07-12	0.011165	0.000006	0.016090	-0.007049	0.011165	6596394717.636450
2020-07-11	-0.006336	0.000248	0.002251	-0.011012	-0.006336	5643067315.960680
2020-07-10	-0.008357	-0.000609	-0.000544	-0.025864	-0.008357	7281370521.994800
2020-07-09	-0.014814	0.000317	0.002520	-0.027451	-0.014814	8429099198.823440
2020-07-08	0.031766	0.000353	0.038621	-0.002832	0.031766	9892586411.247231
2020-07-07	-0.010081	-0.002226	0.004851	-0.030192	-0.010081	6441497597.213950
2020-07-06	0.060816	0.000090	0.063550	-0.002790	0.060816	8782917552.849600
2020-07-05	-0.006153	-0.000427	0.003416	-0.019774	-0.006153	5292172428.833740
2020-07-04	0.016359	-0.000437	0.020707	-0.001126	0.016359	5228310135.253110
2020-07-03	-0.017460	-0.000319	0.001034	-0.019522	-0.017460	5109032700.309780
2020-07-02	-0.007448	0.000759	0.005553	-0.024453	-0.007448	6212210566.422010
2020-07-01	0.021202	-0.000797	0.028461	-0.006536	0.021202	6463737442.754800
2020-06-30	-0.008238	-0.000992	0.005618	-0.014811	-0.008238	6094093001.388430
2020-06-29	0.012637	0.000063	0.020218	-0.013722	0.012637	6726164653.258790
2020-06-28	0.010708	-0.000203	0.025289	-0.015640	0.010708	6205925718.189110
2020-06-27	-0.029208	-0.000159	0.012302	-0.039638	-0.029208	6918380954.967530
2020-06-26	-0.014065	-0.000288	0.004110	-0.015819	-0.014065	7187490225.506900
2020-06-25	-0.011995	-0.000295	0.001192	-0.023225	-0.011995	7010426122.495380
2020-06-24	-0.034282	0.000179	0.017883	-0.046425	-0.034282	8815030024.653099
2020-06-23	0.006634	0.000016	0.009612	-0.011435	0.006634	6624530348.236150
2020-06-22	0.059144	0.000059	0.064571	-0.000241	0.059144	9079586552.416250
2020-06-21	-0.001241	-0.000253	0.013454	-0.003408	-0.001241	5600408177.544140
2020-06-20	0.009404	-0.000713	0.018978	-0.002191	0.009404	6252830565.727400
2020-06-19	-0.021382	-0.000630	0.000228	-0.022861	-0.021382	6946372589.527510
2020-06-18	-0.003979	-0.000556	0.006619	-0.017495	-0.003979	6713800871.613710
2020-06-17	-0.005921	0.000325	0.006560	-0.021648	-0.005921	7701391591.868150
2020-06-16	0.019516	-0.000725	0.028119	-0.006536	0.019516	7965648016.424450
2020-06-15	-0.017879	-0.000241	0.000526	-0.054986	-0.017879	10536099884.116600
2020-06-14	-0.020067	0.000248	0.000806	-0.024908	-0.020067	7439385176.172910
2020-06-13	0.005961	0.000216	0.007158	-0.006752	0.005961	7141624979.752050
2020-06-12	0.024991	-0.000333	0.033025	-0.008880	0.024991	8868955009.123270
2020-06-11	-0.063619	0.000419	0.009874	-0.070731	-0.063619	12356528860.477600
2020-06-10	0.010345	-0.000365	0.015270	-0.008541	0.010345	8792990205.549891
2020-06-09	-0.005678	-0.000548	0.008252	-0.016123	-0.005678	8446545787.725980
2020-06-08	0.004661	0.000046	0.006024	-0.014786	0.004661	8076783298.948490
2020-06-07	0.013375	-0.000096	0.014483	-0.023172	0.013375	9544883157.422029
2020-06-06	0.002941	-0.000086	0.019729	-0.006208	0.002941	8114873844.800100
2020-06-05	-0.013110	-0.000314	0.011877	-0.015319	-0.013110	9293963913.727461
2020-06-04	0.001012	-0.000303	0.007165	-0.030363	0.001012	10170414303.527300
2020-06-03	0.029341	0.000743	0.029341	-0.007397	0.029341	9861760817.127029
2020-06-02	-0.039567	-0.000662	0.021176	-0.055737	-0.039567	13782107566.712500
2020-06-01	0.069341	-0.000500	0.074729	-0.002111	0.069341	13951727936.452299
2020-05-31	-0.046916	0.000024	0.007013	-0.050724	-0.046916	12234904813.339199
2020-05-30	0.098201	0.000191	0.105440	-0.008749	0.098201	15027397866.509001
2020-05-29	0.003797	0.000385	0.019907	-0.007289	0.003797	12265816557.428900
2020-05-28	0.052556	0.000105	0.054644	-0.012548	0.052556	12212469603.990499
2020-05-27	0.034478	-0.000046	0.034478	-0.000581	0.034478	10631034756.450899
2020-05-26	-0.016644	-0.000293	0.002108	-0.024622	-0.016644	10159741290.350201
2020-05-25	0.014574	-0.001916	0.019722	-0.008414	0.014574	10415044123.556101
2020-05-24	-0.030303	0.000104	0.009107	-0.030303	-0.030303	11833299571.974899
2020-05-23	0.007362	0.000122	0.015530	-0.009050	0.007362	10665476767.642799
2020-05-22	0.036449	-0.000233	0.043565	-0.009219	0.036449	12041592113.598801
2020-05-21	-0.048612	0.000154	0.007275	-0.079727	-0.048612	13308321228.845900
2020-05-20	-0.015715	-0.000023	0.005930	-0.025651	-0.015715	12730175510.563299
2020-05-19	-0.005006	0.000372	0.000372	-0.020427	-0.005006	14346192778.708599
2020-05-18	0.035559	0.000102	0.042237	-0.000240	0.035559	17411566927.501301
2020-05-17	0.032299	-0.000340	0.042276	-0.002862	0.032299	15470397302.691500
2020-05-16	0.025838	-0.000047	0.036542	-0.005731	0.025838	15379081644.706200
2020-05-15	-0.036100	0.000031	0.003042	-0.045299	-0.036100	16602342092.129801
2020-05-14	0.018855	-0.001515	0.024721	-0.011669	0.018855	20150524860.646301
2020-05-13	0.052193	0.000325	0.057497	-0.000976	0.052193	17054662288.591900
2020-05-12	0.018286	-0.000191	0.030598	-0.001135	0.018286	15899726283.758101
2020-05-11	-0.014246	0.000173	0.014649	-0.041788	-0.014246	20054601646.787300
2020-05-10	-0.108698	-0.000227	-0.000227	-0.136526	-0.108698	25211575192.667400
2020-05-09	-0.006533	0.000707	0.008205	-0.018405	-0.006533	18950547549.213100
2020-05-08	0.003308	-0.000429	0.019023	-0.016292	0.003308	20445139356.326401
2020-05-07	0.040350	-0.000700	0.050656	-0.009708	0.040350	23594744655.394001
2020-05-06	-0.013148	-0.001417	0.023021	-0.013220	-0.013148	20343543799.039200
2020-05-05	-0.006723	-0.000773	0.017315	-0.019901	-0.006723	19004689099.183201
2020-05-04	-0.013081	-0.000201	0.004244	-0.056347	-0.013081	22602446421.766998
2020-05-03	-0.020398	0.000124	0.018323	-0.030805	-0.020398	20469034664.132702
2020-05-02	0.005164	0.000051	0.007602	-0.006257	0.005164	18260876092.173100
2020-05-01	0.031874	0.001444	0.048294	0.000861	0.031874	20816320833.528599
2020-04-30	-0.043168	-0.000272	0.048677	-0.048538	-0.043168	28089191903.997799
2020-04-29	0.093505	0.000251	0.100996	-0.001466	0.093505	26397548759.264198
2020-04-28	0.006037	0.000247	0.007919	-0.012044	0.006037	18217507467.021500
2020-04-27	-0.000470	0.000802	0.011328	-0.019579	-0.000470	18670194594.833698
2020-04-26	0.009218	-0.000520	0.019588	-0.003822	0.009218	18335367011.637600
2020-04-25	0.033177	-0.000156	0.039926	-0.004108	0.033177	18260969748.149899
2020-04-24	0.022744	0.001045	0.028005	0.001045	0.022744	16788555028.054701
2020-04-23	0.013303	0.000113	0.035538	-0.012371	0.013303	21275740032.227100
2020-04-22	0.057092	-0.000390	0.063757	-0.005274	0.057092	17994666394.649101
2020-04-21	0.002557	-0.001622	0.016723	-0.010124	0.002557	16458767984.089199
2020-04-20	-0.051305	-0.000742	0.024605	-0.062185	-0.051305	21266681335.158798
2020-04-19	-0.028350	-0.000278	0.006339	-0.036344	-0.028350	19146038381.449200
2020-04-18	0.088998	-0.000119	0.094978	-0.000119	0.088998	20160323442.995399
2020-04-17	-0.003014	0.000709	0.012306	-0.013975	-0.003014	16714684265.882799
2020-04-16	0.123106	-0.000564	0.129629	-0.019098	0.123106	22910469235.604301
2020-04-15	-0.027345	-0.000195	0.019764	-0.030417	-0.027345	14171753736.525400
2020-04-14	0.008426	0.000489	0.029849	-0.002647	0.008426	14723156630.059500
2020-04-13	-0.030177	-0.002617	-0.002437	-0.059127	-0.030177	16465282132.788300
2020-04-12	0.018496	0.000103	0.039825	-0.011981	0.018496	15123721385.944500
2020-04-11	-0.001240	0.000799	0.017392	-0.019658	-0.001240	13555089447.114599
2020-04-10	-0.072565	0.000129	0.000835	-0.093045	-0.072565	17980944615.709702
2020-04-09	-0.010627	0.000692	0.001483	-0.026961	-0.010627	14901696210.114599
2020-04-08	0.045667	0.000838	0.049111	-0.003687	0.045667	17063110836.154900
2020-04-07	-0.023850	0.000068	0.035878	-0.029163	-0.023850	21659346091.317799
2020-04-06	0.178264	0.000429	0.179217	-0.000014	0.178264	21636382525.097401
2020-04-05	-0.011519	0.000287	0.006260	-0.021466	-0.011519	11280993590.849501
2020-04-04	0.022015	0.000872	0.023126	-0.013861	0.022015	11946658256.701200
2020-04-03	0.000438	0.000572	0.034294	-0.016967	0.000438	13184603401.923901
2020-04-02	0.047146	0.000720	0.082225	0.000720	0.047146	15322861686.056900
2020-04-01	0.015278	0.000140	0.015278	-0.028913	0.015278	12456564434.668200
2020-03-31	0.005184	-0.000629	0.010305	-0.009418	0.005184	11065246316.977800
2020-03-30	0.058294	-0.000046	0.066312	-0.002341	0.058294	11841123306.422199
2020-03-29	-0.041247	0.000220	0.001432	-0.042267	-0.041247	9938133668.533920
2020-03-28	-0.022036	0.000708	0.000708	-0.052082	-0.022036	12162403960.387300
2020-03-27	-0.031971	0.000061	0.011138	-0.031971	-0.031971	11396286629.295500
2020-03-26	0.015901	-0.000038	0.019345	-0.009617	0.015901	11367261176.005100
2020-03-25	-0.018489	0.001106	0.019042	-0.032121	-0.018489	13433092919.864700
2020-03-24	0.028536	0.002094	0.052159	-0.012918	0.028536	14609068673.485300
2020-03-23	0.093986	0.000364	0.093986	-0.011784	0.093986	14149877968.148701
2020-03-22	-0.071508	0.000244	0.025094	-0.074608	-0.071508	12497707223.576500
2020-03-21	0.000614	0.002747	0.024373	-0.041988	0.000614	13684083307.753500
2020-03-20	-0.028235	0.000406	0.104397	-0.102407	-0.028235	18960388062.167599
2020-03-19	0.189404	-0.000021	0.223658	-0.000953	0.189404	16396753275.290001
2020-03-18	0.007895	-0.000747	0.018245	-0.019305	0.007895	11617854008.676500
2020-03-17	0.030169	-0.001800	0.075786	-0.001800	0.030169	12087490572.285200
2020-03-16	-0.116667	-0.001743	-0.001743	-0.160068	-0.116667	15984904589.629700
2020-03-15	0.015476	-0.000486	0.072471	-0.011779	0.015476	12719251812.551100
2020-03-14	-0.074292	0.002858	0.009629	-0.080985	-0.074292	12740784545.452200
2020-03-13	0.185627	0.003052	0.223258	-0.152766	0.185627	27864623060.662399
2020-03-12	-0.423472	-0.000665	0.001434	-0.429304	-0.423472	22134741654.729900
2020-03-11	-0.029381	0.000004	0.010893	-0.081712	-0.029381	16984790291.258499
2020-03-10	-0.006035	0.004345	0.018456	-0.019416	-0.006035	18344930072.193802
2020-03-09	0.006464	0.003136	0.033696	-0.041951	0.006464	23645428606.106098
2020-03-08	-0.156248	-0.000304	-0.000304	-0.156610	-0.156248	21381823651.369598
2020-03-07	-0.023292	0.000923	0.026499	-0.024531	-0.023292	19431652027.369999
2020-03-06	0.062185	-0.000435	0.062315	-0.002288	0.062185	19374772256.231201
2020-03-05	0.021157	0.000552	0.043856	0.000552	0.021157	18201291785.296101
2020-03-04	0.000171	0.000382	0.015862	-0.010650	0.000171	16567075208.056601
2020-03-03	-0.026414	-0.000199	0.007616	-0.038327	-0.026414	19853178572.347801
2020-03-02	0.052971	-0.001183	0.063209	-0.007701	0.052971	20305587789.063599
2020-03-01	-0.003993	-0.000436	0.031064	-0.026009	-0.003993	18179807469.100101
2020-02-29	-0.030481	0.000322	0.024238	-0.030481	-0.030481	18181296376.347698
2020-02-28	0.000031	0.001033	0.032880	-0.045897	0.000031	22563530559.104599
2020-02-27	0.004755	0.000030	0.051173	-0.057673	0.004755	25645522789.771999
2020-02-26	-0.089329	-0.000312	0.007393	-0.107139	-0.089329	26235617201.076000
2020-02-25	-0.065602	0.000253	0.000811	-0.069217	-0.065602	21878882134.052898
2020-02-24	-0.031188	-0.000179	0.006522	-0.051612	-0.031188	22400845640.303200
2020-02-23	0.043542	-0.000203	0.043542	-0.001415	0.043542	19585998813.873199
2020-02-22	-0.012308	-0.000185	0.002962	-0.025179	-0.012308	16906032861.608500
2020-02-21	0.029661	-0.000226	0.035105	-0.008763	0.029661	20867593292.242901
2020-02-20	-0.006985	0.000215	0.015135	-0.033926	-0.006985	23229828870.120098
2020-02-19	-0.078670	0.000325	0.005651	-0.078670	-0.078670	22679414412.718300
2020-02-18	0.058496	0.000546	0.063194	-0.018394	0.058496	26511477187.135899
2020-02-17	0.024890	-0.000016	0.026844	-0.059868	0.024890	26024080088.848400
2020-02-16	-0.018260	0.000663	0.030801	-0.084026	-0.018260	25152366643.368900
2020-02-15	-0.068570	0.001210	0.010225	-0.070150	-0.068570	23682452994.318298
2020-02-14	0.060120	-0.000283	0.063250	-0.019906	0.060120	23558253462.750801
2020-02-13	0.010147	-0.001332	0.031404	-0.024429	0.010147	25801317504.306599
2020-02-12	0.125312	0.000199	0.154961	0.000191	0.125312	24545049385.868401
2020-02-11	0.055155	-0.000616	0.058269	-0.021944	0.055155	16964695963.493601
2020-02-10	-0.022119	-0.000129	0.002651	-0.045930	-0.022119	16210008511.499599
2020-02-09	0.024343	-0.000736	0.030105	-0.000736	0.024343	15031356241.496599
2020-02-08	0.001888	-0.000966	0.017340	-0.032954	0.001888	16741203125.067699
2020-02-07	0.048917	-0.000109	0.050871	-0.000164	0.048917	16673443564.295900
2020-02-06	0.039704	-0.000492	0.050764	-0.011390	0.039704	16425589682.522100
2020-02-05	0.079152	0.000256	0.092752	-0.002631	0.079152	14865434434.926500
2020-02-04	-0.003236	-0.000018	0.006565	-0.023498	-0.003236	11714191695.061199
2020-02-03	0.006614	-0.000054	0.025551	-0.003207	0.006614	12392875241.401100
2020-02-02	0.026915	-0.000770	0.051213	-0.019056	0.026915	14054425388.906200
2020-02-01	0.019504	-0.000258	0.020456	-0.002303	0.019504	11569697182.485800
2020-01-31	-0.024529	0.000251	0.003873	-0.045447	-0.024529	11728616393.893299
2020-01-30	0.055071	-0.000758	0.064040	-0.015285	0.055071	12604789338.038700
2020-01-29	-0.007484	-0.000127	0.014020	-0.007484	-0.007484	10725267310.600201
2020-01-28	0.031822	-0.000269	0.031822	-0.001128	0.031822	11772875063.662901
2020-01-27	0.016979	-0.000406	0.028831	-0.006997	0.016979	11004476145.217199
2020-01-26	0.042119	-0.000664	0.043007	-0.006218	0.042119	9261861589.617929
2020-01-25	-0.010839	0.000099	0.001080	-0.027100	-0.010839	8256956801.643320
2020-01-24	0.000753	-0.000179	0.008475	-0.037923	0.000753	10657671161.816200
2020-01-23	-0.031882	0.000009	0.000107	-0.047529	-0.031882	10396868698.013500
2020-01-22	-0.008268	-0.000522	0.007729	-0.017224	-0.008268	9209827927.921329
2020-01-21	0.015418	-0.000359	0.016692	-0.007784	0.015418	9789369362.470850
2020-01-20	0.000902	-0.000394	0.012847	-0.027779	0.000902	11144529787.092400
2020-01-19	-0.047876	0.000581	0.010732	-0.066654	-0.047876	13713374132.175400
2020-01-18	0.026852	-0.000189	0.045373	-0.023369	0.026852	14929342255.525101
2020-01-17	0.038864	0.000598	0.052790	-0.009827	0.038864	14997091825.882700
2020-01-16	-0.011067	0.000614	0.004978	-0.039229	-0.011067	13735193017.910400
2020-01-15	0.001659	-0.001330	0.026937	-0.029199	0.001659	15173694057.156700
2020-01-14	0.150657	0.000170	0.162626	-0.001121	0.150657	16712318373.018700
2020-01-13	-0.011293	0.002373	0.006288	-0.020338	-0.011293	8378529469.797020
2020-01-12	0.020618	0.000738	0.022520	-0.001536	0.020618	8528167453.249020
2020-01-11	-0.007201	-0.003853	0.017484	-0.012196	-0.007201	9332208590.187750
2020-01-10	0.035866	-0.000087	0.037330	-0.024887	0.035866	9084816202.767111
2020-01-09	-0.016133	-0.000725	0.000962	-0.035550	-0.016133	7697325347.904690
2020-01-08	-0.015924	-0.000391	0.022878	-0.036754	-0.015924	9387194956.589041
2020-01-07	-0.005268	0.000054	0.004834	-0.026439	-0.005268	9257954671.543020
2020-01-06	0.058905	0.000211	0.059081	-0.001447	0.058905	9093747120.544451
2020-01-05	0.008939	0.000020	0.032138	-0.000176	0.008939	7526675353.244360
2020-01-04	0.006690	-0.000024	0.014019	-0.008431	0.006690	7430904515.094570
2020-01-03	0.053069	0.000008	0.056070	-0.007222	0.053069	10476845358.082500
2020-01-02	-0.025931	0.000138	0.000138	-0.029412	-0.025931	8032709256.076220
2020-01-01	0.009190	0.000153	0.024878	-0.003183	0.009190	7935230330.475100
2019-12-31	-0.022789	-0.000160	0.008287	-0.028917	-0.022789	8936866396.644529
2019-12-30	-0.015765	0.000286	0.014837	-0.023838	-0.015765	9796951715.720461
2019-12-29	0.050149	-0.000435	0.066150	-0.002533	0.050149	9708776785.732401
2019-12-28	0.008710	-0.000013	0.023925	-0.002475	0.008710	8069298610.134050
2019-12-27	0.006754	0.000060	0.013741	-0.012191	0.006754	8299390175.939520
2019-12-26	-0.000739	0.000251	0.035141	-0.008289	-0.000739	8600871979.919531
2019-12-25	-0.020217	0.000036	0.000036	-0.032375	-0.020217	8418019053.706050
2019-12-24	0.003497	0.000118	0.023778	-0.010149	0.003497	7961819689.050430
2019-12-23	-0.028393	-0.000495	0.017823	-0.037438	-0.028393	9622497692.838680
2019-12-22	0.033103	-0.000256	0.039250	-0.001580	0.033103	9121058480.872210
2019-12-21	-0.007245	0.000232	0.000632	-0.011265	-0.007245	7449064703.410860
2019-12-20	-0.001972	0.000489	0.003365	-0.018062	-0.001972	8173594150.204770
2019-12-19	-0.028334	-0.000296	0.008253	-0.053501	-0.028334	9564699140.353609
2019-12-18	0.085546	0.000432	0.088009	-0.023032	0.085546	11864518320.544100
2019-12-17	-0.082403	0.000248	0.002975	-0.091450	-0.082403	9057166141.273710
2019-12-16	-0.066387	0.000171	0.000768	-0.074474	-0.066387	8992282118.517469
2019-12-15	0.001720	-0.000030	0.007392	-0.024094	0.001720	7235153410.527630
2019-12-14	-0.014319	0.000060	0.004031	-0.017318	-0.014319	7048066972.930170
2019-12-13	-0.004528	0.000355	0.001738	-0.012757	-0.004528	7264810246.999220
2019-12-12	0.013899	0.000053	0.014927	-0.015118	0.013899	7890383412.907100
2019-12-11	-0.018179	0.000366	0.005963	-0.022026	-0.018179	7037180048.964200
2019-12-10	-0.013210	-0.000306	0.002289	-0.022380	-0.013210	6859512024.664200
2019-12-09	-0.020094	-0.000267	0.004292	-0.024086	-0.020094	6744206747.055600
2019-12-08	0.016782	-0.000165	0.024365	-0.003057	0.016782	6441727251.903390
2019-12-07	-0.002857	0.000021	0.004057	-0.005494	-0.002857	5911233283.714390
2019-12-06	-0.000365	0.000988	0.002824	-0.011005	-0.000365	6458766440.822970
2019-12-05	0.017045	-0.000417	0.043664	-0.008781	0.017045	6745910228.162730
2019-12-04	-0.008169	-0.000257	0.018414	-0.019976	-0.008169	7865937093.744840
2019-12-03	-0.007398	-0.000006	0.008394	-0.020512	-0.007398	6204379850.288270
2019-12-02	-0.014066	-0.000068	0.006160	-0.023672	-0.014066	6670561362.036020
2019-12-01	-0.008876	-0.000313	-0.000313	-0.035871	-0.008876	7102780297.535410
2019-11-30	-0.017800	-0.000114	0.008932	-0.026263	-0.017800	6565950867.576560
2019-11-29	0.023640	0.000336	0.033818	-0.001695	0.023640	7503898278.343360
2019-11-28	-0.008450	0.000384	0.023548	-0.012544	-0.008450	7346531960.145670
2019-11-27	0.027157	-0.003815	0.039755	-0.036515	0.027157	8778095307.557480
2019-11-26	0.016989	-0.000493	0.024087	-0.008600	0.016989	7648516297.026550
2019-11-25	0.025497	-0.000964	0.051621	-0.063236	0.025497	10962753356.222500
2019-11-24	-0.068982	0.000083	0.003573	-0.068982	-0.068982	7782769097.963460
2019-11-23	0.020960	-0.000372	0.025510	-0.017748	0.020960	8289198330.463980
2019-11-22	-0.069332	0.000267	0.009695	-0.118409	-0.069332	12020749863.310200
2019-11-21	-0.081023	-0.000141	0.002908	-0.092962	-0.081023	8546371324.812430
2019-11-20	-0.009902	-0.000227	0.008665	-0.012201	-0.009902	7205785148.756620
2019-11-19	-0.017191	-0.000316	0.010902	-0.029699	-0.017191	7536699743.068600
2019-11-18	-0.024631	-0.000420	0.009766	-0.032108	-0.024631	7787662111.084130
2019-11-17	0.009659	0.000013	0.026414	-0.005517	0.009659	7364325470.863920
2019-11-16	0.015661	-0.000122	0.020131	-0.002966	0.015661	6789888119.762240
2019-11-15	-0.029454	0.000315	0.001356	-0.035592	-0.029454	8815678477.418180
2019-11-14	-0.012000	0.000073	0.001996	-0.017351	-0.012000	7872664470.151290
2019-11-13	0.007575	0.000530	0.013318	-0.004846	0.007575	7343173595.616320
2019-11-12	0.007298	0.000405	0.013253	-0.007001	0.007298	7792186666.389160
2019-11-11	-0.021045	0.000135	0.004545	-0.023174	-0.021045	7877424105.785750
2019-11-10	0.024042	-0.000461	0.031843	-0.001848	0.024042	8752784211.207359
2019-11-09	0.004436	0.000544	0.008833	-0.001679	0.004436	7277418704.141200
2019-11-08	-0.020029	-0.000278	0.004466	-0.028914	-0.020029	9176780911.470421
2019-11-07	-0.018880	-0.000467	0.001395	-0.026237	-0.018880	9081247798.753120
2019-11-06	0.012095	-0.001007	0.022414	-0.003362	0.012095	10156458684.437201
2019-11-05	0.015825	-0.000246	0.026308	-0.010857	0.015825	10024177342.262800
2019-11-04	0.021544	-0.000581	0.030686	-0.003308	0.021544	10551917945.358999
2019-11-03	-0.008159	0.000376	0.005973	-0.022333	-0.008159	8760247743.897079
2019-11-02	-0.000240	0.000262	0.009453	-0.006372	-0.000240	8087991830.268980
2019-11-01	0.000016	-0.000887	0.005940	-0.015614	0.000016	9145611130.240490
2019-10-31	-0.003927	0.000571	0.021978	-0.025035	-0.003927	9607939606.419390
2019-10-30	-0.029686	-0.000033	0.004042	-0.046213	-0.029686	10484902804.138599
2019-10-29	0.042043	0.000041	0.050278	-0.001634	0.042043	10622761957.611099
2019-10-28	-0.008572	0.000843	0.019762	-0.021671	-0.008572	10406734124.294100
2019-10-27	0.024504	0.000540	0.046264	-0.011973	0.024504	10815941952.488400
2019-10-26	-0.009298	0.000792	0.079435	-0.029690	-0.009298	13831784985.955601
2019-10-25	0.119349	0.000131	0.128456	-0.001249	0.119349	10358594018.038799
2019-10-24	-0.001442	0.000685	0.010744	-0.009328	-0.001442	7300917536.957370
2019-10-23	-0.057446	-0.000221	0.000695	-0.086114	-0.057446	9624925919.326469
2019-10-22	-0.014979	-0.000091	0.004168	-0.015177	-0.014979	6990951966.276840
2019-10-21	-0.003494	-0.000055	0.012575	-0.012799	-0.003494	6815820627.396510
2019-10-20	0.015160	0.000357	0.022009	-0.009845	0.015160	6801091120.454950
2019-10-19	-0.004080	0.000162	0.011444	-0.008097	-0.004080	6551453871.408370
2019-10-18	-0.024755	-0.000224	0.000851	-0.039450	-0.024755	7566257807.322390
2019-10-17	0.011447	-0.000606	0.016397	-0.008225	0.011447	6737237422.590940
2019-10-16	-0.029726	-0.000344	0.001447	-0.040472	-0.029726	7691244590.299800
2019-10-15	-0.029711	0.000086	0.004273	-0.040105	-0.029711	7731456579.054860
2019-10-14	0.026834	-0.000256	0.028716	-0.002268	0.026834	7276520699.169500
2019-10-13	0.006904	0.000192	0.023499	-0.002818	0.006904	6733182272.988820
2019-10-12	-0.009547	-0.000195	0.020459	-0.014158	-0.009547	7494328840.326750
2019-10-11	-0.047428	0.000738	0.019092	-0.052165	-0.047428	9128522969.976900
2019-10-10	-0.008451	-0.000529	0.003123	-0.025799	-0.008451	8375913275.602180
2019-10-09	0.061925	0.000081	0.067459	-0.007434	0.061925	9088122101.432791
2019-10-08	0.004610	-0.000403	0.017516	-0.011331	0.004610	7466282780.161530
2019-10-07	0.046962	-0.000686	0.053723	-0.008849	0.046962	7844316833.720660
2019-10-06	-0.018669	0.000073	0.005744	-0.028646	-0.018669	5852890673.674020
2019-10-05	-0.003579	-0.000219	0.004115	-0.022123	-0.003579	5837211771.438940
2019-10-04	0.010192	0.000223	0.019137	-0.009334	0.010192	6248928449.449790
2019-10-03	-0.030497	-0.000038	0.000491	-0.044882	-0.030497	6381403724.764570
2019-10-02	0.019003	-0.000656	0.019655	-0.011312	0.019003	6335595249.542010
2019-10-01	-0.014075	0.001873	0.028761	-0.022569	-0.014075	7676276225.213100
2019-09-30	0.054947	-0.000247	0.054947	-0.020333	0.054947	7552915148.351660
2019-09-29	-0.023311	0.000228	0.003651	-0.043393	-0.023311	6497088198.810310
2019-09-28	-0.000790	-0.000173	0.006111	-0.022535	-0.000790	6895423445.153380
2019-09-27	0.047886	-0.000452	0.053283	-0.021098	0.047886	7909313624.777420
2019-09-26	-0.024375	-0.000795	0.004681	-0.080532	-0.024375	7848286154.306830
2019-09-25	0.016548	0.000136	0.039314	-0.019019	0.016548	9766632017.942051
2019-09-24	-0.167444	-0.000392	0.007821	-0.194103	-0.167444	11757739233.118601
2019-09-23	-0.045494	0.000793	0.001395	-0.045655	-0.045494	7494673136.166220
2019-09-22	-0.018425	-0.000138	0.002645	-0.036523	-0.018425	7812854575.995920
2019-09-21	-0.011620	-0.000700	0.013338	-0.013987	-0.011620	7743309777.586180
2019-09-20	-0.014600	-0.000955	0.001436	-0.027663	-0.014600	8027974272.748460
2019-09-19	0.046775	-0.000690	0.054300	-0.031729	0.046775	10620070912.968399
2019-09-18	0.013347	-0.002676	0.038842	-0.002676	0.013347	9194634557.491880
2019-09-17	0.058320	0.000008	0.084311	-0.002018	0.058320	10232590812.365601
2019-09-16	0.038590	-0.000526	0.044343	-0.000526	0.038590	8242029487.848590
2019-09-15	0.008950	-0.000197	0.012194	-0.008815	0.008950	6222874780.038910
2019-09-14	0.038627	0.001170	0.040513	-0.004072	0.038627	6500686511.408630
2019-09-13	0.000517	-0.000224	0.002664	-0.013447	0.000517	5955041236.883940
2019-09-12	0.012816	0.000438	0.018313	-0.004914	0.012816	5838605476.609510
2019-09-11	-0.005905	0.000291	0.010959	-0.018279	-0.005905	7157139034.575830
2019-09-10	-0.007520	0.000350	0.016086	-0.016710	-0.007520	6291476771.883950
2019-09-09	-0.001136	0.000038	0.015406	-0.021704	-0.001136	7232938985.218840
2019-09-08	0.017350	0.000112	0.026447	-0.000674	0.017350	6472677265.545350
2019-09-07	0.048874	-0.000005	0.064107	-0.003013	0.048874	6791531341.502370
2019-09-06	-0.024458	-0.000258	0.020099	-0.033727	-0.024458	6797611877.927890
2019-09-05	-0.010090	-0.000151	0.000972	-0.024126	-0.010090	5589476515.731740
2019-09-04	-0.019535	-0.000041	0.003550	-0.023253	-0.019535	5938120493.682210
2019-09-03	0.006459	0.000058	0.022432	-0.013329	0.006459	6962728937.894670
2019-09-02	0.039142	0.000397	0.049617	-0.006862	0.039142	6503447136.840190
2019-09-01	-0.004873	-0.000066	0.007115	-0.017038	-0.004873	5554799575.864620
2019-08-31	0.021529	0.000314	0.032512	-0.006114	0.021529	5830212248.598760
2019-08-30	-0.004022	-0.000162	0.007414	-0.014425	-0.004022	5776520220.383580
2019-08-29	-0.025149	0.000395	0.000612	-0.038640	-0.025149	7129569082.925420
2019-08-28	-0.072669	-0.000113	0.002209	-0.081758	-0.072669	6696604087.305460
2019-08-27	-0.007477	0.000109	0.000179	-0.018295	-0.007477	6042327402.378520
2019-08-26	0.011170	-0.000572	0.035323	-0.000572	0.011170	7207986636.491480
2019-08-25	-0.023248	-0.000286	0.004568	-0.033064	-0.023248	5826017143.094830
2019-08-24	-0.017548	-0.000178	0.000405	-0.036357	-0.017548	6249737981.872810
2019-08-23	0.017631	-0.001181	0.023904	-0.009254	0.017631	6658162376.910430
2019-08-22	0.023764	0.000265	0.040258	-0.018765	0.023764	7569043874.246840
2019-08-21	-0.049214	0.000286	0.002351	-0.070593	-0.049214	7775772700.388510
2019-08-20	-0.032136	-0.001373	-0.000374	-0.036793	-0.032136	6408417609.563450
2019-08-19	0.044209	0.000321	0.046617	-0.007123	0.044209	6145148691.753360
2019-08-18	0.047423	0.000826	0.063735	-0.010746	0.047423	5969012023.762660
2019-08-17	0.001335	0.000494	0.006811	-0.015348	0.001335	5512696512.561650
2019-08-16	-0.016244	0.000754	0.002141	-0.043062	-0.016244	7133915837.212170
2019-08-15	0.010151	0.000406	0.015296	-0.045363	0.010151	8197244441.201260
2019-08-14	-0.105895	-0.000503	0.001712	-0.107217	-0.105895	7444456153.887790
2019-08-13	-0.012206	0.000259	0.000456	-0.027761	-0.012206	5946313204.828340
2019-08-12	-0.022235	-0.000171	0.000230	-0.023816	-0.022235	5674315558.983880
2019-08-11	0.045272	-0.000006	0.047719	-0.001077	0.045272	6440605604.666520
2019-08-10	-0.017841	0.000196	0.015421	-0.031811	-0.017841	6584748527.150830
2019-08-09	-0.047311	-0.000150	0.001912	-0.057463	-0.047311	6964818794.943130
2019-08-08	-0.024070	0.000563	0.001695	-0.043618	-0.024070	6713525643.807760
2019-08-07	0.001639	-0.000422	0.016087	-0.014358	0.001639	7020342209.933130
2019-08-06	-0.034987	0.000130	0.020925	-0.045530	-0.034987	7647742672.255690
2019-08-05	0.051849	-0.000085	0.058228	-0.000296	0.051849	7765060287.485770
2019-08-04	0.000806	0.000407	0.007807	-0.017970	0.000806	5238542572.364430
2019-08-03	0.021200	0.000110	0.030989	-0.002478	0.021200	5697798687.247000
2019-08-02	0.000290	0.000349	0.020082	-0.008414	0.000290	6159440229.493280
2019-08-01	-0.003868	-0.000455	0.000725	-0.026250	-0.003868	5965442642.119540
2019-07-31	0.038626	-0.000143	0.038626	-0.000402	0.038626	6003828339.807850
2019-07-30	-0.003528	0.000337	0.011104	-0.020829	-0.003528	5489918858.839590
2019-07-29	0.000386	-0.000298	0.013000	-0.011470	0.000386	5485190664.098950
2019-07-28	0.018216	0.000026	0.022340	-0.024856	0.018216	5504887933.628370
2019-07-27	-0.055645	-0.000055	0.017701	-0.067048	-0.055645	6257703907.686770
2019-07-26	0.000053	0.000046	0.002816	-0.025008	0.000053	5729852177.977490
2019-07-25	0.011848	-0.000356	0.033209	-0.004198	0.011848	6731281160.295150
2019-07-24	0.020297	-0.000821	0.022596	-0.041532	0.020297	7168982842.860670
2019-07-23	-0.022208	0.000039	0.004404	-0.036412	-0.022208	6976091534.017790
2019-07-22	-0.035770	0.000301	0.005459	-0.053993	-0.035770	6338843918.847120
2019-07-21	-0.015225	0.000212	0.003240	-0.044045	-0.015225	6685082868.054720
2019-07-20	0.035177	0.000358	0.058125	-0.000650	0.035177	7976245988.167540
2019-07-19	-0.023096	0.000404	0.001652	-0.047350	-0.023096	7606433130.728990
2019-07-18	0.071311	-0.000191	0.083951	-0.016300	0.071311	9327816059.090309
2019-07-17	0.061732	-0.000612	0.094317	-0.026097	0.061732	9387747639.673130
2019-07-16	-0.133118	-0.000119	0.020619	-0.140999	-0.133118	9036620493.511049
2019-07-15	0.009658	0.001700	0.032725	-0.075520	0.009658	9723674243.933500
2019-07-14	-0.155425	-0.000658	0.000677	-0.156572	-0.155425	8578339385.947770
2019-07-13	-0.024678	0.000045	0.001479	-0.047809	-0.024678	6716829429.127170
2019-07-12	0.028182	-0.000044	0.037780	-0.002620	0.028182	8148936015.061120
2019-07-11	-0.073442	-0.000194	0.000065	-0.082439	-0.073442	10216287021.614599
2019-07-10	-0.061120	-0.000096	0.013560	-0.075483	-0.061120	11679985166.520800
2019-07-09	-0.013952	0.000235	0.015871	-0.025429	-0.013952	10055159802.707800
2019-07-08	0.024700	0.000112	0.028025	-0.007197	0.024700	9078905628.364620
2019-07-07	0.063132	0.000196	0.078569	-0.005001	0.063132	8119724980.546120
2019-07-06	-0.001564	-0.000360	0.027757	-0.004624	-0.001564	7674615024.946230
2019-07-05	0.012211	-0.000500	0.033030	-0.006427	0.012211	8723493015.221769
2019-07-04	-0.061289	-0.000247	0.002841	-0.067088	-0.061289	8403513105.728140
2019-07-03	0.039450	0.000577	0.040280	-0.000668	0.039450	9926711979.200569
2019-07-02	-0.006963	-0.000354	0.006861	-0.071647	-0.006963	10618413951.797199
2019-07-01	0.010131	-0.001471	0.035536	-0.036716	0.010131	10292223947.836000
2019-06-30	-0.091742	-0.001484	0.008532	-0.091742	-0.091742	10303111000.422199
2019-06-29	0.028381	0.000187	0.034758	-0.052927	0.028381	10929374564.977900
2019-06-28	0.057629	-0.000423	0.063765	-0.004512	0.057629	11514656819.550100
2019-06-27	-0.126162	0.000614	0.019837	-0.172767	-0.126162	14038092502.552401
2019-06-26	0.058552	-0.000420	0.136023	-0.006826	0.058552	16437084081.092400
2019-06-25	0.024810	0.000818	0.024810	-0.008960	0.024810	9641764965.189659
2019-06-24	0.008436	-0.000343	0.014624	-0.026860	0.008436	8205712062.092230
2019-06-23	-0.005018	0.000118	0.029690	-0.011687	-0.005018	8161062379.673170
2019-06-22	0.049066	0.000694	0.068765	-0.000617	0.049066	10613731254.570499
2019-06-21	0.085446	0.000177	0.086893	0.000177	0.085446	9331694139.575680
2019-06-20	0.008400	-0.000089	0.017228	-0.014591	0.008400	6408981097.054810
2019-06-19	0.016525	0.000019	0.019926	-0.001121	0.016525	5516510947.082730
2019-06-18	-0.033895	-0.000112	-0.000112	-0.040848	-0.033895	6205242503.802800
2019-06-17	0.019047	-0.000493	0.023101	-0.003229	0.019047	6009795781.119820
2019-06-16	0.000758	-0.000439	0.033915	-0.012951	0.000758	9676746452.616779
2019-06-15	0.018675	-0.000581	0.028090	-0.007445	0.018675	8126853943.633670
2019-06-14	0.030912	0.000042	0.035924	-0.007891	0.030912	8676891266.978041
2019-06-13	-0.018147	0.000039	0.004829	-0.020341	-0.018147	8442077836.331450
2019-06-12	0.061524	0.000585	0.061989	-0.005251	0.061524	8645598617.641590
2019-06-11	-0.007023	0.001382	0.004616	-0.031088	-0.007023	7382269700.385750
2019-06-10	0.061923	-0.001101	0.062532	-0.016067	0.061923	8141159847.922500
2019-06-09	-0.051483	-0.000804	0.000955	-0.067066	-0.051483	7566421455.561990
2019-06-08	-0.020692	0.001271	0.005767	-0.030691	-0.020692	7225996863.199650
2019-06-07	0.005836	-0.000557	0.019553	-0.011530	0.005836	8379534527.805680
2019-06-06	0.009809	-0.000509	0.011712	-0.034608	0.009809	8265146806.318550
2019-06-05	0.023669	0.000656	0.028173	-0.005616	0.023669	8548917061.982390
2019-06-04	-0.044611	-0.000381	-0.000381	-0.065242	-0.044611	10132549746.677700
2019-06-03	-0.065196	-0.000507	0.000402	-0.070176	-0.065196	9375712916.608530
2019-06-02	0.018216	0.000458	0.027944	-0.001316	0.018216	8744111713.265160
2019-06-01	-0.010154	0.001193	0.020306	-0.017116	-0.010154	9942869851.900141
2019-05-31	0.047896	0.000611	0.050031	-0.026370	0.047896	11255023514.710199
2019-05-30	-0.050460	0.000357	0.065858	-0.082044	-0.050460	13604268584.363899
2019-05-29	-0.008511	0.000038	0.007313	-0.031929	-0.008511	9819132174.364990
2019-05-28	-0.004009	-0.000997	0.005344	-0.019601	-0.004009	10362846898.437500
2019-05-27	0.021691	0.000270	0.042826	-0.006084	0.021691	12074664735.617300
2019-05-26	0.060811	-0.000139	0.069140	-0.017932	0.060811	9664267730.900141
2019-05-25	0.009118	0.000838	0.031552	-0.001588	0.009118	8924985384.711559
2019-05-24	0.014308	0.000087	0.037784	-0.011081	0.014308	9929433205.982370
2019-05-23	0.005177	-0.000138	0.011924	-0.044568	0.005177	10671663487.347700
2019-05-22	-0.041208	-0.000864	0.014051	-0.048921	-0.041208	9818257462.677139
2019-05-21	0.013307	-0.000860	0.040669	-0.014564	0.013307	11545049593.478901
2019-05-20	-0.036081	-0.000095	0.000991	-0.074585	-0.036081	10834541285.012800
2019-05-19	0.113800	-0.000621	0.124238	-0.003566	0.113800	12049250893.842400
2019-05-18	-0.037616	0.000602	0.010659	-0.043750	-0.037616	10933142646.381001
2019-05-17	-0.076684	-0.000612	0.011248	-0.137277	-0.076684	16037551694.038900
2019-05-16	0.068205	-0.000854	0.114267	-0.005494	0.068205	18661465872.830002
2019-05-15	0.138175	-0.000638	0.139527	-0.001503	0.138175	13460006533.855801
2019-05-14	0.103138	-0.000549	0.106826	-0.004021	0.103138	12751049754.868299
2019-05-13	0.050826	0.000494	0.094877	-0.010780	0.050826	10367149038.861099
2019-05-12	-0.035918	-0.000727	0.038996	-0.054813	-0.035918	10326050089.571100
2019-05-11	0.122221	-0.000020	0.175138	-0.000020	0.122221	12578331654.263800
2019-05-10	0.016756	0.000139	0.032862	-0.007622	0.016756	8036919052.864250
2019-05-09	-0.003854	0.000022	0.011303	-0.021646	-0.003854	6546914197.546920
2019-05-08	0.006770	0.000622	0.014045	-0.019961	0.006770	6416569597.957590
2019-05-07	-0.016533	-0.001309	0.044837	-0.017135	-0.016533	8411140169.710920
2019-05-06	0.056301	-0.000690	0.075310	-0.021184	0.056301	7540096853.088620
2019-05-05	-0.003511	-0.000069	0.008373	-0.026373	-0.003511	5938415561.857360
2019-05-04	-0.023375	-0.000388	0.016037	-0.036683	-0.023375	6658100048.671820
2019-05-03	0.035958	-0.000294	0.049012	-0.006428	0.035958	7299410672.180350
2019-05-02	0.008111	0.000219	0.013174	-0.004711	0.008111	6044171061.704180
2019-05-01	-0.008311	0.000127	0.011683	-0.015452	-0.008311	5789172432.897370
2019-04-30	0.044871	-0.000188	0.046586	-0.000188	0.044871	6275803459.999900
2019-04-29	-0.013307	-0.000026	0.006604	-0.026120	-0.013307	6053776253.186020
2019-04-28	-0.007194	0.000409	0.007135	-0.008265	-0.007194	5379894433.333340
2019-04-27	0.013354	-0.000488	0.027134	-0.004638	0.013354	5863109117.651750
2019-04-26	0.012221	0.000777	0.023110	-0.015368	0.012221	7505283355.029000
2019-04-25	-0.068546	0.000535	0.004145	-0.072239	-0.068546	6820332362.108200
2019-04-24	-0.032790	-0.000573	0.000731	-0.055242	-0.032790	7351304156.206970
2019-04-23	-0.002484	0.000771	0.028952	-0.005690	-0.002484	7097827092.239620
2019-04-22	0.010751	-0.000171	0.017775	-0.007745	0.010751	6094878077.095930
2019-04-21	-0.021322	-0.000206	0.003853	-0.036389	-0.021322	6005571687.877590
2019-04-20	0.000247	0.000060	0.017255	-0.011051	0.000247	6142567811.787230
2019-04-19	-0.000607	-0.000150	0.000949	-0.018375	-0.000607	6541053060.755610
2019-04-18	0.041110	-0.000225	0.050401	-0.001669	0.041110	6971581464.433650
2019-04-17	-0.004013	-0.000416	0.007846	-0.012657	-0.004013	5596102715.016370
2019-04-16	0.037440	-0.000295	0.037705	-0.004242	0.037440	5180105341.404340
2019-04-15	-0.037324	0.000351	0.005839	-0.049350	-0.037324	5672311823.760600
2019-04-14	0.020212	-0.000226	0.024786	-0.010527	0.020212	4846298303.135930
2019-04-13	-0.001354	-0.000689	0.009871	-0.010468	-0.001354	4959301561.234540
2019-04-12	-0.004596	-0.000978	0.003810	-0.026993	-0.004596	6237185309.344150
2019-04-11	-0.066768	0.000030	0.000846	-0.084680	-0.066768	7859383417.274190
2019-04-10	0.006944	-0.000265	0.039859	-0.005021	0.006944	7856924878.739560
2019-04-09	-0.022991	-0.000204	-0.000025	-0.028665	-0.022991	7632529577.809560
2019-04-08	0.032814	-0.000470	0.056415	-0.002124	0.032814	9304964609.754990
2019-04-07	0.051730	0.000181	0.055837	-0.006117	0.051730	7596176019.725310
2019-04-06	0.002612	-0.000022	0.042298	-0.022447	0.002612	7167016220.875780
2019-04-05	0.047214	-0.000206	0.058005	-0.003851	0.047214	7531316908.108330
2019-04-04	-0.021097	-0.000167	0.021494	-0.038509	-0.021097	7953123528.504670
2019-04-03	-0.015265	0.000286	0.087583	-0.040495	-0.015265	10622456246.115000
2019-04-02	0.156042	0.000065	0.164961	-0.001367	0.156042	9826645698.146360
2019-04-01	0.002235	-0.000344	0.008620	-0.005487	0.002235	4611999536.454970
2019-03-31	-0.004072	0.000328	0.000679	-0.009820	-0.004072	4249050197.367870
2019-03-30	-0.002840	-0.000970	0.049936	-0.010286	-0.002840	5144662126.505280
2019-03-29	0.022099	-0.000526	0.022470	-0.009836	0.022099	5125602702.268580
2019-03-28	-0.011148	0.000125	0.000140	-0.018179	-0.011148	4163212475.109840
2019-03-27	0.040808	-0.000044	0.041452	-0.000876	0.040808	5228240092.736000
2019-03-26	0.003179	0.000173	0.003179	-0.009433	0.003179	4499271678.916670
2019-03-25	-0.014278	0.000689	0.005171	-0.025526	-0.014278	4480516752.847250
2019-03-24	-0.009064	0.000546	0.000982	-0.013933	-0.009064	4266845458.415700
2019-03-23	0.007716	-0.001032	0.016066	-0.001964	0.007716	4436568613.448620
2019-03-22	0.003991	-0.000540	0.015796	-0.002982	0.003991	4490899265.960870
2019-03-21	-0.028790	-0.001478	0.002252	-0.034338	-0.028790	5087247796.461230
2019-03-20	0.001190	-0.000245	0.003034	-0.015743	0.001190	4664134462.094470
2019-03-19	0.008212	-0.000865	0.011584	-0.001662	0.008212	4251488128.790700
2019-03-18	-0.004471	0.000745	0.016190	-0.008278	-0.004471	4551739878.976210
2019-03-17	-0.016837	-0.001123	-0.000184	-0.021592	-0.016837	3827157729.139930
2019-03-16	0.034181	0.001599	0.049870	0.001599	0.034181	4839003568.646010
2019-03-15	0.029767	-0.001080	0.035027	-0.001080	0.029767	4506861856.050930
2019-03-14	0.003366	-0.000444	0.014391	-0.003850	0.003366	4476532147.207530
2019-03-13	-0.008776	0.001256	0.001256	-0.012817	-0.008776	4265162099.266430
2019-03-12	0.004549	0.001336	0.010755	-0.021593	0.004549	4709987999.702230
2019-03-11	-0.021385	0.000664	0.004349	-0.026732	-0.021385	4689807418.789570
2019-03-10	-0.008746	0.001560	0.002210	-0.016523	-0.008746	4578438499.348420
2019-03-09	0.021004	-0.001773	0.029545	-0.003330	0.021004	5011918715.080050
2019-03-08	-0.021063	0.002006	0.010610	-0.032433	-0.021063	4678816793.981170
2019-03-07	-0.005439	0.001103	0.014904	-0.010925	-0.005439	4339206292.240420
2019-03-06	0.007016	0.000989	0.015574	-0.012164	0.007016	4589054218.516040
2019-03-05	0.078641	0.000147	0.081831	-0.008130	0.078641	4764849990.073910
2019-03-04	-0.033840	-0.000692	0.003627	-0.051771	-0.033840	4008171341.125550
2019-03-03	-0.014586	0.004315	0.012237	-0.021445	-0.014586	3454374052.601270
2019-03-02	-0.016393	-0.000686	0.005432	-0.029369	-0.016393	3747176425.168100
2019-03-01	-0.002213	0.000658	0.016447	-0.002278	-0.002213	3756124823.748670
2019-02-28	0.004557	0.001154	0.019990	-0.003441	0.004557	4535438953.169010
2019-02-27	-0.014221	-0.000435	0.023510	-0.046975	-0.014221	4469776860.479500
2019-02-26	-0.012395	-0.001264	0.001098	-0.023195	-0.012395	3791292838.930270
2019-02-25	0.029224	-0.002598	0.049119	-0.002715	0.029224	4914392068.278440
2019-02-24	-0.144480	0.000674	0.042534	-0.144480	-0.144480	5957715043.409380
2019-02-23	0.065080	-0.002789	0.067297	-0.011814	0.065080	4519468458.349140
2019-02-22	0.020267	-0.000394	0.021472	-0.006325	0.020267	3731099283.604700
2019-02-21	-0.022891	-0.001351	-0.001351	-0.033369	-0.022891	3995766856.260490
2019-02-20	0.028953	-0.001193	0.028953	-0.019567	0.028953	4500094964.915090
2019-02-19	-0.005148	0.002056	0.026226	-0.006639	-0.005148	5310842625.389680
2019-02-18	0.093560	-0.004239	0.105448	-0.004468	0.093560	5387525773.059240
2019-02-17	0.083877	-0.000634	0.090864	-0.001368	0.083877	4236081129.536320
2019-02-16	0.009499	0.002425	0.016662	0.001596	0.009499	2905833287.206490
2019-02-15	0.005850	0.000523	0.018699	-0.000151	0.005850	3021741614.856860
2019-02-14	-0.009493	-0.001115	0.015490	-0.009944	-0.009493	3331701627.674880
2019-02-13	-0.000152	-0.000228	0.024299	-0.007830	-0.000152	3386585799.142990
2019-02-12	0.010502	-0.000988	0.017889	-0.014002	0.010502	3149576428.844670
2019-02-11	-0.028108	0.000521	0.000521	-0.036014	-0.028108	3222473887.409020
2019-02-10	0.045010	-0.000184	0.045405	-0.019468	0.045010	3148766590.142750
2019-02-09	0.001368	-0.000450	0.011923	-0.010626	0.001368	2884650400.409630
2019-02-08	0.140933	0.001050	0.146080	-0.003261	0.140933	3656841346.518270
2019-02-07	-0.003660	-0.000796	0.010862	-0.004862	-0.003660	2326764622.243540
2019-02-06	-0.023494	0.001171	0.001171	-0.041966	-0.023494	2593048199.101700
2019-02-05	-0.003507	-0.001794	0.002905	-0.008456	-0.003507	2515863998.873150
2019-02-04	0.003060	0.001239	0.011241	-0.003956	0.003060	2491888674.798830
2019-02-03	-0.026601	0.000544	0.003596	-0.035011	-0.026601	2519334756.878910
2019-02-02	0.026210	-0.001332	0.028288	-0.007860	0.026210	2385157837.711740
2019-02-01	0.005126	0.000810	0.014736	-0.018816	0.005126	2541271518.873250
2019-01-31	-0.016955	-0.000062	0.014240	-0.021873	-0.016955	2828796030.761590
2019-01-30	0.031339	-0.001809	0.036504	-0.007144	0.031339	2874370354.585990
2019-01-29	-0.009304	0.001238	0.005402	-0.024306	-0.009304	2900418605.971770
2019-01-28	-0.060097	-0.001059	0.002495	-0.088786	-0.060097	3366895504.668900
2019-01-27	-0.026470	0.000185	0.001688	-0.026470	-0.026470	2775888286.998820
2019-01-26	0.000949	-0.000041	0.014657	-0.003418	0.000949	2412181168.837240
2019-01-25	-0.008389	0.001977	0.003750	-0.013060	-0.008389	2606881898.144190
2019-01-24	-0.000764	0.000087	0.004934	-0.012310	-0.000764	2520843419.620290
2019-01-23	-0.010905	-0.000284	0.005686	-0.019966	-0.010905	2556952198.381360
2019-01-22	0.013569	-0.000402	0.021394	-0.021178	0.013569	2552507404.726150
2019-01-21	-0.019393	0.001353	0.002014	-0.027766	-0.019393	2421720342.520250
2019-01-20	-0.040509	0.000911	0.004428	-0.046713	-0.040509	2964108269.107820
2019-01-19	0.028996	0.004993	0.040443	0.001246	0.028996	3048261797.090610
2019-01-18	-0.022075	-0.000705	0.000806	-0.028285	-0.022075	2305389799.877700
2019-01-17	0.001577	0.000214	0.005857	-0.022097	0.001577	2594091284.949740
2019-01-16	0.012409	-0.001831	0.041674	-0.004845	0.012409	2746469339.754680
2019-01-15	-0.054514	0.000805	0.012976	-0.067849	-0.054514	2735449164.327440
2019-01-14	0.104116	0.000695	0.119411	0.000597	0.104116	2798085735.175810
2019-01-13	-0.071993	-0.000471	0.002392	-0.078438	-0.071993	2268263943.760330
2019-01-12	-0.012402	-0.000159	0.008764	-0.016477	-0.012402	2212109224.408770
2019-01-11	-0.008372	-0.006307	0.011979	-0.026280	-0.008372	2667585233.505780
2019-01-10	-0.147065	0.000268	0.008920	-0.160963	-0.147065	3397734455.641720
2019-01-09	0.002949	0.001297	0.021699	-0.000474	0.002949	2369241196.889130
2019-01-08	-0.008831	0.001769	0.012700	-0.019972	-0.008831	2459808140.323820
2019-01-07	-0.038334	0.000401	0.004464	-0.041811	-0.038334	2712108387.908360
2019-01-06	0.013542	0.001064	0.023984	-0.022826	0.013542	3231294371.157920
2019-01-05	0.006836	-0.001582	0.040386	-0.001582	0.006836	3338211928.038530
2019-01-04	0.036524	-0.001489	0.051926	-0.008234	0.036524	3126192535.103270
2019-01-03	-0.038135	0.000957	0.005259	-0.050625	-0.038135	2676164880.237430
2019-01-02	0.101039	0.004972	0.114400	-0.001196	0.101039	3328240369.423240
2019-01-01	0.055869	0.000374	0.060204	-0.005380	0.055869	2258709868.322700
2018-12-31	-0.046412	0.001227	0.002300	-0.052482	-0.046412	2358360233.965120
2018-12-30	0.013340	-0.002832	0.019351	-0.029243	0.013340	2660086834.113420
2018-12-29	0.002698	0.005970	0.068198	-0.022353	0.002698	3169029972.202910
2018-12-28	0.180750	0.002765	0.180750	-0.007573	0.180750	3130201009.406380
2018-12-27	-0.115949	0.000440	0.006153	-0.122970	-0.115949	2612804378.357280
2018-12-26	0.015567	0.000342	0.052624	-0.027352	0.015567	2720469126.473260
2018-12-25	-0.074114	0.005416	0.005416	-0.107850	-0.074114	3298280609.267490
2018-12-24	0.072441	-0.000945	0.205738	-0.000945	0.072441	4370343386.789610
2018-12-23	0.119954	0.004406	0.139739	0.004406	0.119954	3579715060.795290
2018-12-22	0.066333	-0.000368	0.066333	-0.018202	0.066333	2338772938.804210
2018-12-21	-0.057828	-0.003282	0.024758	-0.074276	-0.057828	2632539990.304440
2018-12-20	0.147610	-0.001759	0.157024	-0.006207	0.147610	3063842618.201140
2018-12-19	0.001544	0.005651	0.073548	-0.004164	0.001544	2456482114.722890
2018-12-18	0.062844	-0.000271	0.065028	-0.022761	0.062844	2277514075.703920
2018-12-17	0.115781	0.001408	0.135382	0.001408	0.115781	2101453023.795670
2018-12-16	0.009726	0.000339	0.037036	0.000339	0.009726	1565817037.095920
2018-12-15	0.001572	-0.000339	0.012270	-0.017536	0.001572	1496176898.296850
2018-12-14	-0.025780	0.001052	0.006998	-0.038281	-0.025780	1651491876.909960
2018-12-13	-0.044749	0.000684	0.005721	-0.056020	-0.044749	1754475621.803320
2018-12-12	0.018528	-0.003762	0.037048	-0.007665	0.018528	1533050103.473320
2018-12-11	-0.029889	-0.001164	0.011961	-0.043597	-0.029889	1707497898.269370
2018-12-10	-0.036329	-0.001575	0.011722	-0.047170	-0.036329	1756437577.008900
2018-12-09	0.032361	-0.001348	0.073138	-0.012244	0.032361	1875567179.890910
2018-12-08	-0.012165	0.001238	0.040359	-0.069338	-0.012165	1855759401.151840
2018-12-07	0.016712	-0.001212	0.047175	-0.090358	0.016712	2554304529.786120
2018-12-06	-0.104557	-0.000244	0.015886	-0.104557	-0.104557	2310716932.450760
2018-12-05	-0.070214	0.001101	0.003488	-0.070214	-0.070214	1990157607.464690
2018-12-04	0.011835	-0.001119	0.038723	-0.013976	0.011835	1748116495.088780
2018-12-03	-0.064129	-0.000087	0.001978	-0.077097	-0.064129	1772756192.745810
2018-12-02	-0.018937	-0.003097	0.016239	-0.021440	-0.018937	1856199148.780620
2018-12-01	0.048282	0.002000	0.067774	-0.013716	0.048282	2131475767.648220
2018-11-30	-0.037188	0.001578	0.016004	-0.049324	-0.037188	2020748395.518100
2018-11-29	-0.039982	0.002316	0.006466	-0.058318	-0.039982	2196099150.575850
2018-11-28	0.112972	0.001709	0.145787	0.001709	0.112972	2673470000.000000
2018-11-27	0.015461	-0.003895	0.032372	-0.054304	0.015461	2320010000.000000
2018-11-26	-0.069687	-0.000919	0.015036	-0.099244	-0.069687	2139490000.000000
2018-11-25	0.026045	-0.003242	0.047465	-0.103301	0.026045	2466750000.000000
2018-11-24	-0.079500	0.000065	0.028322	-0.101147	-0.079500	1800960000.000000
2018-11-23	-0.026913	-0.002265	0.002541	-0.056406	-0.026913	1998010000.000000
2018-11-22	-0.073116	0.000805	0.007601	-0.073116	-0.073116	1792150000.000000
2018-11-21	0.048811	0.006161	0.065606	-0.035147	0.048811	2685930000.000000
2018-11-20	-0.126268	-0.002440	0.013930	-0.152941	-0.126268	3134410000.000000
2018-11-19	-0.157522	0.000633	0.000633	-0.165000	-0.157522	2745160000.000000
2018-11-18	0.017621	0.001000	0.029603	0.001000	0.017621	1810920000.000000
2018-11-17	-0.006713	0.001045	0.003848	-0.013175	-0.006713	1832800000.000000
2018-11-16	-0.031133	0.000326	0.003009	-0.042476	-0.031133	2015330000.000000
2018-11-15	-0.003258	0.002767	0.015733	-0.061787	-0.003258	2638410000.000000
2018-11-14	-0.122949	-0.001412	0.001059	-0.158307	-0.122949	2595330000.000000
2018-11-13	-0.017071	-0.001278	0.000461	-0.020355	-0.017071	1610260000.000000
2018-11-12	-0.004363	0.000819	0.006071	-0.011432	-0.004363	1452380000.000000
2018-11-11	-0.005613	-0.000254	0.002193	-0.017244	-0.005613	1501600000.000000
2018-11-10	0.011705	-0.000471	0.018008	-0.001281	0.011705	1377760000.000000
2018-11-09	-0.010163	-0.001150	0.005112	-0.012797	-0.010163	1554750000.000000
2018-11-08	-0.022801	0.000663	0.005318	-0.022948	-0.022801	1769080000.000000
2018-11-07	-0.005809	0.002046	0.014649	-0.007581	-0.005809	1927830000.000000
2018-11-06	0.044770	0.001832	0.044770	-0.005725	0.044770	1856940000.000000
2018-11-05	0.007735	-0.001860	0.016064	-0.004400	0.007735	1613510000.000000
2018-11-04	0.036466	-0.000140	0.055378	-0.005994	0.036466	1749300000.000000
2018-11-03	-0.002238	0.000523	0.000523	-0.005532	-0.002238	1307150000.000000
2018-11-02	0.008865	0.000553	0.012053	-0.000588	0.008865	1451870000.000000
2018-11-01	0.007554	0.000790	0.032288	-0.000269	0.007554	1336700000.000000
2018-10-31	-0.000886	0.000471	0.003958	-0.005188	-0.000886	1442380000.000000
2018-10-30	0.001567	-0.000223	0.004436	-0.004543	0.001567	1363500000.000000
2018-10-29	-0.039534	-0.000935	0.001125	-0.046902	-0.039534	1517230000.000000
2018-10-28	0.005661	0.001469	0.008369	-0.003364	0.005661	1139140000.000000
2018-10-27	0.004333	0.000133	0.013540	-0.000998	0.004333	1084810000.000000
2018-10-26	0.003009	-0.001889	0.010167	-0.005762	0.003009	1161310000.000000
2018-10-25	-0.005558	0.000078	0.001374	-0.009953	-0.005558	1102900000.000000
2018-10-24	-0.002369	-0.001023	0.006093	-0.004806	-0.002369	1102220000.000000
2018-10-23	0.001431	-0.000137	0.005425	-0.010454	0.001431	1237490000.000000
2018-10-22	-0.005352	0.000156	0.008726	-0.008604	-0.005352	1328980000.000000
2018-10-21	-0.001402	-0.000195	0.013265	-0.003938	-0.001402	1190300000.000000
2018-10-20	0.008359	-0.001041	0.012247	-0.003151	0.008359	1238780000.000000
2018-10-19	0.001844	-0.000467	0.006447	-0.007416	0.001844	1264480000.000000
2018-10-18	-0.018017	0.001550	0.006698	-0.025787	-0.018017	1365860000.000000
2018-10-17	-0.014454	0.000462	0.004783	-0.019951	-0.014454	1444130000.000000
2018-10-16	0.001984	-0.000362	0.011774	-0.008202	0.001984	1532280000.000000
2018-10-15	0.071476	-0.002274	0.134905	-0.007950	0.071476	2865830000.000000
2018-10-14	-0.020646	-0.000751	0.009938	-0.023008	-0.020646	1169260000.000000
2018-10-13	0.015829	-0.001845	0.023139	-0.001845	0.015829	1167610000.000000
2018-10-12	0.038143	-0.004179	0.052254	-0.004179	0.038143	1487900000.000000
2018-10-11	-0.160651	-0.000704	-0.000704	-0.161608	-0.160651	2167620000.000000
2018-10-10	-0.009707	-0.001610	-0.001206	-0.015295	-0.009707	1384040000.000000
2018-10-09	-0.005553	0.001985	0.003952	-0.012449	-0.005553	1405130000.000000
2018-10-08	0.013869	0.001725	0.020547	-0.006908	0.013869	1470740000.000000
2018-10-07	0.004438	0.001399	0.005553	-0.009435	0.004438	1470480000.000000
2018-10-06	-0.010901	-0.000215	0.001428	-0.014741	-0.010901	1505070000.000000
2018-10-05	0.024224	0.000221	0.027455	-0.005675	0.024224	1547330000.000000
2018-10-04	0.007842	-0.000195	0.025666	-0.001810	0.007842	1479500000.000000
2018-10-03	-0.029457	-0.003407	-0.003182	-0.058147	-0.029457	1683930000.000000
2018-10-02	-0.015544	0.001439	0.001729	-0.021363	-0.015544	1542080000.000000
2018-10-01	-0.008933	0.001598	0.005570	-0.025351	-0.008933	1597500000.000000
2018-09-30	0.005237	-0.001321	0.023101	-0.013772	0.005237	1765560000.000000
2018-09-29	0.041515	-0.003134	0.052212	-0.028435	0.041515	2208720000.000000
2018-09-28	-0.026662	0.002394	0.014241	-0.042999	-0.026662	2018120000.000000
2018-09-27	0.058592	-0.001886	0.068382	-0.014793	0.058592	2030320000.000000
2018-09-26	-0.012164	0.000650	0.013418	-0.042983	-0.012164	1756100000.000000
2018-09-25	-0.044703	-0.001762	-0.001762	-0.097233	-0.044703	2120360000.000000
2018-09-24	-0.063848	0.002104	0.003184	-0.068923	-0.063848	1748740000.000000
2018-09-23	0.016010	0.002129	0.029042	-0.010907	0.016010	1693470000.000000
2018-09-22	-0.024754	0.003054	0.018704	-0.051804	-0.024754	1921820000.000000
2018-09-21	0.097925	0.002939	0.105957	-0.013464	0.097925	2836200000.000000
2018-09-20	0.069639	0.001519	0.070720	-0.010382	0.069639	1782070000.000000
2018-09-19	-0.000029	-0.002396	0.018555	-0.039619	-0.000029	1733330000.000000
2018-09-18	0.061150	-0.003942	0.078241	-0.009809	0.061150	1800640000.000000
2018-09-17	-0.102970	0.004502	0.016646	-0.114607	-0.102970	2019910000.000000
2018-09-16	-0.011140	-0.001215	-0.001215	-0.053597	-0.011140	1502260000.000000
2018-09-15	0.053483	-0.009138	0.070154	-0.010120	0.053483	1670490000.000000
2018-09-14	0.001869	0.006222	0.054127	-0.030674	0.001869	2232190000.000000
2018-09-13	0.152855	0.001898	0.167298	0.001898	0.152855	2330720000.000000
2018-09-12	-0.009375	0.001929	0.002815	-0.080020	-0.009375	1874850000.000000
2018-09-11	-0.060955	0.005571	0.007241	-0.083637	-0.060955	1568900000.000000
2018-09-10	0.000787	0.004707	0.025182	-0.037273	0.000787	1502960000.000000
2018-09-09	-0.005188	0.002192	0.049078	-0.048724	-0.005188	1585980000.000000
2018-09-08	-0.088636	0.003264	0.014567	-0.110238	-0.088636	1517200000.000000
2018-09-07	-0.056521	-0.002954	0.015989	-0.057077	-0.056521	1678260000.000000
2018-09-06	-0.009108	-0.002940	-0.002479	-0.061154	-0.009108	2097310000.000000
2018-09-05	-0.186866	0.001127	0.008540	-0.186866	-0.186866	2390390000.000000
2018-09-04	-0.012224	0.000131	0.008024	-0.017299	-0.012224	1554870000.000000
2018-09-03	-0.017366	0.002752	0.004144	-0.023572	-0.017366	1394490000.000000
2018-09-02	-0.003284	0.000379	0.011326	-0.014949	-0.003284	1321050000.000000
2018-09-01	0.043593	0.001738	0.064098	0.001738	0.043593	1546630000.000000
2018-08-31	-0.003875	0.000053	0.001570	-0.019683	-0.003875	1411910000.000000
2018-08-30	-0.017998	0.001524	0.006674	-0.048740	-0.017998	1513100000.000000
2018-08-29	-0.024240	-0.001133	0.001929	-0.031069	-0.024240	1474460000.000000
2018-08-28	0.038151	0.003662	0.041306	-0.007111	0.038151	1513350000.000000
2018-08-27	0.037813	0.000556	0.037813	-0.005621	0.037813	1406790000.000000
2018-08-26	-0.015909	-0.000433	-0.000433	-0.025754	-0.015909	1206650000.000000
2018-08-25	-0.011736	0.001110	0.001937	-0.015889	-0.011736	1208360000.000000
2018-08-24	0.021158	0.003634	0.022367	-0.011707	0.021158	1450170000.000000
2018-08-23	0.021239	0.001500	0.030239	-0.000925	0.021239	1271160000.000000
2018-08-22	-0.037607	0.000085	0.055124	-0.060104	-0.037607	1507660000.000000
2018-08-21	0.027811	-0.003587	0.042488	-0.003587	0.027811	1164120000.000000
2018-08-20	-0.088152	0.001818	0.011761	-0.090824	-0.088152	1413790000.000000
2018-08-19	0.016977	-0.000480	0.038153	-0.015145	0.016977	1447910000.000000
2018-08-18	-0.063083	0.003364	0.014940	-0.092415	-0.063083	1764020000.000000
2018-08-17	0.096106	-0.001260	0.097637	-0.002430	0.096106	1995460000.000000
2018-08-16	0.020123	0.001335	0.057061	-0.005086	0.020123	1552970000.000000
2018-08-15	0.012304	0.005216	0.088401	0.004256	0.012304	1878150000.000000
2018-08-14	-0.026398	-0.000454	-0.000454	-0.111154	-0.026398	2137850000.000000
2018-08-13	-0.103498	0.002003	0.012457	-0.108383	-0.103498	1751190000.000000
2018-08-12	-0.007892	-0.004002	0.020111	-0.010897	-0.007892	1625420000.000000
2018-08-11	-0.036101	0.000263	0.000263	-0.076870	-0.036101	1790370000.000000
2018-08-10	-0.085922	0.000514	0.003985	-0.098477	-0.085922	1699400000.000000
2018-08-09	0.025167	0.001004	0.040192	-0.008410	0.025167	1616610000.000000
2018-08-08	-0.062075	-0.000850	0.001199	-0.069647	-0.062075	2016080000.000000
2018-08-07	-0.065025	0.000352	0.011673	-0.075201	-0.065025	1828350000.000000
2018-08-06	-0.009398	0.000124	0.009802	-0.017541	-0.009398	1384880000.000000
2018-08-05	0.008015	0.000231	0.015872	-0.011835	0.008015	1396820000.000000
2018-08-04	-0.026323	-0.000060	0.004600	-0.034634	-0.026323	1466540000.000000
2018-08-03	0.013671	-0.000131	0.019214	-0.030806	0.013671	1722340000.000000
2018-08-02	-0.019313	0.000140	0.010189	-0.024808	-0.019313	1569300000.000000
2018-08-01	-0.030240	0.000005	0.003665	-0.053940	-0.030240	1888060000.000000
2018-07-31	-0.050787	0.000359	0.000359	-0.058276	-0.050787	1820680000.000000
2018-07-30	-0.020537	0.000347	0.002758	-0.038623	-0.020537	2141590000.000000
2018-07-29	-0.000499	0.000036	0.007406	-0.008966	-0.000499	1631910016.000000
2018-07-28	-0.005893	0.000026	0.004105	-0.014216	-0.005893	1531890048.000000
2018-07-27	0.012130	-0.000060	0.019794	-0.012383	0.012130	1734259968.000000
2018-07-26	-0.017897	-0.000343	0.023710	-0.023427	-0.017897	1621560064.000000
2018-07-25	-0.014352	0.001112	0.007291	-0.026908	-0.014352	1930780032.000000
2018-07-24	0.063258	0.000628	0.067182	-0.000639	0.063258	2287520000.000000
2018-07-23	-0.019153	-0.000474	0.021992	-0.021601	-0.019153	1596999936.000000
2018-07-22	-0.006009	0.000004	0.018299	-0.009335	-0.006009	1338589952.000000
2018-07-21	0.026044	-0.000042	0.038574	-0.010921	0.026044	1504310016.000000
2018-07-20	-0.040290	-0.000664	-0.000664	-0.055206	-0.040290	1821350016.000000
2018-07-19	-0.022672	0.000239	0.005675	-0.031989	-0.022672	2068739968.000000
2018-07-18	-0.040896	-0.000327	0.024812	-0.053179	-0.040896	2371559936.000000
2018-07-17	0.042325	-0.001209	0.058507	-0.024431	0.042325	2288100096.000000
2018-07-16	0.068485	0.001278	0.068485	-0.006784	0.068485	1858680064.000000
2018-07-15	0.031563	-0.000466	0.041081	-0.004965	0.031563	1350160000.000000
2018-07-14	0.004744	0.001115	0.012458	-0.005882	0.004744	1235820032.000000
2018-07-13	0.009191	0.001551	0.028574	0.001551	0.009191	1489670016.000000
2018-07-12	-0.036827	-0.000036	-0.000036	-0.053095	-0.036827	1495440000.000000
2018-07-11	0.027839	0.000209	0.029676	-0.011318	0.027839	1422470016.000000
2018-07-10	-0.088650	-0.001091	0.003432	-0.089624	-0.088650	1789069952.000000
2018-07-09	-0.025427	-0.000493	0.003543	-0.028508	-0.025427	1533799936.000000
2018-07-08	-0.005168	0.000830	0.023469	-0.006596	-0.005168	1344560000.000000
2018-07-07	0.037231	0.000095	0.037231	-0.015139	0.037231	1358360064.000000
2018-07-06	-0.000843	-0.000116	0.011045	-0.035406	-0.000843	1627609984.000000
2018-07-05	0.015180	-0.000066	0.034039	-0.005754	0.015180	1828610048.000000
2018-07-04	0.006728	-0.000095	0.037142	-0.019410	0.006728	1549769984.000000
2018-07-03	-0.023461	0.000082	0.017896	-0.026854	-0.023461	1683939968.000000
2018-07-02	0.047209	-0.000207	0.055543	-0.014996	0.047209	1625789952.000000
2018-07-01	-0.002773	0.000136	0.004304	-0.019322	-0.002773	1511730048.000000
2018-06-30	0.043969	0.000459	0.052265	0.000459	0.043969	1475939968.000000
2018-06-29	0.032304	0.000526	0.045998	-0.034136	0.032304	1564499968.000000
2018-06-28	-0.045212	-0.000170	0.002833	-0.051274	-0.045212	1360790016.000000
2018-06-27	0.022166	-0.001220	0.026506	-0.018331	0.022166	1368940032.000000
2018-06-26	-0.059825	0.000919	0.001962	-0.059825	-0.059825	1356560000.000000
2018-06-25	0.005764	-0.003793	0.027688	-0.019175	0.005764	4007950080.000000
2018-06-24	-0.035505	0.000523	0.001768	-0.101262	-0.035505	2490579968.000000
2018-06-23	0.018683	0.000981	0.028578	-0.007350	0.018683	1651379968.000000
2018-06-22	-0.116712	-0.000328	-0.000328	-0.133664	-0.116712	2226030080.000000
2018-06-21	-0.016598	0.000334	0.013890	-0.022394	-0.016598	1462070016.000000
2018-06-20	-0.003140	0.001021	0.005685	-0.034553	-0.003140	1596290048.000000
2018-06-19	0.036744	0.000254	0.045216	-0.004970	0.036744	1726569984.000000
2018-06-18	0.036853	-0.002128	0.042658	-0.012753	0.036853	1513869952.000000
2018-06-17	0.001613	-0.000364	0.016009	-0.001989	0.001613	1264870016.000000
2018-06-16	0.017593	-0.001202	0.024886	-0.004385	0.017593	1314109952.000000
2018-06-15	-0.055293	0.001420	0.003007	-0.062094	-0.055293	1808269952.000000
2018-06-14	0.088479	0.001858	0.096443	-0.021001	0.088479	2458650112.000000
2018-06-13	-0.038944	0.002365	0.010188	-0.076159	-0.038944	2080130048.000000
2018-06-12	-0.068333	-0.001076	0.010634	-0.078849	-0.068333	1932760064.000000
2018-06-11	0.012925	-0.003081	0.019714	-0.021292	0.012925	1982119936.000000
2018-06-10	-0.118955	-0.005384	-0.005384	-0.143371	-0.118955	2234880000.000000
2018-06-09	-0.005848	-0.000286	0.012488	-0.005848	-0.005848	1519309952.000000
2018-06-08	-0.006791	0.000423	0.005988	-0.015853	-0.006791	1637779968.000000
2018-06-07	-0.003190	0.000927	0.014857	-0.008946	-0.003190	1880140032.000000
2018-06-06	-0.003576	0.001574	0.003840	-0.021183	-0.003576	1756530048.000000
2018-06-05	0.027518	0.000710	0.030937	-0.020242	0.027518	1844269952.000000
2018-06-04	-0.040988	0.001792	0.008248	-0.055928	-0.040988	1903430016.000000
2018-06-03	0.044814	-0.000928	0.055263	-0.000928	0.044814	1832550016.000000
2018-06-02	0.020283	0.000665	0.029367	-0.004691	0.020283	1880390016.000000
2018-06-01	0.004151	0.001778	0.019818	-0.017277	0.004151	1945890048.000000
2018-05-31	0.032265	-0.001953	0.046370	-0.004511	0.032265	1985040000.000000
2018-05-30	-0.010255	0.002550	0.031391	-0.035298	-0.010255	2053970048.000000
2018-05-29	0.095637	0.000217	0.108961	0.000217	0.095637	2330820096.000000
2018-05-28	-0.098892	0.000658	0.005904	-0.104975	-0.098892	2356900096.000000
2018-05-27	-0.024881	0.002111	0.005190	-0.041571	-0.024881	1788790016.000000
2018-05-26	0.000931	0.001179	0.033134	-0.005491	0.000931	1694300032.000000
2018-05-25	-0.024962	0.000640	0.025643	-0.043425	-0.024962	2110919936.000000
2018-05-24	0.031135	0.001630	0.046665	-0.045202	0.031135	2791099904.000000
2018-05-23	-0.099046	-0.001654	0.006013	-0.115461	-0.099046	2995429888.000000
2018-05-22	-0.073626	0.001367	0.002509	-0.078939	-0.073626	2230469888.000000
2018-05-21	-0.022572	0.002550	0.005464	-0.031977	-0.022572	2005170048.000000
2018-05-20	0.027047	0.002000	0.039084	-0.005543	0.027047	2156910080.000000
2018-05-19	0.003115	0.001015	0.030547	-0.010911	0.003115	2021549952.000000
2018-05-18	0.032275	-0.000825	0.033262	-0.013154	0.032275	2305740032.000000
2018-05-17	-0.048643	0.002359	0.016665	-0.054050	-0.048643	2350619904.000000
2018-05-16	-0.002569	-0.001106	0.001875	-0.037144	-0.002569	2476130048.000000
2018-05-15	-0.029674	0.000813	0.011639	-0.040455	-0.029674	2523069952.000000
2018-05-14	-0.004018	-0.001040	0.011826	-0.051403	-0.004018	3005110016.000000
2018-05-13	0.069161	0.001643	0.080554	-0.015639	0.069161	2362500096.000000
2018-05-12	0.009509	0.000428	0.017400	-0.052267	0.009509	2668480000.000000
2018-05-11	-0.065575	-0.000363	0.013337	-0.078996	-0.065575	3290080000.000000
2018-05-10	-0.033230	0.000404	0.019239	-0.034045	-0.033230	2748950016.000000
2018-05-09	-0.000773	0.000060	0.008862	-0.045673	-0.000773	2877870080.000000
2018-05-08	-0.001152	0.001704	0.027230	-0.033959	-0.001152	2920489984.000000
2018-05-07	-0.048701	0.001297	0.004351	-0.103663	-0.048701	4316120064.000000
2018-05-06	-0.029173	-0.000039	0.023204	-0.062781	-0.029173	3105570048.000000
2018-05-05	0.038818	-0.001325	0.053246	-0.001766	0.038818	3035040000.000000
2018-05-04	0.007801	-0.003551	0.031048	-0.021693	0.007801	3533410048.000000
2018-05-03	0.134460	-0.000812	0.141442	-0.000812	0.134460	4210939904.000000
2018-05-02	0.020095	0.000686	0.022608	-0.009194	0.020095	2822269952.000000
2018-05-01	0.005507	0.000805	0.006686	-0.048340	0.005507	2678960128.000000
2018-04-30	-0.027518	0.001277	0.008068	-0.033045	-0.027518	2853100032.000000
2018-04-29	0.007610	0.000342	0.020592	-0.019256	0.007610	2740559872.000000
2018-04-28	0.056637	-0.003688	0.068637	-0.003688	0.056637	2496659968.000000
2018-04-27	-0.023803	-0.001056	0.033281	-0.023803	-0.023803	2598129920.000000
2018-04-26	0.077010	0.004327	0.077614	-0.018539	0.077010	2984009984.000000
2018-04-25	-0.130962	-0.001548	-0.001548	-0.152432	-0.130962	4216140032.000000
2018-04-24	0.102109	0.001323	0.103225	0.001323	0.102109	3581860096.000000
2018-04-23	0.033268	-0.001063	0.039945	-0.001327	0.033268	2386830080.000000
2018-04-22	0.027197	0.001196	0.058428	-0.019039	0.027197	2426269952.000000
2018-04-21	-0.016766	0.000465	0.010021	-0.060365	-0.016766	2612460032.000000
2018-04-20	0.084223	0.000176	0.089500	-0.013393	0.084223	2849469952.000000
2018-04-19	0.082128	-0.001431	0.082128	-0.002910	0.082128	2256869888.000000
2018-04-18	0.043538	0.000825	0.044140	0.000300	0.043538	1762940032.000000
2018-04-17	-0.016146	-0.000004	0.013468	-0.016792	-0.016146	1760359936.000000
2018-04-16	-0.038659	0.000700	0.004692	-0.059153	-0.038659	1758979968.000000
2018-04-15	0.060270	0.002796	0.060270	0.002796	0.060270	1726089984.000000
2018-04-14	0.017744	-0.000315	0.039147	-0.009043	0.017744	1519079936.000000
2018-04-13	-0.000418	0.000444	0.068018	-0.020859	-0.000418	2419249920.000000
2018-04-12	0.144937	-0.000880	0.145208	-0.030490	0.144937	2519360000.000000
2018-04-11	0.039342	0.001885	0.039342	-0.004278	0.039342	1439040000.000000
2018-04-10	0.039438	0.002221	0.043566	-0.011660	0.039438	1196000000.000000
2018-04-09	-0.004949	0.000871	0.071766	-0.024714	-0.004949	1478390016.000000
2018-04-08	0.039433	0.001113	0.044836	0.000747	0.039433	948488000.000000
2018-04-07	0.040588	0.000257	0.061504	-0.000943	0.040588	951475008.000000
2018-04-06	-0.033784	-0.001307	0.005122	-0.042588	-0.033784	967105984.000000
2018-04-05	0.007066	-0.001566	0.018849	-0.028189	0.007066	1210680064.000000
2018-04-04	-0.087193	-0.000979	0.001389	-0.099745	-0.087193	1287730048.000000
2018-04-03	0.078846	0.002295	0.084216	-0.007487	0.078846	1363399936.000000
2018-04-02	0.017961	0.000242	0.041000	-0.005306	0.017961	1102259968.000000
2018-04-01	-0.042501	0.002010	0.010268	-0.082360	-0.042501	1256930048.000000
2018-03-31	0.004591	0.000910	0.060366	-0.004287	0.004591	1323920000.000000
2018-03-30	0.022481	-0.000163	0.062080	-0.044913	0.022481	1878130048.000000
2018-03-29	-0.135142	0.004024	0.010160	-0.135489	-0.135142	1970230016.000000
2018-03-28	-0.008524	0.000389	0.035757	-0.011675	-0.008524	1514179968.000000
2018-03-27	-0.081304	-0.000737	0.003078	-0.081600	-0.081304	1617939968.000000
2018-03-26	-0.065491	0.000000	0.003990	-0.102705	-0.065491	1638880000.000000
2018-03-25	-0.004088	-0.007097	0.017822	-0.020477	-0.004088	1151170048.000000
2018-03-24	-0.024425	0.005472	0.010680	-0.025090	-0.024425	1300009984.000000
2018-03-23	-0.000154	0.000300	0.001454	-0.051093	-0.000154	1596349952.000000
2018-03-22	-0.039218	0.000661	0.028188	-0.068793	-0.039218	1523459968.000000
2018-03-21	0.008179	0.003455	0.058208	-0.011851	0.008179	1781270016.000000
2018-03-20	0.000806	-0.000007	0.018616	-0.063805	0.000806	1833680000.000000
2018-03-19	0.033570	0.014819	0.036120	-0.036241	0.033570	2046790016.000000
2018-03-18	-0.025571	-0.002060	-0.002060	-0.167682	-0.025571	2685499904.000000
2018-03-17	-0.081253	0.000020	0.012440	-0.087374	-0.081253	1267810048.000000
2018-03-16	-0.015766	0.000775	0.019408	-0.038348	-0.015766	1417350016.000000
2018-03-15	-0.004863	0.000892	0.010296	-0.056628	-0.004863	1770460032.000000
2018-03-14	-0.110789	0.000567	0.017308	-0.140016	-0.110789	1810560000.000000
2018-03-13	-0.012866	-0.002398	0.019868	-0.024979	-0.012866	1425959936.000000
2018-03-12	-0.032499	0.001475	0.026509	-0.055397	-0.032499	1764999936.000000
2018-03-11	0.053064	-0.002297	0.071250	-0.027322	0.053064	1562680064.000000
2018-03-10	-0.057655	0.001707	0.026224	-0.063411	-0.057655	1532960000.000000
2018-03-09	0.034516	-0.003405	0.034857	-0.080172	0.034516	2233019904.000000
2018-03-08	-0.064071	-0.000347	0.027810	-0.075265	-0.064071	1891640064.000000
2018-03-07	-0.078487	-0.000832	0.010596	-0.110660	-0.078487	2175419904.000000
2018-03-06	-0.043029	0.000156	0.000156	-0.051252	-0.043029	1943069952.000000
2018-03-05	-0.014993	0.000194	0.003741	-0.015182	-0.014993	1898489984.000000
2018-03-04	0.011027	-0.001212	0.012511	-0.019767	0.011027	1697939968.000000
2018-03-03	0.000434	-0.000166	0.013539	-0.001921	0.000434	1699369984.000000
2018-03-02	-0.017596	-0.000500	0.004790	-0.022676	-0.017596	1894419968.000000
2018-03-01	0.019880	0.000951	0.029353	-0.003834	0.019880	1868519936.000000
2018-02-28	-0.026263	-0.000377	0.013484	-0.026349	-0.026263	1963980032.000000
2018-02-27	0.010295	0.001208	0.030994	-0.002551	0.010295	2053980032.000000
2018-02-26	0.029007	0.000554	0.042118	-0.002949	0.029007	2044480000.000000
2018-02-25	0.005110	-0.001256	0.015028	-0.021575	0.005110	1646960000.000000
2018-02-24	-0.027394	-0.003004	0.017753	-0.052811	-0.027394	1926579968.000000
2018-02-23	0.063166	-0.001550	0.090390	-0.022211	0.063166	2334820096.000000
2018-02-22	-0.043679	-0.000834	0.030536	-0.055652	-0.043679	2150370048.000000
2018-02-21	-0.050705	-0.001380	0.018991	-0.072381	-0.050705	2531729920.000000
2018-02-20	-0.051378	-0.000316	0.022673	-0.053939	-0.051378	2545260032.000000
2018-02-19	0.021586	-0.002439	0.036644	-0.002562	0.021586	2169019904.000000
2018-02-18	-0.051528	-0.000786	0.009052	-0.060229	-0.051528	2567290112.000000
2018-02-17	0.031672	0.000570	0.034298	-0.003660	0.031672	2525720064.000000
2018-02-16	0.007721	-0.002337	0.013905	-0.020415	0.007721	2369449984.000000
2018-02-15	0.014525	0.000181	0.030736	-0.013480	0.014525	2900100096.000000
2018-02-14	0.092638	-0.001158	0.096031	-0.001158	0.092638	2818370048.000000
2018-02-13	-0.026993	0.000675	0.002305	-0.045896	-0.026993	2081170048.000000
2018-02-12	0.066343	0.003496	0.075218	0.003496	0.066343	2243450112.000000
2018-02-11	-0.053178	-0.001310	-0.001310	-0.083905	-0.053178	2486650112.000000
2018-02-10	-0.026531	-0.001582	0.037941	-0.065947	-0.026531	2930530048.000000
2018-02-09	0.080775	0.000823	0.080945	-0.035428	0.080775	2495820032.000000
2018-02-08	0.080229	-0.001618	0.116262	-0.001618	0.080229	3708189952.000000
2018-02-07	-0.045458	-0.003397	0.073227	-0.087867	-0.045458	3896179968.000000
2018-02-06	0.136358	0.014021	0.141110	-0.176992	0.136358	6518269952.000000
2018-02-05	-0.163812	0.000331	0.026314	-0.227731	-0.163812	4269530112.000000
2018-02-04	-0.134164	0.000672	0.005200	-0.164888	-0.134164	2997090048.000000
2018-02-03	0.052670	0.003741	0.083161	-0.074357	0.052670	3243480064.000000
2018-02-02	-0.116711	-0.000984	-0.000984	-0.268917	-0.116711	6713290240.000000
2018-02-01	-0.072896	0.000948	0.038487	-0.119369	-0.072896	5261680128.000000
2018-01-31	0.044047	-0.000037	0.053710	-0.034198	0.044047	3757560064.000000
2018-01-30	-0.094075	0.001497	0.001920	-0.104359	-0.094075	4107859968.000000
2018-01-29	-0.051083	0.000554	0.008579	-0.061741	-0.051083	3715079936.000000
2018-01-28	0.125503	0.004255	0.136125	0.004255	0.125503	5372329984.000000
2018-01-27	0.049186	0.000550	0.063317	-0.012368	0.049186	3002870016.000000
2018-01-26	-0.000814	-0.003153	0.023266	-0.056103	-0.000814	3617690112.000000
2018-01-25	-0.002597	0.004193	0.043333	-0.022705	-0.002597	4050190080.000000
2018-01-24	0.073564	0.001265	0.077275	-0.020706	0.073564	3944039936.000000
2018-01-23	-0.016976	0.000907	0.019905	-0.082451	-0.016976	3556699904.000000
2018-01-22	-0.044132	0.005497	0.037653	-0.113225	-0.044132	3810099968.000000
2018-01-21	-0.091391	0.000459	0.000459	-0.115699	-0.091391	3378089984.000000
2018-01-20	0.111683	0.005630	0.123193	0.005630	0.111683	3975190016.000000
2018-01-19	0.002721	-0.007199	0.054946	-0.031430	0.002721	4084450048.000000
2018-01-18	0.021721	0.002159	0.084851	-0.045838	0.021721	5938319872.000000
2018-01-17	-0.037430	0.007260	0.034678	-0.258869	-0.037430	8545160192.000000
2018-01-16	-0.184400	0.000550	0.000550	-0.322292	-0.184400	8405139968.000000
2018-01-15	-0.054764	-0.001141	0.017428	-0.055730	-0.054764	4781100032.000000
2018-01-14	-0.021233	0.000759	0.002965	-0.078923	-0.021233	4841630208.000000
2018-01-13	0.096780	-0.002144	0.125416	-0.002144	0.096780	5746760192.000000
2018-01-12	0.102404	0.002909	0.122181	-0.030166	0.102404	5222300160.000000
2018-01-11	-0.080338	0.009771	0.064882	-0.096073	-0.080338	7235899904.000000
2018-01-10	-0.033791	0.000462	0.090510	-0.056273	-0.033791	9214950400.000000
2018-01-09	0.131655	-0.002203	0.150148	-0.002647	0.131655	7965459968.000000
2018-01-08	-0.004024	0.004414	0.098650	-0.118907	-0.004024	8450970112.000000
2018-01-07	0.107029	0.001277	0.107029	0.001277	0.107029	5569880064.000000
2018-01-06	0.044061	-0.002572	0.063134	-0.003105	0.044061	4662219776.000000
2018-01-05	0.017125	-0.005273	0.096305	-0.025075	0.017125	6683149824.000000
2018-01-04	0.018907	-0.001046	0.085549	-0.017278	0.018907	6502859776.000000
2018-01-03	0.088503	0.001759	0.101789	-0.018083	0.088503	5093159936.000000
2018-01-02	0.144702	-0.000382	0.184030	-0.000382	0.144702	5783349760.000000
2018-01-01	0.021022	-0.001290	0.034090	-0.019464	0.021022	2595760128.000000
2017-12-31	0.055037	-0.007034	0.060077	-0.009952	0.055037	2554269952.000000
2017-12-30	-0.048216	0.000296	0.000296	-0.090713	-0.048216	3187780096.000000
2017-12-29	0.022481	0.004567	0.044902	-0.010061	0.022481	2648969984.000000
2017-12-28	-0.033846	-0.000831	0.000625	-0.080823	-0.033846	2389149952.000000
2017-12-27	-0.014207	0.001465	0.019923	-0.045776	-0.014207	2100029952.000000
2017-12-26	0.010449	-0.003217	0.027364	-0.006397	0.010449	2201159936.000000
2017-12-25	0.103272	0.006803	0.127311	0.006803	0.103272	2491760128.000000
2017-12-24	-0.035084	0.003311	0.003311	-0.145214	-0.035084	2300549888.000000
2017-12-23	0.065980	0.009566	0.131931	0.007218	0.065980	2480339968.000000
2017-12-22	-0.178066	0.001924	0.008063	-0.337734	-0.178066	4977710080.000000
2017-12-21	0.002414	0.001404	0.075031	-0.032227	0.002414	3569060096.000000
2017-12-20	-0.009358	0.000838	0.022059	-0.085652	-0.009358	3969939968.000000
2017-12-19	0.040494	-0.000936	0.109859	-0.011707	0.040494	4096549888.000000
2017-12-18	0.103712	0.002440	0.116605	-0.042701	0.103712	3249230080.000000
2017-12-17	0.034136	0.000040	0.056902	0.000040	0.034136	2147389952.000000
2017-12-16	0.017183	0.002548	0.049583	-0.005350	0.017183	2165690112.000000
2017-12-15	-0.016338	0.000805	0.001891	-0.107435	-0.016338	2758710016.000000
2017-12-14	-0.009891	-0.003092	0.071651	-0.053756	-0.009891	3821580032.000000
2017-12-13	0.078805	-0.010016	0.148231	-0.082331	0.078805	4524539904.000000
2017-12-12	0.264581	0.013880	0.276009	-0.020659	0.264581	5179829760.000000
2017-12-11	0.166202	-0.003086	0.170352	-0.005925	0.166202	1771440000.000000
2017-12-10	-0.067119	-0.001506	-0.001506	-0.092899	-0.067119	1404179968.000000
2017-12-09	0.038311	0.002879	0.105510	0.000487	0.038311	2003849984.000000
2017-12-08	0.049776	0.001338	0.072867	-0.027718	0.049776	2336379904.000000
2017-12-07	0.013579	-0.005178	0.029886	-0.033078	0.013579	2129570048.000000
2017-12-06	-0.074885	-0.001461	-0.001237	-0.092970	-0.074885	1998259968.000000
2017-12-05	-0.014723	0.000191	0.007133	-0.026678	-0.014723	1216720000.000000
2017-12-04	0.009340	0.000431	0.019156	-0.026920	0.009340	1005550016.000000
2017-12-03	0.005187	0.000552	0.041785	-0.025023	0.005187	990556992.000000
2017-12-02	-0.006625	0.000667	0.020789	-0.021192	-0.006625	943649984.000000
2017-12-01	0.043448	-0.004261	0.057021	-0.042052	0.043448	1247879936.000000
2017-11-30	0.045824	0.008636	0.088823	-0.061470	0.045824	1903040000.000000
2017-11-29	-0.095959	0.000801	0.104472	-0.101144	-0.095959	2675940096.000000
2017-11-28	-0.015516	0.000339	0.004424	-0.029162	-0.015516	1346499968.000000
2017-11-27	0.019148	0.000426	0.046836	-0.006036	0.019148	1396480000.000000
2017-11-26	0.010839	-0.000648	0.013827	-0.031462	0.010839	1197779968.000000
2017-11-25	-0.018182	0.001611	0.021648	-0.029180	-0.018182	1422080000.000000
2017-11-24	0.157851	0.005693	0.172630	-0.018061	0.157851	2292829952.000000
2017-11-23	0.077535	0.002067	0.117945	-0.011990	0.077535	1845680000.000000
2017-11-22	0.056190	-0.000247	0.058321	-0.000705	0.056190	800819008.000000
2017-11-21	-0.017258	0.001944	0.015652	-0.043730	-0.017258	949912000.000000
2017-11-20	0.034832	-0.000824	0.050089	-0.003095	0.034832	807027008.000000
2017-11-19	0.019487	-0.000607	0.068119	-0.008262	0.019487	1181529984.000000
2017-11-18	0.045783	-0.001246	0.051812	-0.014161	0.045783	649638976.000000
2017-11-17	0.004442	-0.002288	0.012208	-0.010277	0.004442	621732992.000000
2017-11-16	-0.007298	0.000258	0.008405	-0.029251	-0.007298	797254016.000000
2017-11-15	-0.012659	0.000986	0.009718	-0.023156	-0.012659	722665984.000000
2017-11-14	0.066037	0.000148	0.074076	0.000148	0.066037	1069680000.000000
2017-11-13	0.028606	-0.002868	0.066601	-0.002868	0.028606	1041889984.000000
2017-11-12	-0.021523	0.000029	0.014211	-0.051379	-0.021523	1613479936.000000
2017-11-11	0.051555	-0.002229	0.067501	-0.003546	0.051555	842300992.000000
2017-11-10	-0.067411	-0.000664	0.011948	-0.082092	-0.067411	885985984.000000
2017-11-09	0.038224	-0.001375	0.065946	-0.006516	0.038224	893249984.000000
2017-11-08	0.048907	-0.001317	0.081596	-0.005281	0.048907	967955968.000000
2017-11-07	-0.014162	-0.001084	0.019907	-0.027184	-0.014162	540766016.000000
2017-11-06	0.008874	0.000554	0.030891	-0.008594	0.008874	579358976.000000
2017-11-05	-0.013998	-0.001438	0.003002	-0.017812	-0.013998	337657984.000000
2017-11-04	-0.017147	-0.000752	-0.000752	-0.032413	-0.017147	416479008.000000
2017-11-03	0.063605	0.003716	0.072658	0.000919	0.063605	646339968.000000
2017-11-02	-0.014622	-0.003322	0.007587	-0.036072	-0.014622	904900992.000000
2017-11-01	-0.046375	-0.000383	0.001707	-0.050007	-0.046375	553864000.000000
2017-10-31	-0.006083	-0.001212	0.009089	-0.006083	-0.006083	369583008.000000
2017-10-30	0.008729	-0.001003	0.017726	-0.002412	0.008729	331441984.000000
2017-10-29	0.029666	0.000280	0.058917	0.000280	0.029666	551752000.000000
2017-10-28	-0.003782	0.001654	0.009865	-0.012904	-0.003782	264424000.000000
2017-10-27	0.003022	-0.000064	0.009203	-0.008323	0.003022	257168992.000000
2017-10-26	-0.004692	0.000326	0.010543	-0.009069	-0.004692	270272992.000000
2017-10-25	-0.001351	0.000365	0.011802	-0.025509	-0.001351	325040000.000000
2017-10-24	0.039651	0.000592	0.087151	-0.014957	0.039651	684281024.000000
2017-10-23	-0.028757	-0.001185	0.001022	-0.060488	-0.028757	482336000.000000
2017-10-22	-0.015793	0.001206	0.017706	-0.024561	-0.015793	327387008.000000
2017-10-21	-0.012562	-0.001428	-0.000250	-0.040256	-0.012562	408014016.000000
2017-10-20	-0.013249	-0.000136	0.010873	-0.014911	-0.013249	396672992.000000
2017-10-19	-0.019824	0.000697	0.007620	-0.027014	-0.019824	349830016.000000
2017-10-18	-0.008714	-0.000435	0.000486	-0.083404	-0.008714	606113984.000000
2017-10-17	-0.048899	0.000300	0.000300	-0.064781	-0.048899	509924000.000000
2017-10-16	-0.009540	0.000345	0.037879	-0.013527	-0.009540	692884992.000000
2017-10-15	-0.008930	-0.000291	0.009095	-0.056535	-0.008930	635406976.000000
2017-10-14	0.002571	0.000280	0.027211	-0.011982	0.002571	516561984.000000
2017-10-13	0.113834	-0.000187	0.146185	-0.014727	0.113834	1304359936.000000
2017-10-12	0.002241	0.000138	0.018767	-0.000547	0.002241	527556992.000000
2017-10-11	0.011959	0.004372	0.015073	-0.002581	0.011959	264146000.000000
2017-10-10	0.008332	0.000703	0.029463	-0.014187	0.008332	359705984.000000
2017-10-09	-0.036344	0.000191	0.002284	-0.066178	-0.036344	559467008.000000
2017-10-08	-0.008087	-0.000209	0.004558	-0.009951	-0.008087	293167008.000000
2017-10-07	0.008218	0.000985	0.014719	-0.011708	0.008218	342204992.000000
2017-10-06	0.043010	-0.002393	0.043861	-0.003093	0.043010	318664000.000000
2017-10-05	0.010951	0.000393	0.018393	-0.013046	0.010951	253747008.000000
2017-10-04	0.000667	0.000995	0.023699	-0.005361	0.000667	257906000.000000
2017-10-03	-0.016848	0.000027	0.008861	-0.031404	-0.016848	321680000.000000
