2021-02-27	0.031405	0.000119	0.105778	0.000119	0.031405	126697613.780000
2021-02-26	0.022226	0.007067	0.076743	-0.062762	0.022226	132629066.370000
2021-02-25	-0.086130	-0.000717	0.042301	-0.086130	-0.086130	152468930.970000
2021-02-24	0.097616	0.001965	0.203714	-0.051618	0.097616	279468196.260000
2021-02-23	-0.167810	-0.001136	0.004358	-0.316861	-0.167810	341557648.110000
2021-02-22	-0.067222	0.001527	0.004227	-0.272474	-0.067222	317231033.820000
2021-02-21	0.013794	-0.004204	0.053652	-0.034564	0.013794	156950114.160000
2021-02-20	-0.069362	-0.000509	0.041973	-0.117165	-0.069362	255013927.790000
2021-02-19	0.006905	0.010888	0.067448	-0.042788	0.006905	342322930.400000
2021-02-18	0.136805	-0.000817	0.205008	-0.014915	0.136805	408335245.260000
2021-02-17	0.032900	0.000322	0.061356	-0.056402	0.032900	235064889.020000
2021-02-16	-0.012085	-0.003423	0.087177	-0.041803	-0.012085	333511576.720000
2021-02-15	0.070409	-0.002380	0.161063	-0.180215	0.070409	496828062.490000
2021-02-14	-0.091930	-0.001084	0.007066	-0.128594	-0.091930	247297193.930000
2021-02-13	0.059538	-0.000289	0.137643	-0.030507	0.059538	354775522.710000
2021-02-12	0.045724	-0.007605	0.081012	-0.076993	0.045724	376795724.370000
2021-02-11	0.332716	-0.003210	0.481975	-0.022668	0.332716	934230158.800000
2021-02-10	0.183576	0.000072	0.226146	-0.040379	0.183576	274655754.210000
2021-02-09	0.044129	-0.000244	0.123185	-0.011784	0.044129	241232229.890000
2021-02-08	0.285042	-0.000725	0.324446	-0.024319	0.285042	202840399.450000
2021-02-07	-0.002320	0.002407	0.061859	-0.053014	-0.002320	99620628.090000
2021-02-06	0.087270	-0.001175	0.191983	-0.032796	0.087270	205129351.180000
2021-02-05	0.171745	-0.000037	0.221580	-0.000037	0.171745	147996597.680000
2021-02-04	-0.025968	-0.000426	0.003854	-0.067499	-0.025968	53602577.470000
2021-02-03	0.053016	0.000008	0.060438	-0.003986	0.053016	48070062.520000
2021-02-02	0.035118	0.001281	0.043266	-0.011234	0.035118	41494305.110000
2021-02-01	0.016206	0.000802	0.045528	-0.030523	0.016206	46488076.580000
2021-01-31	-0.047115	0.000827	0.025801	-0.074959	-0.047115	43518572.030000
2021-01-30	0.037493	0.000228	0.072231	-0.028884	0.037493	51518411.730000
2021-01-29	0.014565	0.011077	0.045906	-0.027052	0.014565	56485963.400000
2021-01-28	0.032575	-0.000475	0.055165	-0.009218	0.032575	35353824.610000
2021-01-27	-0.092386	-0.001586	-0.001586	-0.124660	-0.092386	39597306.917086
2021-01-26	0.002413	-0.000674	0.015326	-0.044043	0.002413	37134884.157010
2021-01-25	-0.051858	-0.000262	0.031040	-0.058045	-0.051858	45520330.169013
2021-01-24	0.013572	0.000363	0.066959	-0.012794	0.013572	41530394.711370
2021-01-23	-0.014249	-0.000224	0.041434	-0.026085	-0.014249	40985252.898796
2021-01-22	0.081977	0.000048	0.119284	-0.068614	0.081977	58496921.442114
2021-01-21	-0.101723	0.002175	0.053798	-0.108363	-0.101723	86327768.623896
2021-01-20	-0.000886	-0.001280	0.030127	-0.082616	-0.000886	51586970.262015
2021-01-19	-0.013031	0.001226	0.059457	-0.028925	-0.013031	64935905.659326
2021-01-18	0.093941	0.001382	0.117027	-0.039416	0.093941	78156653.095990
2021-01-17	0.021015	-0.002314	0.043681	-0.060886	0.021015	45209516.360601
2021-01-16	-0.009943	0.001930	0.053179	-0.033365	-0.009943	55033051.113658
2021-01-15	0.017297	0.001303	0.069444	-0.086365	0.017297	68908954.751251
2021-01-14	0.019066	-0.001142	0.081621	-0.030943	0.019066	48666768.120563
2021-01-13	0.153912	-0.001619	0.157787	-0.034450	0.153912	52741201.098421
2021-01-12	-0.024825	-0.000530	0.041040	-0.055678	-0.024825	40350215.365097
2021-01-11	-0.137341	-0.000891	-0.000123	-0.230416	-0.137341	68731536.191778
2021-01-10	-0.019967	0.000356	0.086565	-0.114716	-0.019967	89703670.273383
2021-01-09	0.181259	0.000746	0.284441	0.000746	0.181259	168732250.617461
2021-01-08	-0.037510	-0.000026	0.003403	-0.097407	-0.037510	42792494.073186
2021-01-07	0.008685	0.003393	0.063237	-0.054277	0.008685	67880369.776389
2021-01-06	0.077433	0.001960	0.128815	-0.026792	0.077433	79394660.017364
2021-01-05	0.024368	-0.001722	0.115706	-0.078641	0.024368	88086746.513792
2021-01-04	0.113827	0.000626	0.134480	-0.094659	0.113827	60563730.183340
2021-01-03	0.081300	0.000807	0.096133	-0.027805	0.081300	36641055.942887
2021-01-02	-0.017601	-0.000442	0.019837	-0.042991	-0.017601	25174949.158577
2021-01-01	-0.018678	0.000001	0.020908	-0.021313	-0.018678	15791601.463229
2020-12-31	0.004719	-0.000845	0.020173	-0.042118	0.004719	26769897.521374
2020-12-30	-0.022454	-0.000929	0.012459	-0.044845	-0.022454	15285444.020841
2020-12-29	-0.010800	0.000124	0.015507	-0.068644	-0.010800	18297576.607293
2020-12-28	0.025239	-0.000149	0.067326	-0.009269	0.025239	21730246.402990
2020-12-27	0.043987	0.000431	0.101142	-0.044569	0.043987	34715111.280550
2020-12-26	-0.020561	0.000508	0.035209	-0.037138	-0.020561	21748448.908150
2020-12-25	-0.007424	0.000153	0.046729	-0.019087	-0.007424	19317764.768385
2020-12-24	0.106380	0.001460	0.109521	-0.014441	0.106380	21414464.615627
2020-12-23	-0.136794	0.000053	0.072959	-0.175240	-0.136794	42748028.475409
2020-12-22	0.004983	-0.003053	0.017038	-0.060974	0.004983	17332830.491946
2020-12-21	-0.054929	-0.000008	0.022095	-0.074772	-0.054929	21409917.091746
2020-12-20	-0.049015	-0.000376	0.007190	-0.067123	-0.049015	21321682.963312
2020-12-19	0.050964	-0.000516	0.066830	-0.002643	0.050964	21713203.750090
2020-12-18	0.012658	-0.000738	0.033365	-0.019311	0.012658	17510265.365878
2020-12-17	-0.023398	-0.000071	0.042745	-0.040698	-0.023398	31788052.083529
2020-12-16	0.076621	0.000800	0.087881	-0.023312	0.076621	21159025.845368
2020-12-15	0.008292	0.000008	0.022266	-0.023885	0.008292	12064174.687947
2020-12-14	0.003990	0.000610	0.012640	-0.030798	0.003990	11695970.181388
2020-12-13	0.035929	0.000671	0.050047	-0.013570	0.035929	11402090.555551
2020-12-12	0.056716	-0.001477	0.079319	-0.001477	0.056716	13558416.456947
2020-12-11	-0.035920	0.000146	0.000146	-0.059499	-0.035920	16215433.051741
2020-12-10	-0.079135	-0.000053	0.001574	-0.080681	-0.079135	16303251.193431
2020-12-09	0.032438	-0.001391	0.038435	-0.043622	0.032438	15783421.988988
2020-12-08	-0.060183	0.000143	0.013858	-0.070120	-0.060183	16320473.288261
2020-12-07	-0.057952	-0.000129	0.000783	-0.078806	-0.057952	21093891.283371
2020-12-06	-0.009755	-0.000013	0.012490	-0.044299	-0.009755	9628385.666812
2020-12-05	0.059231	0.000809	0.070093	-0.008366	0.059231	12285542.030934
2020-12-04	-0.074366	0.000069	0.006113	-0.084351	-0.074366	14782203.703163
2020-12-03	0.010726	0.000433	0.033107	-0.010826	0.010726	15314662.144590
2020-12-02	0.054481	0.000629	0.057478	-0.015689	0.054481	16075906.065751
2020-12-01	-0.069765	0.000528	0.025329	-0.096016	-0.069765	27933097.688395
2020-11-30	0.025023	0.000137	0.063522	-0.024564	0.025023	27659098.596762
2020-11-29	0.013436	0.002063	0.048135	-0.031582	0.013436	20497050.984598
2020-11-28	0.081969	0.000316	0.119538	-0.030648	0.081969	24458399.133480
2020-11-27	0.030243	0.002037	0.068569	-0.038029	0.030243	23917911.984585
2020-11-26	-0.145463	0.000072	0.012513	-0.220845	-0.145463	49823165.094855
2020-11-25	-0.072655	0.000222	0.047851	-0.113713	-0.072655	51310507.719099
2020-11-24	0.067610	0.000346	0.177652	-0.024458	0.067610	82166262.688408
2020-11-23	0.129296	0.000000	0.139755	-0.014933	0.129296	50462838.068244
2020-11-22	-0.017932	0.000000	0.040060	-0.102573	-0.017932	44631384.767626
2020-11-21	0.219402	0.000000	0.219402	0.000000	0.219402	44604049.832014
2020-11-20	0.047093	-0.000000	0.047131	-0.004707	0.047093	13834225.322940
2020-11-19	-0.011941	0.000011	0.001881	-0.023061	-0.011941	9450622.644772
2020-11-18	-0.034646	-0.000019	0.007827	-0.055109	-0.034646	13585725.715190
2020-11-17	0.046836	0.007574	0.051808	0.003638	0.046836	12113589.561456
2020-11-16	0.017410	-0.000000	0.031243	-0.005712	0.017410	8703462.793880
2020-11-15	-0.013082	-0.000000	0.016630	-0.031471	-0.013082	6677585.207754
2020-11-14	-0.014602	0.000000	0.004823	-0.030237	-0.014602	10959553.730050
2020-11-13	0.032753	0.000006	0.035656	-0.009935	0.032753	8016837.278546
2020-11-12	-0.009957	0.000001	0.028359	-0.014059	-0.009957	9537269.634832
2020-11-11	-0.014356	0.000001	0.017572	-0.015891	-0.014356	9289844.972759
2020-11-10	0.012258	-0.000003	0.023774	-0.009790	0.012258	10065005.357491
2020-11-09	-0.055173	0.000000	0.007452	-0.077172	-0.055173	18633032.457592
2020-11-08	0.033333	-0.000000	0.039188	-0.013717	0.033333	7680705.958923
2020-11-07	-0.034556	0.000000	0.038288	-0.055501	-0.034556	14113961.842107
2020-11-06	0.069723	-0.000046	0.077724	-0.002664	0.069723	13832227.304997
2020-11-05	0.055569	0.000001	0.063902	-0.028852	0.055569	12278861.436680
2020-11-04	-0.033831	0.000009	0.008114	-0.074220	-0.033831	15443850.645874
2020-11-03	-0.006688	-0.000003	0.006304	-0.037657	-0.006688	11110776.580147
2020-11-02	-0.020450	0.000000	0.027821	-0.024001	-0.020450	8869227.193404
2020-11-01	-0.006407	0.000000	0.005379	-0.020118	-0.006407	8132346.345272
2020-10-31	-0.017297	0.000000	0.016979	-0.019635	-0.017297	7037646.841461
2020-10-30	-0.006884	0.000001	0.006515	-0.049007	-0.006884	10089228.052262
2020-10-29	-0.034270	-0.000039	0.014201	-0.054108	-0.034270	11206851.438472
2020-10-28	-0.031612	0.000001	0.007118	-0.048165	-0.031612	11488927.537610
2020-10-27	0.011042	-0.000000	0.037100	-0.009261	0.011042	14792137.310819
2020-10-26	-0.013785	0.000001	0.027858	-0.037572	-0.013785	13070862.501379
2020-10-25	-0.033931	0.000000	0.010906	-0.040537	-0.033931	10476660.300122
2020-10-24	0.042860	0.000002	0.048916	-0.006354	0.042860	10000606.441599
2020-10-23	-0.022727	0.000230	0.001023	-0.038572	-0.022727	13800272.465032
2020-10-22	0.000740	-0.000827	0.032446	-0.002376	0.000740	12483415.439276
2020-10-21	0.066117	-0.000899	0.080065	-0.002151	0.066117	11941582.181621
2020-10-20	-0.045431	-0.000315	0.000403	-0.047836	-0.045431	9235436.147926
2020-10-19	0.015037	-0.000275	0.026081	-0.024491	0.015037	8104060.723271
2020-10-18	0.011038	0.000115	0.014435	0.000115	0.011038	4006836.038418
2020-10-17	0.021688	0.000023	0.031211	-0.012995	0.021688	5286868.193695
2020-10-16	-0.043083	-0.000029	0.016961	-0.050973	-0.043083	8621259.073846
2020-10-15	0.005325	-0.001378	0.006286	-0.033145	0.005325	9229518.955231
2020-10-14	-0.037567	0.000388	0.010344	-0.054805	-0.037567	10892439.703663
2020-10-13	-0.020405	-0.002624	0.012400	-0.033355	-0.020405	9394261.559716
2020-10-12	-0.051291	0.000186	0.002112	-0.073282	-0.051291	14010723.540946
2020-10-11	0.105319	-0.008983	0.191790	-0.010105	0.105319	20521832.708634
2020-10-10	0.025299	-0.000430	0.089414	-0.009404	0.025299	15105977.151952
2020-10-09	0.034053	0.003535	0.034803	-0.005504	0.034053	10133449.026047
2020-10-08	0.020502	0.002626	0.024043	-0.036457	0.020502	8765786.794389
2020-10-07	0.013413	0.000024	0.020314	-0.032700	0.013413	9128974.936695
2020-10-06	-0.067322	-0.000435	-0.000417	-0.073353	-0.067322	13363689.243853
2020-10-05	-0.013606	-0.001109	0.012368	-0.026809	-0.013606	8670580.079031
2020-10-04	0.037436	0.000306	0.046243	-0.003960	0.037436	8458066.633825
2020-10-03	-0.011533	0.001733	0.042384	-0.011533	-0.011533	17425253.933550
2020-10-02	-0.013585	0.000578	0.024910	-0.064470	-0.013585	19252489.777547
2020-10-01	-0.038874	0.000711	0.018508	-0.066939	-0.038874	14286406.352556
2020-09-30	0.033777	-0.000008	0.048644	-0.035999	0.033777	13329937.189105
2020-09-29	0.017818	-0.000676	0.038323	-0.023135	0.017818	8075409.434028
2020-09-28	0.035429	0.000772	0.084817	0.000769	0.035429	10550661.117846
2020-09-27	-0.016045	-0.000372	0.012299	-0.044132	-0.016045	6075746.539103
2020-09-26	0.032400	0.000405	0.033752	-0.016761	0.032400	5855941.064204
2020-09-25	0.035523	0.000921	0.057956	-0.030525	0.035523	8564331.335032
2020-09-24	0.061607	0.000693	0.079495	-0.010067	0.061607	5944434.491152
2020-09-23	-0.043753	0.004138	0.041041	-0.046709	-0.043753	7928217.747762
2020-09-22	0.009056	-0.000280	0.023580	-0.039507	0.009056	7562523.000382
2020-09-21	-0.083889	0.000350	0.018540	-0.104440	-0.083889	12456023.569999
2020-09-20	-0.032288	0.001314	0.002484	-0.059100	-0.032288	8422416.714540
2020-09-19	-0.004368	-0.002252	0.020864	-0.007837	-0.004368	5032435.453193
2020-09-18	-0.029156	0.000000	0.002408	-0.042274	-0.029156	8525936.410834
2020-09-17	0.033884	0.000522	0.046380	-0.015336	0.033884	8055321.317695
2020-09-16	-0.006030	-0.000573	0.022677	-0.019155	-0.006030	7413877.649783
2020-09-15	-0.040585	0.000382	0.011375	-0.044819	-0.040585	8309017.245982
2020-09-14	0.008284	0.000634	0.039824	-0.027444	0.008284	9677013.526712
2020-09-13	-0.053969	0.000000	0.014642	-0.076489	-0.053969	12018680.810764
2020-09-12	0.022735	0.000000	0.022735	-0.025387	0.022735	9173264.969025
2020-09-11	-0.023154	0.000000	0.002532	-0.063243	-0.023154	11405052.228239
2020-09-10	0.046764	-0.001600	0.061369	-0.001600	0.046764	12792219.086660
2020-09-09	0.038493	-0.000088	0.067657	-0.016646	0.038493	11237796.629441
2020-09-08	-0.024551	-0.000460	0.046176	-0.059694	-0.024551	18009224.915402
2020-09-07	-0.012039	0.000150	0.006515	-0.080836	-0.012039	16143254.698258
2020-09-06	0.083323	0.000000	0.107240	-0.038082	0.083323	19908751.473026
2020-09-05	-0.089767	-0.001919	0.017963	-0.131465	-0.089767	22343225.840495
2020-09-04	0.050756	-0.001040	0.078919	-0.028904	0.050756	30547218.945252
2020-09-03	-0.182551	-0.000380	0.009696	-0.196349	-0.182551	30711727.608700
2020-09-02	-0.076796	-0.000056	0.005678	-0.122128	-0.076796	32809903.154759
2020-09-01	0.009181	-0.001377	0.038070	-0.017320	0.009181	40442437.371778
2020-08-31	-0.005914	-0.000121	0.017382	-0.021768	-0.005914	32321712.702071
2020-08-30	-0.009187	-0.002152	0.019636	-0.026493	-0.009187	32702205.120452
2020-08-29	0.056979	0.001085	0.068760	-0.006493	0.056979	30110551.594429
2020-08-28	0.028101	0.000293	0.046020	-0.013294	0.028101	29829437.613668
2020-08-27	-0.052163	-0.001817	0.007020	-0.092748	-0.052163	41565967.006016
2020-08-26	-0.016161	-0.000405	0.002898	-0.044431	-0.016161	36720578.020668
2020-08-25	-0.077988	0.000426	0.000426	-0.105650	-0.077988	35224687.841245
2020-08-24	0.022573	0.000000	0.031907	-0.022194	0.022573	18649652.166588
2020-08-23	-0.044212	0.000481	0.005119	-0.061484	-0.044212	18529822.213497
2020-08-22	0.081333	0.000000	0.083444	-0.018333	0.081333	28412050.651728
2020-08-21	-0.062732	0.001835	0.099989	-0.062732	-0.062732	50773913.236214
2020-08-20	0.069383	0.000512	0.070752	-0.009842	0.069383	22224043.645165
2020-08-19	-0.058674	0.000000	0.013168	-0.085173	-0.058674	29519169.415483
2020-08-18	-0.041096	-0.001950	0.010352	-0.067454	-0.041096	29222320.769876
2020-08-17	-0.028701	0.000000	0.004999	-0.041290	-0.028701	28424481.883803
2020-08-16	0.009140	0.000643	0.026769	-0.036334	0.009140	34278792.557792
2020-08-15	0.032746	-0.000563	0.078748	-0.028093	0.032746	41108430.376045
2020-08-14	0.069281	-0.000064	0.091754	-0.004141	0.069281	33308616.495689
2020-08-13	-0.018886	-0.000721	0.049751	-0.042846	-0.018886	37128929.755863
2020-08-12	0.052226	0.000406	0.053763	-0.065489	0.052226	45902197.703998
2020-08-11	-0.036705	-0.000609	0.074849	-0.065187	-0.036705	80318198.607827
2020-08-10	0.101637	0.001689	0.110265	-0.001910	0.101637	44262825.965749
2020-08-09	0.051505	-0.000392	0.058324	-0.001164	0.051505	36848623.040679
2020-08-08	0.036290	0.000046	0.052109	-0.008904	0.036290	22484745.360729
2020-08-07	0.011558	-0.000045	0.052430	-0.009025	0.011558	26070061.741704
2020-08-06	0.031001	0.000598	0.050666	-0.017027	0.031001	24154818.256341
2020-08-05	-0.004456	0.000386	0.009359	-0.011895	-0.004456	15996752.861718
2020-08-04	0.020818	-0.000004	0.033254	-0.009657	0.020818	18300284.809419
2020-08-03	0.044885	0.000629	0.063643	-0.006859	0.044885	20208659.120238
2020-08-02	-0.079275	0.000881	0.026757	-0.096439	-0.079275	30405120.826243
2020-08-01	0.043928	0.000000	0.050239	-0.007489	0.043928	25058192.358431
2020-07-31	-0.004594	-0.001243	0.006398	-0.023563	-0.004594	20238033.581144
2020-07-30	0.052209	-0.000087	0.073694	-0.005560	0.052209	35256664.958706
2020-07-29	0.052953	-0.000190	0.072864	-0.004537	0.052953	21997987.613856
2020-07-28	0.001310	0.000436	0.029834	-0.011920	0.001310	23879021.383956
2020-07-27	0.010258	-0.000100	0.026503	-0.061744	0.010258	26968286.028795
2020-07-26	-0.024154	-0.000260	0.014234	-0.026950	-0.024154	19108399.825874
2020-07-25	0.032145	0.000495	0.036680	-0.000186	0.032145	16421658.136191
2020-07-24	-0.041811	0.001020	0.001762	-0.043527	-0.041811	17449910.779911
2020-07-23	0.002688	-0.000168	0.025551	-0.013441	0.002688	21497810.441763
2020-07-22	0.047534	-0.000616	0.051486	-0.006592	0.047534	22365145.917382
2020-07-21	0.059378	-0.000162	0.074560	-0.002762	0.059378	25213658.968830
2020-07-20	0.009206	0.000589	0.029876	-0.006595	0.009206	18557261.911952
2020-07-19	0.038921	-0.000658	0.043349	-0.004710	0.038921	12585531.249429
2020-07-18	-0.009834	0.000000	0.004960	-0.010940	-0.009834	9923058.969206
2020-07-17	-0.001452	0.000115	0.005090	-0.012237	-0.001452	11522044.014094
2020-07-16	-0.015874	0.000128	0.004308	-0.060839	-0.015874	15817181.928619
2020-07-15	-0.013521	0.000442	0.007494	-0.019690	-0.013521	13835098.943321
2020-07-14	-0.002003	-0.000876	0.016601	-0.016908	-0.002003	16417155.184184
2020-07-13	-0.007843	0.000000	0.044394	-0.020050	-0.007843	20111913.765062
2020-07-12	0.004044	0.000453	0.013506	-0.018479	0.004044	15209896.383417
2020-07-11	-0.003141	0.000017	0.007536	-0.019281	-0.003141	14028436.684864
2020-07-10	-0.019529	-0.000471	-0.000471	-0.063131	-0.019529	16963393.903684
2020-07-09	-0.000477	0.000000	0.043225	-0.029013	-0.000477	22938494.739160
2020-07-08	0.047913	-0.000365	0.067611	-0.007387	0.047913	23152366.285909
2020-07-07	-0.008605	-0.000711	0.003070	-0.036508	-0.008605	13774567.259063
2020-07-06	0.043600	0.000000	0.049342	-0.005067	0.043600	18120626.573179
2020-07-05	-0.015055	-0.000596	0.006917	-0.046657	-0.015055	16410801.967701
2020-07-04	0.063844	0.000127	0.072898	-0.004473	0.063844	15916528.662143
2020-07-03	-0.030887	-0.003066	0.002767	-0.037983	-0.030887	11277788.360300
2020-07-02	0.009384	0.000999	0.042972	-0.039992	0.009384	12881702.009672
2020-07-01	0.018462	-0.000450	0.033955	-0.014400	0.018462	14935841.182822
2020-06-30	0.051999	-0.001529	0.054767	-0.019505	0.051999	14073488.163670
2020-06-29	0.027254	0.000000	0.033955	-0.022223	0.027254	11217000.621298
2020-06-28	0.025815	0.000000	0.044811	-0.015663	0.025815	10058051.992755
2020-06-27	-0.050467	-0.000051	0.015530	-0.077607	-0.050467	11404281.411045
2020-06-26	-0.026155	-0.000648	0.004542	-0.039492	-0.026155	10215808.644775
2020-06-25	-0.000554	0.000346	0.011122	-0.041383	-0.000554	10988699.501190
2020-06-24	-0.037080	0.000124	0.023910	-0.059197	-0.037080	11591132.885939
2020-06-23	-0.008150	0.000832	0.004404	-0.019338	-0.008150	13464146.867010
2020-06-22	0.060432	0.000252	0.062635	-0.000630	0.060432	13208092.947731
2020-06-21	0.001031	-0.000545	0.019333	-0.004916	0.001031	10420762.036978
2020-06-20	-0.002790	0.000000	0.011285	-0.026908	-0.002790	11785555.743831
2020-06-19	-0.025793	-0.000332	0.002261	-0.027241	-0.025793	12577504.821898
2020-06-18	-0.004886	-0.000004	0.011173	-0.012660	-0.004886	11233327.680389
2020-06-17	0.025239	-0.000584	0.040109	-0.006073	0.025239	13488403.058665
2020-06-16	0.004934	-0.001363	0.017889	-0.012081	0.004934	10738050.606673
2020-06-15	-0.017942	0.000000	0.003233	-0.080188	-0.017942	13366040.221965
2020-06-14	-0.026617	0.000447	0.003617	-0.028248	-0.026617	11200821.290325
2020-06-13	0.017072	0.000120	0.023502	-0.007335	0.017072	12299321.742150
2020-06-12	0.007181	-0.000970	0.032629	-0.026538	0.007181	20714653.106898
2020-06-11	-0.108794	-0.000269	0.004128	-0.126680	-0.108794	17222857.733674
2020-06-10	0.012094	0.000774	0.013423	-0.022979	0.012094	12752154.665864
2020-06-09	0.028068	-0.001016	0.040220	-0.008893	0.028068	20383092.211154
2020-06-08	-0.001175	0.000553	0.008673	-0.020667	-0.001175	14607491.771715
2020-06-07	-0.008187	0.000472	0.014306	-0.047051	-0.008187	16563363.027190
2020-06-06	0.003668	0.000000	0.033295	-0.017749	0.003668	15707197.152769
2020-06-05	-0.029930	-0.000250	0.023088	-0.033555	-0.029930	18857754.071655
2020-06-04	-0.002791	0.000983	0.029308	-0.035980	-0.002791	22691430.943057
2020-06-03	0.074733	0.000346	0.074806	-0.001750	0.074733	23275627.989852
2020-06-02	-0.013347	0.000215	0.050979	-0.054504	-0.013347	26787404.383419
2020-06-01	0.073763	0.000188	0.075771	-0.002692	0.073763	24306846.083349
2020-05-31	0.006422	0.000000	0.101362	-0.017585	0.006422	39675005.554841
2020-05-30	0.084450	0.000000	0.084884	-0.009953	0.084450	19795799.289458
2020-05-29	-0.007654	0.000648	0.009309	-0.030057	-0.007654	13333646.190461
2020-05-28	0.029237	-0.001085	0.032980	-0.010902	0.029237	13077062.915442
2020-05-27	0.016952	0.000000	0.030903	-0.001199	0.016952	15504788.330901
2020-05-26	-0.020838	0.000505	0.002337	-0.044396	-0.020838	14870712.917139
2020-05-25	0.032868	-0.000118	0.035430	-0.012474	0.032868	14506850.555973
2020-05-24	-0.044381	0.000090	0.010808	-0.045531	-0.044381	14162595.382601
2020-05-23	-0.010983	0.000342	0.030303	-0.016595	-0.010983	16796123.501153
2020-05-22	0.077780	0.000705	0.087955	-0.011497	0.077780	17631908.316480
2020-05-21	-0.055337	-0.000602	0.009010	-0.088513	-0.055337	16569756.071295
2020-05-20	-0.014454	-0.002099	0.017572	-0.028536	-0.014454	15137941.041513
2020-05-19	-0.011679	0.000286	0.001699	-0.021871	-0.011679	13875162.058903
2020-05-18	0.024035	0.000895	0.032326	-0.005632	0.024035	13763224.970373
2020-05-17	0.014001	0.000000	0.042451	-0.002335	0.014001	12938709.027721
2020-05-16	-0.007524	-0.000182	0.018207	-0.013011	-0.007524	13295192.927370
2020-05-15	-0.046459	-0.000146	0.009256	-0.051132	-0.046459	20667915.698606
2020-05-14	0.082056	-0.001399	0.102392	-0.017213	0.082056	22216447.668253
2020-05-13	0.035769	0.000000	0.050409	-0.005040	0.035769	14836069.546223
2020-05-12	0.045614	0.001914	0.060772	-0.006395	0.045614	14649574.160718
2020-05-11	-0.035074	-0.000788	0.010665	-0.069447	-0.035074	13455208.675408
2020-05-10	-0.072143	0.000629	0.000739	-0.138474	-0.072143	17365535.559874
2020-05-09	-0.014591	0.002317	0.069273	-0.015865	-0.014591	26066399.166202
2020-05-08	0.089914	0.000023	0.109525	-0.012734	0.089914	18693861.537400
2020-05-07	0.023105	-0.000962	0.043034	-0.007497	0.023105	13905323.530643
2020-05-06	-0.039730	0.000091	0.008370	-0.039730	-0.039730	13527249.119487
2020-05-05	0.025073	0.000638	0.037530	-0.009227	0.025073	11617410.513700
2020-05-04	0.000413	0.000764	0.025797	-0.046315	0.000413	10961821.439192
2020-05-03	-0.044260	-0.000192	0.012877	-0.056284	-0.044260	8195694.841761
2020-05-02	0.046865	0.000203	0.049861	-0.002452	0.046865	10378542.839804
2020-05-01	0.033553	0.000000	0.061488	0.000000	0.033553	11509778.560779
2020-04-30	-0.051364	-0.000252	0.024993	-0.066873	-0.051364	15855876.187092
2020-04-29	0.066586	0.000698	0.076018	-0.001333	0.066586	17114207.761603
2020-04-28	0.004695	0.000385	0.005259	-0.026490	0.004695	11071680.576784
2020-04-27	-0.010934	0.000369	0.005869	-0.046020	-0.010934	11452104.218618
2020-04-26	0.033547	0.000306	0.045433	-0.001494	0.033547	12426411.495928
2020-04-25	0.010636	-0.000160	0.033171	-0.010912	0.010636	13042673.393827
2020-04-24	0.064622	-0.000070	0.064622	-0.000448	0.064622	14673552.777153
2020-04-23	0.014922	0.001402	0.034696	-0.014064	0.014922	12828357.429453
2020-04-22	0.020899	-0.001974	0.033724	-0.007185	0.020899	11046922.553625
2020-04-21	-0.013091	0.001634	0.012225	-0.027662	-0.013091	16587842.858696
2020-04-20	-0.019627	-0.002657	0.072108	-0.056070	-0.019627	27153196.558302
2020-04-19	-0.032355	-0.000884	0.008722	-0.038725	-0.032355	12840607.823637
2020-04-18	0.034644	0.000510	0.043476	-0.003068	0.034644	11408121.372050
2020-04-17	-0.004839	0.000313	0.008548	-0.016334	-0.004839	8988555.497503
2020-04-16	0.069077	0.001431	0.082052	-0.030912	0.069077	11536131.171573
2020-04-15	-0.064415	-0.001180	0.009300	-0.069840	-0.064415	9608087.397424
2020-04-14	-0.008886	0.000755	0.021899	-0.018042	-0.008886	8647905.296457
2020-04-13	-0.015415	0.002272	0.002272	-0.045021	-0.015415	9345711.587945
2020-04-12	0.012132	0.001084	0.034575	-0.021061	0.012132	8582422.584270
2020-04-11	-0.003076	0.000000	0.021185	-0.024659	-0.003076	8466808.500433
2020-04-10	-0.074035	-0.000304	0.000288	-0.115636	-0.074035	11223232.796266
2020-04-09	0.004351	0.000233	0.008657	-0.025950	0.004351	9734556.780300
2020-04-08	0.056034	0.000462	0.057445	-0.003912	0.056034	10830060.530580
2020-04-07	-0.007669	0.001593	0.071128	-0.010629	-0.007669	13150813.287195
2020-04-06	0.104033	0.001039	0.104871	-0.001656	0.104033	14326612.945870
2020-04-05	-0.024389	0.000486	0.001171	-0.041839	-0.024389	7889701.021992
2020-04-04	0.011869	0.000000	0.017574	-0.021098	0.011869	8521925.681905
2020-04-03	0.018289	-0.001861	0.050859	-0.010619	0.018289	11215130.916313
2020-04-02	-0.013101	-0.001705	0.015881	-0.036324	-0.013101	10837015.096868
2020-04-01	-0.029015	0.000000	0.021662	-0.092048	-0.029015	9621407.626482
2020-03-31	0.085617	-0.001843	0.088840	-0.008064	0.085617	10615456.134029
2020-03-30	0.082369	-0.002038	0.102369	-0.002038	0.082369	10191507.668496
2020-03-29	-0.052725	0.002079	0.002079	-0.055631	-0.052725	8518255.487334
2020-03-28	-0.006829	0.000645	0.006388	-0.050202	-0.006829	9624809.227294
2020-03-27	-0.045465	0.000304	0.024696	-0.045465	-0.045465	4495027.480822
2020-03-26	0.021822	0.000000	0.024270	-0.033723	0.021822	3868428.156254
2020-03-25	-0.012146	0.000944	0.012293	-0.028202	-0.012146	10987289.220488
2020-03-24	0.016323	-0.002084	0.019922	-0.038183	0.016323	13213612.706309
2020-03-23	0.126779	0.000000	0.132151	-0.018524	0.126779	14284311.823883
2020-03-22	-0.114073	-0.000275	0.017681	-0.117366	-0.114073	11568547.047574
2020-03-21	-0.023466	-0.000059	0.044235	-0.074121	-0.023466	14925146.039196
2020-03-20	-0.132288	0.000093	0.074679	-0.197743	-0.132288	20310928.979870
2020-03-19	0.376026	-0.000222	0.414698	-0.000578	0.376026	22710819.068374
2020-03-18	0.021271	0.000409	0.045578	-0.053298	0.021271	13200892.692511
2020-03-17	0.096538	0.000500	0.131961	-0.006977	0.096538	14702715.941350
2020-03-16	-0.165261	-0.000587	-0.000525	-0.261047	-0.165261	16399665.047738
2020-03-15	-0.108072	0.000000	0.105179	-0.111094	-0.108072	8996003.390921
2020-03-14	0.135601	0.002443	0.180129	-0.078748	0.135601	13858950.684053
2020-03-13	0.151524	-0.004059	0.264078	-0.296541	0.151524	26677957.127004
2020-03-12	-0.419325	0.000832	0.003746	-0.419762	-0.419325	19968009.448611
2020-03-11	-0.015652	-0.001204	0.015547	-0.065175	-0.015652	13132536.935758
2020-03-10	0.033157	0.002077	0.040491	-0.019398	0.033157	13844957.457844
2020-03-09	-0.007089	-0.001419	0.029786	-0.067671	-0.007089	14472155.217665
2020-03-08	-0.138578	-0.000086	0.001150	-0.145662	-0.138578	11954007.385619
2020-03-07	-0.036701	-0.000363	0.028217	-0.039193	-0.036701	8533802.599590
2020-03-06	0.008804	-0.000422	0.013483	-0.018976	0.008804	7563825.303903
2020-03-05	0.034958	0.000071	0.070838	0.000071	0.034958	10323856.047541
2020-03-04	-0.007464	0.000000	0.003300	-0.019511	-0.007464	7279425.234878
2020-03-03	0.005471	-0.000247	0.023584	-0.015081	0.005471	7549975.545987
2020-03-02	0.055886	0.000969	0.069208	-0.009223	0.055886	6376124.918771
2020-03-01	-0.015662	0.000000	0.029305	-0.034572	-0.015662	5944197.054237
2020-02-29	-0.005638	-0.001056	0.023667	-0.014728	-0.005638	6142730.922693
2020-02-28	0.003560	-0.000627	0.028013	-0.043363	0.003560	9263861.369968
2020-02-27	-0.013686	0.000576	0.050279	-0.061771	-0.013686	16234446.852005
2020-02-26	-0.124044	-0.000339	0.000843	-0.145755	-0.124044	17855991.690943
2020-02-25	-0.048744	-0.000644	0.000305	-0.058858	-0.048744	10921157.940545
2020-02-24	-0.057011	0.000381	0.006129	-0.075475	-0.057011	10340994.630422
2020-02-23	0.024982	0.000008	0.031738	-0.001729	0.024982	9027998.261089
2020-02-22	0.011927	0.001161	0.020495	-0.018027	0.011927	8769991.736291
2020-02-21	0.008501	-0.002048	0.027871	-0.005708	0.008501	11268953.663672
2020-02-20	-0.009644	-0.002524	0.009926	-0.038231	-0.009644	15899075.961262
2020-02-19	-0.087005	0.000505	0.000505	-0.097438	-0.087005	17696799.293119
2020-02-18	0.037671	-0.000543	0.037671	-0.038079	0.037671	19145123.031472
2020-02-17	0.015390	-0.000066	0.015390	-0.065867	0.015390	24045999.531259
2020-02-16	-0.035905	0.000000	0.027371	-0.091672	-0.035905	24126817.511926
2020-02-15	-0.107047	0.000000	0.005726	-0.123763	-0.107047	25643898.939302
2020-02-14	0.003881	-0.000348	0.009416	-0.030745	0.003881	27153898.730532
2020-02-13	-0.034402	-0.000548	0.038831	-0.066341	-0.034402	36097641.978255
2020-02-12	0.009863	-0.000252	0.068297	-0.005865	0.009863	42078416.307389
2020-02-11	0.041872	-0.000515	0.052893	-0.028428	0.041872	42128301.020264
2020-02-10	-0.011329	-0.000324	0.025399	-0.058353	-0.011329	24302128.243964
2020-02-09	0.047614	0.000437	0.048994	0.000027	0.047614	18379098.821419
2020-02-08	-0.044880	-0.000059	0.000833	-0.057623	-0.044880	20175709.207692
2020-02-07	-0.029604	-0.000460	0.001991	-0.035265	-0.029604	17253948.700071
2020-02-06	0.014442	0.000011	0.057139	-0.004384	0.014442	26353731.758977
2020-02-05	-0.015376	0.000000	0.028751	-0.024603	-0.015376	33013628.595445
2020-02-04	-0.008278	0.000147	0.026343	-0.053216	-0.008278	36298174.017641
2020-02-03	0.082076	0.000000	0.194987	-0.003592	0.082076	55125225.283634
2020-02-02	0.011150	-0.001045	0.042085	-0.036212	0.011150	18289539.045263
2020-02-01	0.038472	0.000845	0.038757	-0.013727	0.038472	11189601.255047
2020-01-31	0.001033	0.000326	0.004886	-0.039460	0.001033	13380056.091762
2020-01-30	-0.031518	-0.001339	-0.001339	-0.074327	-0.031518	25879084.501399
2020-01-29	0.060750	0.000279	0.081665	-0.013886	0.060750	29874958.022828
2020-01-28	0.136822	-0.000146	0.144161	-0.009195	0.136822	21035858.982833
2020-01-27	0.025941	-0.001607	0.032149	-0.002355	0.025941	9055222.766770
2020-01-26	0.045642	-0.000600	0.045781	-0.010707	0.045642	7492007.393238
2020-01-25	-0.011913	0.000745	0.000755	-0.031488	-0.011913	6757499.138762
2020-01-24	0.007097	0.001941	0.018718	-0.036342	0.007097	7993607.344193
2020-01-23	-0.056780	-0.000399	0.000391	-0.073216	-0.056780	10908245.393970
2020-01-22	-0.003317	-0.000978	0.011593	-0.022776	-0.003317	8834498.076701
2020-01-21	-0.006954	-0.001831	0.007829	-0.042676	-0.006954	11064498.760383
2020-01-20	0.022514	-0.001418	0.039573	-0.038394	0.022514	12515267.578812
2020-01-19	-0.002482	-0.002730	0.004385	-0.078024	-0.002482	17651094.891493
2020-01-18	0.034313	-0.000303	0.064021	-0.030255	0.034313	19224850.503537
2020-01-17	0.049357	-0.000077	0.124335	-0.018171	0.049357	22593602.583333
2020-01-16	-0.018810	0.000533	0.005556	-0.062890	-0.018810	11991426.823755
2020-01-15	0.103812	-0.000024	0.104493	-0.015057	0.103812	17181225.721079
2020-01-14	0.113589	0.000990	0.145340	-0.000307	0.113589	13990556.151234
2020-01-13	-0.012066	0.000840	0.004467	-0.022392	-0.012066	3739364.161158
2020-01-12	-0.003435	-0.000184	0.006604	-0.013130	-0.003435	4124154.949045
2020-01-11	0.011674	0.000674	0.025119	-0.025416	0.011674	8003701.314983
2020-01-10	0.063692	-0.000437	0.063692	-0.038100	0.063692	7247987.560146
2020-01-09	-0.015692	0.000213	0.006388	-0.027304	-0.015692	5403819.294121
2020-01-08	-0.024782	0.002301	0.025538	-0.036963	-0.024782	8308095.221539
2020-01-07	0.015342	0.000827	0.080498	0.000827	0.015342	10842185.005607
2020-01-06	0.056938	0.000371	0.070981	-0.001597	0.056938	9109464.930440
2020-01-05	-0.006711	0.001325	0.006694	-0.029911	-0.006711	5642016.526636
2020-01-04	0.044071	0.001053	0.047077	-0.011682	0.044071	5312938.805882
2020-01-03	0.053163	0.000061	0.057858	-0.014800	0.053163	4989335.972857
2020-01-02	-0.016280	0.000347	0.002746	-0.021377	-0.016280	3753023.103075
2020-01-01	0.005763	-0.000575	0.025407	-0.006755	0.005763	3981428.982243
2019-12-31	-0.003913	-0.000445	0.015233	-0.015061	-0.003913	4447021.942515
2019-12-30	-0.046016	0.000364	0.000364	-0.060257	-0.046016	5928459.810651
2019-12-29	0.030419	0.001031	0.045298	-0.011166	0.030419	5062912.059542
2019-12-28	0.002655	-0.000992	0.009384	-0.009677	0.002655	4433209.044259
2019-12-27	0.027222	0.000000	0.032815	-0.002946	0.027222	4769090.790709
2019-12-26	0.008156	0.000000	0.046548	-0.005806	0.008156	4551058.000144
2019-12-25	0.003148	0.000000	0.005202	-0.025002	0.003148	3286572.697733
2019-12-24	-0.034150	-0.000835	0.001531	-0.038509	-0.034150	4334112.464080
2019-12-23	-0.023999	0.000000	0.001730	-0.039603	-0.023999	4410169.814669
2019-12-22	0.019775	0.000041	0.028910	-0.019171	0.019775	5887041.049386
2019-12-21	-0.009664	0.002664	0.078158	-0.017790	-0.009664	8867045.741339
2019-12-20	0.003256	0.000000	0.005146	-0.030021	0.003256	6941497.366980
2019-12-19	0.032494	0.000417	0.044886	-0.044221	0.032494	10565919.576901
2019-12-18	-0.003009	-0.005789	0.012132	-0.051995	-0.003009	27264504.653136
2019-12-17	-0.086478	0.000000	0.008589	-0.118345	-0.086478	14198584.587015
2019-12-16	-0.072037	-0.000905	0.007252	-0.072749	-0.072037	7676714.638609
2019-12-15	-0.012068	-0.001014	0.004859	-0.036602	-0.012068	4818761.955263
2019-12-14	-0.019133	-0.000844	0.002029	-0.033410	-0.019133	4011446.493500
2019-12-13	-0.001582	-0.000049	0.002443	-0.022600	-0.001582	5402565.687031
2019-12-12	-0.019988	0.000000	0.005933	-0.025034	-0.019988	4578607.029633
2019-12-11	-0.000504	-0.000402	0.010886	-0.009331	-0.000504	4407412.369435
2019-12-10	-0.023032	-0.000102	0.001304	-0.035582	-0.023032	8020280.568816
2019-12-09	-0.020227	0.000010	0.016740	-0.025469	-0.020227	6557103.141854
2019-12-08	0.008042	-0.000220	0.013584	-0.011665	0.008042	4031579.508394
2019-12-07	0.003079	0.001047	0.015206	-0.003128	0.003079	4544371.780022
2019-12-06	-0.000113	0.000861	0.007058	-0.016834	-0.000113	6176885.385854
2019-12-05	0.035940	-0.000689	0.052127	-0.004108	0.035940	6922215.240920
2019-12-04	-0.029252	-0.000139	0.013829	-0.039595	-0.029252	7327203.732899
2019-12-03	-0.012555	0.000000	0.009771	-0.031445	-0.012555	7216499.118028
2019-12-02	0.001227	-0.001139	0.025762	-0.035676	0.001227	6186411.728598
2019-12-01	-0.017656	0.000123	0.000466	-0.046599	-0.017656	5360255.890737
2019-11-30	-0.045691	-0.000023	0.002126	-0.063881	-0.045691	6154320.666566
2019-11-29	0.010778	-0.000091	0.010918	-0.019988	0.010778	6281257.368281
2019-11-28	0.020808	0.001377	0.040943	0.000577	0.020808	5866098.485546
2019-11-27	0.002261	-0.003185	0.010659	-0.045150	0.002261	9468313.179407
2019-11-26	0.015069	-0.000540	0.027341	-0.021988	0.015069	6141011.099209
2019-11-25	0.031067	0.000462	0.059091	-0.059731	0.031067	34664366.974774
2019-11-24	-0.065745	0.000478	0.001536	-0.065745	-0.065745	10929514.561623
2019-11-23	0.039192	0.000697	0.045632	-0.022248	0.039192	7925276.558278
2019-11-22	-0.078304	0.000000	0.009079	-0.157287	-0.078304	16698565.177858
2019-11-21	-0.059860	-0.000485	0.000406	-0.075977	-0.059860	9444815.986596
2019-11-20	-0.021394	0.000000	0.006854	-0.026658	-0.021394	6239493.448263
2019-11-19	-0.023022	0.000441	0.009577	-0.047725	-0.023022	8245757.182764
2019-11-18	-0.023122	-0.000272	0.016921	-0.039083	-0.023122	9417936.492552
2019-11-17	0.004775	0.000000	0.019729	-0.003393	0.004775	8438805.302943
2019-11-16	-0.002413	0.000026	0.002546	-0.008423	-0.002413	8705852.627786
2019-11-15	-0.024831	0.000377	0.001627	-0.039842	-0.024831	10229206.245460
2019-11-14	0.025133	0.000369	0.044959	-0.003494	0.025133	12810913.284912
2019-11-13	-0.007783	-0.000429	0.006064	-0.007834	-0.007783	5651130.456145
2019-11-12	0.008413	0.000283	0.020679	-0.000082	0.008413	6650278.686624
2019-11-11	-0.034621	-0.000141	0.003560	-0.038188	-0.034621	7457985.815667
2019-11-10	0.003686	0.000034	0.011578	-0.008433	0.003686	8344804.020907
2019-11-09	0.007036	0.000295	0.008874	-0.004753	0.007036	4847599.371146
2019-11-08	-0.027371	-0.000598	0.000296	-0.041130	-0.027371	8382047.287310
2019-11-07	-0.028020	-0.000039	0.009976	-0.051044	-0.028020	7598997.791767
2019-11-06	0.012072	-0.000754	0.027865	-0.004497	0.012072	6850666.602673
2019-11-05	0.007808	0.000000	0.011078	-0.012447	0.007808	4769056.459640
2019-11-04	0.017576	-0.000249	0.017576	-0.003866	0.017576	5207117.388859
2019-11-03	-0.014292	0.000277	0.008536	-0.016310	-0.014292	4683883.407635
2019-11-02	-0.001258	0.000877	0.012609	-0.004000	-0.001258	4225874.342659
2019-11-01	0.004407	-0.000012	0.012242	-0.011806	0.004407	6016958.884629
2019-10-31	-0.036358	-0.000069	0.003257	-0.052164	-0.036358	9128291.628624
2019-10-30	0.009556	0.000833	0.047194	-0.016686	0.009556	11824355.503760
2019-10-29	-0.016463	-0.000106	0.016863	-0.024827	-0.016463	12581799.654870
2019-10-28	0.042826	-0.000357	0.110429	-0.012258	0.042826	24763553.366704
2019-10-27	0.019315	-0.000403	0.028594	-0.033609	0.019315	13641390.545853
2019-10-26	-0.014038	0.000413	0.026508	-0.037277	-0.014038	15306978.015614
2019-10-25	0.062501	0.000000	0.066841	-0.012987	0.062501	10058739.692512
2019-10-24	0.010498	0.000000	0.014744	-0.004297	0.010498	4661185.785042
2019-10-23	-0.063968	-0.000457	0.013658	-0.087942	-0.063968	9421353.969631
2019-10-22	0.002123	-0.000317	0.022232	-0.006074	0.002123	7566268.296445
2019-10-21	-0.002046	-0.000181	0.003991	-0.018940	-0.002046	5996036.672228
2019-10-20	0.006454	0.000174	0.018213	-0.003465	0.006454	3002891.412528
2019-10-19	-0.009499	0.001317	0.008395	-0.011666	-0.009499	2934963.421854
2019-10-18	-0.021855	0.000000	0.005022	-0.051822	-0.021855	5092290.326568
2019-10-17	0.016924	-0.000988	0.026745	-0.009804	0.016924	3997205.179398
2019-10-16	-0.027148	0.000091	0.006156	-0.048417	-0.027148	5142226.894064
2019-10-15	-0.013564	0.000918	0.008050	-0.027105	-0.013564	5722667.562067
2019-10-14	0.020423	0.000000	0.020423	-0.002993	0.020423	7887383.676090
2019-10-13	0.033714	-0.000109	0.059826	-0.001755	0.033714	7376922.689151
2019-10-12	-0.006754	0.000013	0.018266	-0.010901	-0.006754	5713986.332327
2019-10-11	-0.020207	-0.000385	0.004095	-0.029303	-0.020207	5686130.197425
2019-10-10	-0.011920	-0.000830	0.019199	-0.036810	-0.011920	7709644.534815
2019-10-09	0.013056	0.000000	0.016667	-0.024486	0.013056	10688915.439965
2019-10-08	-0.024921	-0.000743	0.013090	-0.043835	-0.024921	11049093.146541
2019-10-07	0.050991	0.000528	0.053244	-0.007716	0.050991	9482791.662177
2019-10-06	-0.022194	-0.000567	0.002314	-0.031427	-0.022194	6469439.673955
2019-10-05	0.017230	-0.000288	0.029090	-0.008928	0.017230	7934691.124312
2019-10-04	-0.001337	0.000448	0.007595	-0.017920	-0.001337	4533926.685082
2019-10-03	-0.033769	-0.000472	0.000656	-0.046579	-0.033769	4058275.315701
2019-10-02	0.039641	0.000000	0.040259	-0.006761	0.039641	5972126.498201
2019-10-01	0.017612	-0.000079	0.042937	-0.007816	0.017612	5869939.587326
2019-09-30	0.015097	0.000070	0.019204	-0.034169	0.015097	5786317.992044
2019-09-29	-0.016533	-0.000112	0.001098	-0.039190	-0.016533	3358638.956574
2019-09-28	0.001005	-0.000744	0.025049	-0.014079	0.001005	3508094.482487
2019-09-27	-0.006564	-0.000364	0.006162	-0.039810	-0.006564	6916587.959790
2019-09-26	0.022217	0.001054	0.028342	-0.050924	0.022217	9037699.676733
2019-09-25	0.028831	0.000000	0.065486	-0.051084	0.028831	9996247.065498
2019-09-24	-0.085123	-0.000631	0.022013	-0.116731	-0.085123	11599278.885506
2019-09-23	-0.002315	-0.000579	0.056027	-0.005988	-0.002315	7028349.927359
2019-09-22	-0.050529	0.000000	0.000000	-0.062281	-0.050529	5563087.360683
2019-09-21	-0.059180	0.002343	0.007030	-0.067819	-0.059180	8844657.775270
2019-09-20	0.049103	-0.000011	0.055349	-0.038093	0.049103	10996208.307973
2019-09-19	0.000536	0.000797	0.013547	-0.078298	0.000536	10469837.915573
2019-09-18	0.132427	0.000647	0.194536	-0.002314	0.132427	13018764.286656
2019-09-17	0.055110	0.000541	0.065762	-0.003358	0.055110	5356221.100868
2019-09-16	-0.000601	0.000454	0.023556	-0.022534	-0.000601	3773709.913892
2019-09-15	0.007389	0.000000	0.011913	-0.011416	0.007389	3340807.448277
2019-09-14	0.024307	-0.000298	0.029802	-0.006678	0.024307	3040655.061827
2019-09-13	0.022441	0.000381	0.028195	-0.001973	0.022441	3309017.848423
2019-09-12	-0.009161	0.000329	0.003706	-0.017090	-0.009161	3289783.367876
2019-09-11	-0.000915	0.000054	0.007546	-0.011842	-0.000915	2895617.914949
2019-09-10	-0.003311	-0.000131	0.015336	-0.007922	-0.003311	3461868.779348
2019-09-09	-0.022284	0.000060	0.000710	-0.040243	-0.022284	5140579.601673
2019-09-08	0.012247	-0.000031	0.028089	-0.005277	0.012247	4028777.978236
2019-09-07	0.047111	-0.000245	0.049791	-0.003798	0.047111	3822944.370457
2019-09-06	-0.046097	0.000000	0.009465	-0.060218	-0.046097	6900832.226670
2019-09-05	-0.018468	0.000544	0.007811	-0.031736	-0.018468	5063507.429077
2019-09-04	-0.011659	-0.000139	0.001028	-0.029751	-0.011659	4683799.293762
2019-09-03	-0.000319	-0.001409	0.007727	-0.011498	-0.000319	5912989.858524
2019-09-02	0.034933	-0.000649	0.053667	-0.003733	0.034933	5156804.424232
2019-09-01	-0.023236	0.000204	0.013116	-0.032954	-0.023236	5111188.020625
2019-08-31	-0.021040	0.000166	0.002395	-0.037478	-0.021040	5101617.171462
2019-08-30	0.008552	0.000000	0.009223	-0.020910	0.008552	4923287.931346
2019-08-29	0.030575	-0.000085	0.069154	-0.037157	0.030575	7889568.732754
2019-08-28	-0.065014	0.001185	0.008276	-0.065014	-0.065014	6743276.442399
2019-08-27	-0.034777	0.000195	0.001775	-0.040582	-0.034777	5996268.208020
2019-08-26	0.017797	0.002323	0.044353	-0.002357	0.017797	6436897.100142
2019-08-25	0.020399	-0.000178	0.067028	-0.001279	0.020399	8070254.325175
2019-08-24	-0.003775	-0.000617	0.020371	-0.028546	-0.003775	5678565.720015
2019-08-23	-0.004660	0.000000	0.016106	-0.016319	-0.004660	7733393.407767
2019-08-22	0.087546	0.000000	0.123334	-0.025904	0.087546	9722628.910079
2019-08-21	-0.036831	0.000000	0.001409	-0.064655	-0.036831	4421607.765714
2019-08-20	-0.010144	0.000279	0.002908	-0.043531	-0.010144	5265374.972577
2019-08-19	0.017048	-0.000763	0.028239	-0.006530	0.017048	5339511.327360
2019-08-18	0.023648	-0.000316	0.043048	-0.007567	0.023648	5188150.228855
2019-08-17	0.000914	0.000269	0.023594	-0.012841	0.000914	4917302.962905
2019-08-16	-0.006909	0.000535	0.003432	-0.051647	-0.006909	6755213.741977
2019-08-15	0.052936	0.002294	0.061885	-0.035515	0.052936	6894432.772904
2019-08-14	-0.098167	-0.000155	0.000113	-0.101541	-0.098167	9702402.517072
2019-08-13	-0.010926	-0.000916	-0.000104	-0.030495	-0.010926	7800481.579449
2019-08-12	-0.036624	0.001298	0.001298	-0.039849	-0.036624	6373686.888959
2019-08-11	0.029475	-0.000116	0.038985	-0.002509	0.029475	7896853.600117
2019-08-10	0.029122	0.000000	0.032925	-0.011831	0.029122	8155615.128534
2019-08-09	-0.075151	-0.000271	-0.000271	-0.088244	-0.075151	11221693.820114
2019-08-08	-0.005065	0.000337	0.004754	-0.030540	-0.005065	7778112.297799
2019-08-07	-0.006788	0.000027	0.023350	-0.011148	-0.006788	9061755.196658
2019-08-06	-0.047950	-0.000386	0.016994	-0.058948	-0.047950	11019234.639384
2019-08-05	0.024146	-0.000220	0.048547	-0.003004	0.024146	10856181.059927
2019-08-04	0.006392	0.000213	0.014133	-0.018967	0.006392	8428939.761054
2019-08-03	-0.015102	0.000689	0.014979	-0.016155	-0.015102	10157836.596822
2019-08-02	-0.003494	0.000116	0.022638	-0.009399	-0.003494	11505258.270516
2019-08-01	-0.004320	0.001175	0.003988	-0.028085	-0.004320	11870776.808558
2019-07-31	0.015217	0.000342	0.036884	-0.000159	0.015217	11321806.450225
2019-07-30	0.005600	0.000006	0.012622	-0.021496	0.005600	8292758.356763
2019-07-29	-0.000284	0.000005	0.016352	-0.014333	-0.000284	8466909.504805
2019-07-28	-0.011532	0.000878	0.013831	-0.055314	-0.011532	9928978.288416
2019-07-27	-0.046424	0.000000	0.018565	-0.058310	-0.046424	10599572.135983
2019-07-26	-0.009658	0.000129	0.005299	-0.024255	-0.009658	11865963.773673
2019-07-25	-0.021599	-0.000358	0.013941	-0.028297	-0.021599	12612759.498563
2019-07-24	0.059348	0.000000	0.061131	-0.024307	0.059348	14237039.779027
2019-07-23	-0.023785	0.000178	0.009582	-0.046371	-0.023785	13302732.906095
2019-07-22	-0.047993	-0.000124	0.002820	-0.061469	-0.047993	14068367.928689
2019-07-21	-0.013417	-0.000051	0.015269	-0.034117	-0.013417	10446490.160483
2019-07-20	0.053338	-0.000252	0.100989	-0.010036	0.053338	17263858.242555
2019-07-19	-0.008142	0.000000	0.009160	-0.036951	-0.008142	12420072.235535
2019-07-18	0.068507	-0.000781	0.082898	-0.037479	0.068507	15319574.488257
2019-07-17	0.064465	-0.001759	0.102157	-0.024457	0.064465	16008026.231513
2019-07-16	-0.132675	-0.000360	0.001033	-0.168336	-0.132675	20601773.858115
2019-07-15	0.014006	-0.000213	0.016044	-0.063381	0.014006	16569156.958256
2019-07-14	-0.112265	0.000810	0.002562	-0.118780	-0.112265	12889671.293607
2019-07-13	-0.029702	0.000369	0.000633	-0.055552	-0.029702	14567956.117922
2019-07-12	0.037322	0.002625	0.052660	-0.016678	0.037322	16780280.750386
2019-07-11	-0.066812	-0.000002	0.002591	-0.094413	-0.066812	19317957.912732
2019-07-10	-0.071922	0.000415	0.009063	-0.100137	-0.071922	21114432.801429
2019-07-09	-0.023197	0.000148	0.008430	-0.031715	-0.023197	16504676.870513
2019-07-08	0.020466	0.000036	0.039347	-0.001717	0.020466	17663864.691223
2019-07-07	0.020262	-0.000306	0.022140	-0.001605	0.020262	21000779.441501
2019-07-06	0.012620	0.000643	0.038660	-0.002551	0.012620	22789049.330538
2019-07-05	-0.010813	0.000661	0.012696	-0.017516	-0.010813	19902887.287594
2019-07-04	-0.043884	0.000028	0.002852	-0.049279	-0.043884	19678259.516830
2019-07-03	0.015608	-0.000470	0.022228	-0.014724	0.015608	18949050.969451
2019-07-02	-0.012181	-0.000638	0.006634	-0.059456	-0.012181	21752092.970012
2019-07-01	0.034185	0.000268	0.044456	-0.023124	0.034185	20419884.724435
2019-06-30	-0.079952	-0.000571	0.004044	-0.083258	-0.079952	19381112.030945
2019-06-29	0.020419	0.000633	0.024137	-0.041360	0.020419	22812168.102625
2019-06-28	0.047293	0.002064	0.066220	-0.032252	0.047293	23838329.524297
2019-06-27	-0.104716	0.000802	0.010761	-0.154053	-0.104716	31939974.309669
2019-06-26	-0.009204	0.000000	0.082549	-0.041763	-0.009204	53873334.302768
2019-06-25	-0.017167	0.000150	0.005639	-0.032518	-0.017167	27667725.959977
2019-06-24	0.018038	0.000000	0.024772	-0.022119	0.018038	20955304.433659
2019-06-23	-0.028197	0.000585	0.030790	-0.031372	-0.028197	27811656.120732
2019-06-22	0.085771	0.001111	0.114187	-0.005389	0.085771	42165653.858204
2019-06-21	0.019609	0.000112	0.049151	-0.000317	0.019609	24938582.952434
2019-06-20	-0.043666	0.000257	0.003976	-0.063452	-0.043666	40095654.096237
2019-06-19	0.014293	0.000180	0.034060	-0.002749	0.014293	34396918.044891
2019-06-18	-0.020376	-0.000799	0.002541	-0.023757	-0.020376	27048869.895251
2019-06-17	-0.016496	-0.000225	0.013929	-0.040437	-0.016496	44679414.465658
2019-06-16	0.023640	0.000383	0.062226	-0.006119	0.023640	44074222.816062
2019-06-15	0.008235	-0.000055	0.020726	-0.012264	0.008235	36960890.199028
2019-06-14	-0.015784	0.000201	0.004301	-0.049740	-0.015784	46301466.405855
2019-06-13	0.007109	-0.000490	0.031428	-0.012132	0.007109	45121260.678786
2019-06-12	0.024996	0.000000	0.044140	-0.011521	0.024996	41541893.863865
2019-06-11	-0.012463	0.000299	0.004146	-0.045430	-0.012463	30197368.233572
2019-06-10	0.050143	-0.000600	0.058006	-0.018913	0.050143	29287614.554756
2019-06-09	-0.051705	0.000185	0.005902	-0.074289	-0.051705	24623706.944476
2019-06-08	-0.029323	0.000494	0.014360	-0.053526	-0.029323	30570768.714911
2019-06-07	0.049192	-0.001038	0.077052	-0.008965	0.049192	33797482.483607
2019-06-06	-0.014718	-0.000098	0.010517	-0.065417	-0.014718	26986365.694717
2019-06-05	0.017620	0.001621	0.028569	-0.011611	0.017620	19059481.015066
2019-06-04	-0.053285	-0.001466	-0.000839	-0.077752	-0.053285	30306162.358121
2019-06-03	-0.085478	0.001316	0.009018	-0.087639	-0.085478	40796335.977953
2019-06-02	0.014427	0.000000	0.040673	-0.008240	0.014427	37289343.744461
2019-06-01	-0.051623	0.000470	0.010194	-0.078015	-0.051623	46733027.236665
2019-05-31	0.070591	0.000000	0.076613	-0.030083	0.070591	39092582.808209
2019-05-30	-0.073784	0.000000	0.066493	-0.091699	-0.073784	81208771.433219
2019-05-29	0.067726	0.000775	0.160551	-0.043038	0.067726	121912941.936498
2019-05-28	0.098300	-0.000768	0.138328	-0.044461	0.098300	81894004.224365
2019-05-27	0.067483	0.000306	0.086286	-0.023054	0.067483	43936411.712473
2019-05-26	0.066632	-0.000097	0.078912	-0.019078	0.066632	29678442.249980
2019-05-25	0.002570	0.000000	0.026262	-0.011941	0.002570	26838262.849221
2019-05-24	-0.011896	0.000465	0.034158	-0.018698	-0.011896	35983394.455274
2019-05-23	0.006889	0.000061	0.013844	-0.047397	0.006889	34643161.604304
2019-05-22	-0.071801	-0.000376	0.019436	-0.071980	-0.071801	29658149.641973
2019-05-21	0.024300	0.000083	0.052316	-0.013879	0.024300	23727834.650250
2019-05-20	-0.042956	0.000163	0.000301	-0.081432	-0.042956	23420205.833504
2019-05-19	0.114200	0.001819	0.125279	0.001819	0.114200	32175816.287244
2019-05-18	-0.032654	0.000000	0.018344	-0.037570	-0.032654	15354844.379613
2019-05-17	-0.050767	-0.000000	0.025578	-0.136228	-0.050767	36353415.763498
2019-05-16	-0.051917	0.001646	0.057908	-0.085998	-0.051917	51787885.627163
2019-05-15	0.166199	-0.001197	0.176394	-0.001197	0.166199	46809196.457394
2019-05-14	0.110720	-0.001352	0.120452	-0.002468	0.110720	45196967.463186
2019-05-13	0.107595	0.000000	0.139590	-0.008152	0.107595	27205357.063481
2019-05-12	-0.037433	-0.001485	0.013379	-0.066761	-0.037433	16577963.226559
2019-05-11	0.080770	0.000000	0.095355	-0.007755	0.080770	24396516.487599
2019-05-10	0.073069	-0.000843	0.073069	-0.006298	0.073069	11394906.688178
2019-05-09	-0.075918	0.000000	0.005069	-0.086256	-0.075918	12092938.175198
2019-05-08	0.030052	0.000506	0.049835	-0.017865	0.030052	18196321.958409
2019-05-07	-0.017241	0.000433	0.028917	-0.017241	-0.017241	16037956.277469
2019-05-06	-0.041036	-0.000317	0.002407	-0.077266	-0.041036	21605606.556978
2019-05-05	0.022832	0.000174	0.026225	-0.008200	0.022832	14775931.037549
2019-05-04	-0.001115	0.000000	0.010852	-0.027101	-0.001115	20315267.884185
2019-05-03	0.009235	-0.000004	0.028209	-0.008006	0.009235	25874488.714336
2019-05-02	-0.016736	0.001150	0.009052	-0.031007	-0.016736	22139756.712430
2019-05-01	-0.015066	0.000513	0.007780	-0.034950	-0.015066	21792423.515673
2019-04-30	-0.014900	-0.001155	0.017285	-0.065462	-0.014900	37328525.437742
2019-04-29	0.128417	-0.012376	0.185825	-0.013288	0.128417	95678028.073823
2019-04-28	0.000917	0.000771	0.020510	-0.050984	0.000917	15417641.308293
2019-04-27	0.015938	-0.000304	0.026062	-0.041107	0.015938	12324070.210327
2019-04-26	-0.006480	-0.000492	0.010335	-0.076466	-0.006480	20402654.969438
2019-04-25	-0.059552	0.000271	0.019515	-0.061363	-0.059552	15401141.293641
2019-04-24	-0.042032	-0.000359	0.000806	-0.065408	-0.042032	17216441.762628
2019-04-23	-0.028600	0.000574	0.011874	-0.037497	-0.028600	18128346.887148
2019-04-22	0.012425	-0.000265	0.019801	-0.011812	0.012425	12014917.545391
2019-04-21	-0.020312	0.000252	0.008608	-0.041912	-0.020312	14580957.557375
2019-04-20	0.005163	0.000000	0.012092	-0.004996	0.005163	12314622.022987
2019-04-19	0.001639	-0.000009	0.004640	-0.016960	0.001639	13043372.451535
2019-04-18	0.002153	-0.000436	0.021840	-0.001610	0.002153	15210301.508051
2019-04-17	-0.009315	-0.000682	0.005678	-0.027489	-0.009315	16006869.223508
2019-04-16	0.031127	-0.000052	0.034196	-0.002465	0.031127	13009013.275595
2019-04-15	-0.043075	0.000000	0.002173	-0.049961	-0.043075	16995330.785933
2019-04-14	-0.013045	0.000000	0.002955	-0.074302	-0.013045	24796128.185188
2019-04-13	-0.006022	-0.000036	0.009508	-0.011043	-0.006022	10293454.777267
2019-04-12	-0.006998	-0.000138	-0.000138	-0.033154	-0.006998	11151372.442488
2019-04-11	-0.068206	-0.000410	0.000001	-0.094870	-0.068206	17935769.177951
2019-04-10	-0.000094	-0.000120	0.036250	-0.010647	-0.000094	17751170.309582
2019-04-09	-0.022953	0.000000	0.000478	-0.033615	-0.022953	15235293.351820
2019-04-08	-0.014103	0.000126	0.000659	-0.054941	-0.014103	27200523.196590
2019-04-07	0.047177	-0.000451	0.063572	-0.002933	0.047177	21625356.665192
2019-04-06	-0.020422	0.000000	0.007158	-0.031018	-0.020422	17277210.797377
2019-04-05	0.048076	0.000114	0.052530	0.000114	0.048076	19320318.401883
2019-04-04	-0.008189	-0.000997	0.041484	-0.029621	-0.008189	22852344.339797
2019-04-03	-0.033607	0.001064	0.078486	-0.054647	-0.033607	45000457.541514
2019-04-02	0.089967	-0.000077	0.098254	-0.000697	0.089967	32985376.819730
2019-04-01	0.049490	-0.000922	0.059025	-0.005259	0.049490	19088504.318378
2019-03-31	0.000313	0.000000	0.006130	-0.006871	0.000313	10899122.337616
2019-03-30	-0.004144	-0.001224	0.030489	-0.016210	-0.004144	11198596.391062
2019-03-29	0.007783	0.000000	0.013354	-0.008180	0.007783	11512366.361832
2019-03-28	-0.007094	0.000000	0.003408	-0.013361	-0.007094	11875269.642678
2019-03-27	0.041235	0.000607	0.041658	-0.000150	0.041235	13025514.579433
2019-03-26	-0.009616	0.000007	0.002200	-0.030249	-0.009616	11224151.999298
2019-03-25	-0.032541	0.000825	0.000825	-0.047278	-0.032541	13642992.092790
2019-03-24	-0.010828	-0.000406	0.000382	-0.031138	-0.010828	10429370.051113
2019-03-23	0.004628	-0.000173	0.032408	-0.003635	0.004628	14808538.501770
2019-03-22	-0.009093	0.003827	0.029975	-0.019193	-0.009093	26155334.544778
2019-03-21	0.046346	0.000330	0.047837	-0.049443	0.046346	28818816.007903
2019-03-20	0.008437	0.000828	0.011436	-0.010492	0.008437	13295691.706694
2019-03-19	0.005755	0.000765	0.007883	-0.004849	0.005755	10672511.875981
2019-03-18	-0.007577	0.000674	0.009975	-0.021988	-0.007577	21287447.778121
2019-03-17	-0.028235	0.000174	0.000982	-0.028521	-0.028235	18281346.974590
2019-03-16	0.017947	0.001252	0.030362	0.001252	0.017947	25832329.575816
2019-03-15	0.013209	0.002349	0.017779	-0.002150	0.013209	9682708.671756
2019-03-14	0.036001	0.000689	0.043507	-0.001951	0.036001	18120826.296211
2019-03-13	0.007429	-0.000857	0.024935	-0.011933	0.007429	12297257.570829
2019-03-12	0.019069	0.002160	0.026877	-0.011976	0.019069	9469473.856082
2019-03-11	-0.008788	-0.000094	0.010182	-0.024905	-0.008788	9612306.725401
2019-03-10	-0.006892	0.000990	0.004557	-0.014069	-0.006892	6479838.261106
2019-03-09	0.030212	-0.000659	0.052435	-0.004257	0.030212	10359966.636656
2019-03-08	-0.013726	0.001397	0.007653	-0.020066	-0.013726	11843575.071235
2019-03-07	0.000136	-0.029048	0.016055	-0.045616	0.000136	9134558.785983
2019-03-06	-0.013439	0.000405	0.005008	-0.046680	-0.013439	8504833.741403
2019-03-05	0.028464	0.000259	0.040417	-0.006776	0.028464	7445047.606662
2019-03-04	-0.037875	-0.003472	0.000067	-0.068301	-0.037875	7086078.914161
2019-03-03	-0.027584	0.000128	0.006897	-0.035425	-0.027584	4991108.163552
2019-03-02	-0.011950	-0.002680	0.001728	-0.033414	-0.011950	6625116.149624
2019-03-01	0.042771	-0.000231	0.060391	-0.000714	0.042771	9407358.459307
2019-02-28	-0.003029	0.002884	0.010470	-0.004572	-0.003029	6657805.238984
2019-02-27	0.002999	0.000509	0.017694	-0.015059	0.002999	7118970.702800
2019-02-26	-0.012207	-0.000940	0.002345	-0.018783	-0.012207	6935783.942711
2019-02-25	0.017002	-0.002950	0.026162	-0.014202	0.017002	8600357.912313
2019-02-24	-0.114713	0.002312	0.021632	-0.126597	-0.114713	16563425.634291
2019-02-23	0.055127	-0.003295	0.060796	-0.009117	0.055127	10765823.357133
2019-02-22	0.012666	-0.001218	0.017650	-0.001663	0.012666	8152559.688102
2019-02-21	-0.043898	0.000147	0.001644	-0.050379	-0.043898	8261862.943042
2019-02-20	0.030247	-0.000626	0.032544	-0.015399	0.030247	9193699.360252
2019-02-19	0.001452	0.001481	0.033997	-0.025318	0.001452	20058387.539674
2019-02-18	0.097931	-0.000012	0.108316	-0.005917	0.097931	16311207.684417
2019-02-17	0.010376	-0.000158	0.025016	-0.005716	0.010376	9509007.146221
2019-02-16	0.009887	0.000025	0.014871	-0.002243	0.009887	5983757.471687
2019-02-15	0.012856	0.001346	0.027902	-0.006223	0.012856	7027018.267652
2019-02-14	-0.006552	-0.000644	0.002759	-0.046252	-0.006552	4319137.241760
2019-02-13	-0.015281	0.000067	0.009709	-0.020096	-0.015281	6301560.586319
2019-02-12	0.022733	0.000111	0.028259	-0.015211	0.022733	7332661.377827
2019-02-11	-0.040039	0.000174	0.000174	-0.040857	-0.040039	9118455.258260
2019-02-10	0.010926	0.000140	0.027280	-0.015779	0.010926	13408132.881021
2019-02-09	-0.008368	0.001565	0.015631	-0.023472	-0.008368	7388363.547181
2019-02-08	0.097426	-0.005918	0.100298	-0.014078	0.097426	15645822.926264
2019-02-07	0.043794	0.005538	0.067302	-0.020972	0.043794	12382890.133619
2019-02-06	-0.023508	0.002551	0.002551	-0.068390	-0.023508	6208558.143652
2019-02-05	-0.012102	-0.002872	0.013178	-0.016419	-0.012102	5384837.651774
2019-02-04	0.012696	0.001287	0.044489	-0.003981	0.012696	7032086.790338
2019-02-03	-0.033901	0.000854	0.003437	-0.039238	-0.033901	5980121.212336
2019-02-02	-0.003292	-0.001230	0.000353	-0.035271	-0.003292	8106702.479397
2019-02-01	0.002684	-0.000050	0.007192	-0.025157	0.002684	8301912.981596
2019-01-31	-0.018323	-0.000471	0.034639	-0.030902	-0.018323	10208235.116139
2019-01-30	0.033171	-0.000564	0.039672	-0.005618	0.033171	7573249.563388
2019-01-29	-0.009981	0.001997	0.013049	-0.034975	-0.009981	7352671.823053
2019-01-28	-0.067775	0.000668	0.000668	-0.100750	-0.067775	12520680.249125
2019-01-27	-0.037179	-0.003855	0.004756	-0.046813	-0.037179	10125439.061033
2019-01-26	-0.010888	-0.000066	0.014255	-0.012679	-0.010888	7343799.341018
2019-01-25	-0.021673	0.001457	0.003338	-0.028297	-0.021673	6625505.865076
2019-01-24	-0.003143	0.000083	0.002173	-0.019372	-0.003143	7542315.663687
2019-01-23	-0.034163	-0.000082	0.001897	-0.043013	-0.034163	7805314.010009
2019-01-22	0.017888	0.000090	0.020848	-0.034580	0.017888	8986031.172795
2019-01-21	0.001423	0.003354	0.025450	-0.008890	0.001423	6508997.298050
2019-01-20	-0.046737	-0.001086	0.013572	-0.051949	-0.046737	7528260.859790
2019-01-19	0.010017	0.001435	0.041850	-0.007522	0.010017	8047539.301641
2019-01-18	-0.003631	0.000436	0.007524	-0.024655	-0.003631	7307492.736691
2019-01-17	0.029032	-0.000955	0.041979	-0.036889	0.029032	9710479.412062
2019-01-16	0.004037	-0.001759	0.025487	-0.008688	0.004037	9337139.130809
2019-01-15	-0.016210	0.001358	0.012235	-0.039515	-0.016210	9998851.826817
2019-01-14	0.050805	0.000889	0.068207	-0.022192	0.050805	12233289.836734
2019-01-13	-0.061060	0.001004	0.005785	-0.063575	-0.061060	7453979.057462
2019-01-12	-0.005086	0.000042	0.005403	-0.027388	-0.005086	6521125.386927
2019-01-11	0.008514	-0.002015	0.028151	-0.010644	0.008514	7948333.532840
2019-01-10	-0.153481	0.000176	0.010706	-0.175922	-0.153481	16830193.032011
2019-01-09	0.017403	0.002733	0.027924	-0.000341	0.017403	6902085.750035
2019-01-08	-0.012707	0.000525	0.019712	-0.025711	-0.012707	9258538.682414
2019-01-07	-0.034547	0.000240	0.004929	-0.041044	-0.034547	7165371.914709
2019-01-06	0.030787	-0.000593	0.041820	-0.033202	0.030787	11081926.626531
2019-01-05	-0.019929	-0.002210	0.013412	-0.021027	-0.019929	7224062.509775
2019-01-04	-0.005729	-0.000027	0.026086	-0.030047	-0.005729	10403445.036628
2019-01-03	-0.039198	0.000612	0.005478	-0.040599	-0.039198	10387191.437610
2019-01-02	0.069127	0.003501	0.075394	-0.015029	0.069127	14754780.113597
2019-01-01	0.035391	0.000473	0.035391	-0.012591	0.035391	7921094.856107
2018-12-31	-0.011760	-0.000946	0.022977	-0.036476	-0.011760	10779256.027804
2018-12-30	0.015453	-0.001033	0.021088	-0.020256	0.015453	9035907.178201
2018-12-29	-0.030853	0.000195	0.015135	-0.038174	-0.030853	11284186.420885
2018-12-28	0.151789	-0.000081	0.156233	-0.005441	0.151789	15735601.835203
2018-12-27	-0.044343	0.001407	0.009081	-0.051238	-0.044343	10073705.636975
2018-12-26	0.000029	0.001026	0.039872	-0.035560	0.000029	10062637.327301
2018-12-25	-0.068634	0.002994	0.002994	-0.109424	-0.068634	15120227.315456
2018-12-24	-0.012140	-0.000624	0.074179	-0.019126	-0.012140	18479179.720512
2018-12-23	0.053057	0.002331	0.105269	-0.001276	0.053057	20732312.479982
2018-12-22	0.054573	-0.013228	0.068040	-0.015002	0.054573	13812916.816499
2018-12-21	-0.064477	0.000601	0.017384	-0.085572	-0.064477	18668528.038820
2018-12-20	0.236786	-0.001288	0.237887	-0.005720	0.236786	27198523.361477
2018-12-19	-0.027934	0.006386	0.080729	-0.030255	-0.027934	21042941.640710
2018-12-18	0.123598	0.000477	0.123598	-0.026069	0.123598	14202709.702678
2018-12-17	0.159423	0.001158	0.181860	0.000863	0.159423	12696516.458613
2018-12-16	0.012198	0.001321	0.050326	-0.001211	0.012198	6107462.932510
2018-12-15	0.031560	0.000136	0.039515	-0.013029	0.031560	7446599.495823
2018-12-14	-0.216942	-0.000852	-0.000063	-0.231799	-0.216942	6210662.527043
2018-12-13	0.168506	-0.000135	0.169409	-0.066731	0.168506	5996849.412603
2018-12-12	0.033593	-0.001727	0.042777	-0.004318	0.033593	3355604.920502
2018-12-11	-0.028956	-0.002716	0.071542	-0.039553	-0.028956	4375737.050062
2018-12-10	-0.050028	-0.003502	0.084176	-0.062098	-0.050028	6248375.467696
2018-12-09	0.047897	-0.001435	0.077251	-0.003304	0.047897	7602924.511822
2018-12-08	-0.012975	0.001518	0.027759	-0.053653	-0.012975	8035295.240882
2018-12-07	-0.002090	-0.006398	0.037845	-0.091961	-0.002090	14603753.880157
2018-12-06	-0.085424	-0.000144	0.030618	-0.089482	-0.085424	9816453.605081
2018-12-05	-0.070493	0.001731	0.002742	-0.072689	-0.070493	8448221.435421
2018-12-04	0.012688	-0.001201	0.050693	-0.016550	0.012688	8557837.706230
2018-12-03	-0.072411	0.003390	0.005154	-0.090091	-0.072411	9591944.264109
2018-12-02	-0.016083	-0.001154	0.034161	-0.024646	-0.016083	7224881.954100
2018-12-01	0.049229	0.000346	0.062990	-0.016577	0.049229	6929627.163121
2018-11-30	-0.064220	0.002667	0.002667	-0.093731	-0.064220	9773876.084497
2018-11-29	0.019985	0.001983	0.041389	-0.038191	0.019985	11580948.059983
2018-11-28	0.113547	0.001426	0.149035	0.001426	0.113547	15427400.000000
2018-11-27	-0.012440	-0.006542	0.008067	-0.058633	-0.012440	9293710.000000
2018-11-26	-0.048797	0.002546	0.026616	-0.112764	-0.048797	15075700.000000
2018-11-25	0.024010	-0.003719	0.047508	-0.111432	0.024010	18296300.000000
2018-11-24	-0.117550	-0.001081	0.021678	-0.163861	-0.117550	12401200.000000
2018-11-23	0.026810	-0.006206	0.038564	-0.040743	0.026810	10978800.000000
2018-11-22	-0.066827	0.001409	0.014649	-0.066827	-0.066827	8951440.000000
2018-11-21	0.098548	0.003239	0.100576	-0.019285	0.098548	13904500.000000
2018-11-20	-0.149407	0.000355	0.022812	-0.190528	-0.149407	27317800.000000
2018-11-19	-0.138887	-0.001255	-0.001255	-0.160484	-0.138887	18411700.000000
2018-11-18	0.006233	0.004340	0.021305	0.001600	0.006233	5473070.000000
2018-11-17	-0.006680	-0.001339	0.010876	-0.013768	-0.006680	5521420.000000
2018-11-16	-0.023106	-0.001375	0.004763	-0.037178	-0.023106	8116030.000000
2018-11-15	-0.029662	-0.003033	0.011154	-0.097980	-0.029662	21843300.000000
2018-11-14	-0.119754	-0.002676	0.002627	-0.177813	-0.119754	30410000.000000
2018-11-13	0.001008	-0.000190	0.012711	-0.011346	0.001008	11233600.000000
2018-11-12	0.023784	0.003817	0.041372	-0.001468	0.023784	12073200.000000
2018-11-11	-0.005432	-0.000122	0.002505	-0.018113	-0.005432	4033360.000000
2018-11-10	0.016975	-0.001973	0.035608	-0.008076	0.016975	6726200.000000
2018-11-09	-0.012089	-0.001072	0.021636	-0.020268	-0.012089	8318330.000000
2018-11-08	-0.040839	-0.001161	0.002904	-0.046560	-0.040839	12192400.000000
2018-11-07	-0.022865	0.000431	0.006029	-0.034703	-0.022865	12392500.000000
2018-11-06	0.024053	0.003075	0.024053	-0.008911	0.024053	11868000.000000
2018-11-05	0.013455	-0.000678	0.013455	-0.008588	0.013455	8144310.000000
2018-11-04	0.041038	0.000578	0.063219	-0.011826	0.041038	12419200.000000
2018-11-03	-0.012265	-0.000582	-0.000536	-0.018311	-0.012265	5080650.000000
2018-11-02	0.021533	-0.000474	0.035271	-0.005813	0.021533	10731800.000000
2018-11-01	0.018983	0.000808	0.024893	-0.006511	0.018983	6818790.000000
2018-10-31	0.030127	0.002319	0.034251	-0.018097	0.030127	8769950.000000
2018-10-30	0.007095	-0.000282	0.024897	-0.001048	0.007095	6745030.000000
2018-10-29	-0.070085	-0.001819	-0.000189	-0.071775	-0.070085	10636700.000000
2018-10-28	0.010496	0.006043	0.011423	-0.004516	0.010496	5708360.000000
2018-10-27	-0.026684	-0.000470	0.002913	-0.031025	-0.026684	6812190.000000
2018-10-26	-0.007508	0.000477	0.005682	-0.011115	-0.007508	7243050.000000
2018-10-25	0.002573	-0.000303	0.012676	-0.008919	0.002573	7304740.000000
2018-10-24	-0.003028	-0.001170	0.006835	-0.006078	-0.003028	5915570.000000
2018-10-23	0.006187	0.000288	0.011199	-0.010855	0.006187	9425460.000000
2018-10-22	-0.005720	-0.000526	0.004973	-0.013138	-0.005720	12215200.000000
2018-10-21	-0.003502	-0.000063	0.020539	-0.011367	-0.003502	17820900.000000
2018-10-20	0.013800	0.000025	0.032902	0.000025	0.013800	18679200.000000
2018-10-19	-0.011964	0.000361	0.006927	-0.015791	-0.011964	16129700.000000
2018-10-18	-0.033969	0.001242	0.024108	-0.042202	-0.033969	22519900.000000
2018-10-17	0.017495	0.002037	0.025245	-0.010374	0.017495	20436700.000000
2018-10-16	-0.006106	0.001506	0.006860	-0.010643	-0.006106	15091300.000000
2018-10-15	0.044711	-0.001176	0.095343	-0.015284	0.044711	36908800.000000
2018-10-14	-0.004355	0.000344	0.025857	-0.008578	-0.004355	15787600.000000
2018-10-13	-0.005799	-0.002427	0.023172	-0.008320	-0.005799	16061500.000000
2018-10-12	0.014438	-0.011595	0.051769	-0.011595	0.014438	19524800.000000
2018-10-11	-0.176081	-0.002365	-0.002365	-0.181194	-0.176081	43132000.000000
2018-10-10	-0.009810	-0.001321	-0.001321	-0.035416	-0.009810	22114500.000000
2018-10-09	-0.018978	0.001992	0.007675	-0.031822	-0.018978	23450600.000000
2018-10-08	0.052187	0.003176	0.058692	-0.000031	0.052187	27909500.000000
2018-10-07	0.014697	0.003099	0.016867	-0.007009	0.014697	16091700.000000
2018-10-06	-0.019197	0.002376	0.005856	-0.024638	-0.019197	17250000.000000
2018-10-05	0.035479	0.002131	0.037484	-0.004730	0.035479	20111000.000000
2018-10-04	0.002990	0.001006	0.034841	0.000296	0.002990	21925900.000000
2018-10-03	-0.013949	-0.003137	-0.003137	-0.029434	-0.013949	17762200.000000
2018-10-02	-0.000644	-0.000531	0.013417	-0.012340	-0.000644	19626200.000000
2018-10-01	-0.009919	0.001701	0.018718	-0.035392	-0.009919	21601100.000000
2018-09-30	0.002633	-0.002025	0.012974	-0.011414	0.002633	18827700.000000
2018-09-29	-0.008841	-0.003111	0.001489	-0.028448	-0.008841	16946900.000000
2018-09-28	-0.021776	0.003283	0.011013	-0.040146	-0.021776	24297400.000000
2018-09-27	0.055448	-0.004176	0.073507	-0.028427	0.055448	30300400.000000
2018-09-26	-0.025152	-0.000435	0.009498	-0.038525	-0.025152	21425700.000000
2018-09-25	0.016038	0.000285	0.018448	-0.051061	0.016038	30213100.000000
2018-09-24	-0.086630	-0.000920	0.004351	-0.110490	-0.086630	56784100.000000
2018-09-23	0.006513	0.003231	0.037802	-0.015660	0.006513	26383400.000000
2018-09-22	-0.033266	0.003748	0.029772	-0.079887	-0.033266	32116400.000000
2018-09-21	0.109948	0.004368	0.109948	-0.015349	0.109948	49818000.000000
2018-09-20	0.066712	-0.000385	0.088327	-0.005099	0.066712	30492400.000000
2018-09-19	-0.008828	-0.001749	0.014035	-0.047492	-0.008828	28605200.000000
2018-09-18	-0.001194	-0.004025	0.018234	-0.043621	-0.001194	37873400.000000
2018-09-17	-0.073958	0.001768	0.008872	-0.087233	-0.073958	27296200.000000
2018-09-16	0.007715	-0.002321	0.016051	-0.025206	0.007715	21133600.000000
2018-09-15	-0.000188	-0.006947	0.027879	-0.017848	-0.000188	22263600.000000
2018-09-14	0.002402	0.012257	0.068199	-0.023977	0.002402	29068100.000000
2018-09-13	0.044011	0.001722	0.089028	0.001722	0.044011	33566000.000000
2018-09-12	0.005544	0.000022	0.016994	-0.071544	0.005544	34135700.000000
2018-09-11	-0.037448	0.019123	0.027918	-0.061680	-0.037448	35170700.000000
2018-09-10	0.015968	0.010299	0.066691	-0.000337	0.015968	35752100.000000
2018-09-09	0.047535	0.001029	0.095190	-0.027630	0.047535	35488600.000000
2018-09-08	-0.066467	-0.000937	0.039021	-0.080933	-0.066467	33436300.000000
2018-09-07	-0.045066	0.004066	0.032338	-0.065357	-0.045066	37165900.000000
2018-09-06	0.037050	0.013208	0.041718	-0.062767	0.037050	50679400.000000
2018-09-05	-0.180301	-0.001667	0.016484	-0.180301	-0.180301	54972900.000000
2018-09-04	0.006879	0.000148	0.055541	-0.005560	0.006879	44587100.000000
2018-09-03	-0.020385	0.014603	0.018183	-0.033290	-0.020385	39899800.000000
2018-09-02	-0.036077	0.003559	0.004757	-0.048481	-0.036077	41858500.000000
2018-09-01	0.038265	0.001368	0.057322	0.000899	0.038265	51918100.000000
2018-08-31	-0.008013	-0.005148	0.028535	-0.037649	-0.008013	55500200.000000
2018-08-30	0.002003	0.006174	0.014468	-0.064326	0.002003	76449700.000000
2018-08-29	-0.073595	-0.005947	0.031878	-0.073595	-0.073595	90281300.000000
2018-08-28	0.155175	-0.000829	0.177070	-0.021304	0.155175	130082000.000000
2018-08-27	0.172002	-0.002398	0.186450	-0.018294	0.172002	92699200.000000
2018-08-26	0.058042	0.002085	0.128596	-0.039920	0.058042	34335000.000000
2018-08-25	0.034603	0.003698	0.042827	-0.005948	0.034603	31147500.000000
2018-08-24	0.031177	0.002527	0.033299	-0.017051	0.031177	29659600.000000
2018-08-23	0.058207	-0.002906	0.062957	-0.002906	0.058207	30734300.000000
2018-08-22	-0.079755	-0.000845	0.062802	-0.103111	-0.079755	42764000.000000
2018-08-21	0.036427	-0.007418	0.058834	-0.007418	0.036427	30408900.000000
2018-08-20	-0.071686	-0.003095	0.007616	-0.079863	-0.071686	37084400.000000
2018-08-19	0.085197	-0.008237	0.128094	-0.034292	0.085197	47306900.000000
2018-08-18	-0.110706	0.011418	0.018081	-0.166642	-0.110706	44351100.000000
2018-08-17	0.204372	0.000512	0.207597	-0.000839	0.204372	57434700.000000
2018-08-16	0.046705	0.000291	0.073118	-0.009587	0.046705	31302700.000000
2018-08-15	-0.007315	0.011668	0.103737	-0.013054	-0.007315	41294300.000000
2018-08-14	-0.027520	0.001411	0.003368	-0.112220	-0.027520	42142900.000000
2018-08-13	-0.147394	0.000834	0.024396	-0.152629	-0.147394	38110100.000000
2018-08-12	0.030887	0.004624	0.060099	-0.007262	0.030887	31595600.000000
2018-08-11	-0.090838	-0.000884	-0.000884	-0.118917	-0.090838	47018300.000000
2018-08-10	-0.102226	0.000095	0.008914	-0.135751	-0.102226	55230500.000000
2018-08-09	0.044902	0.001781	0.090883	-0.018961	0.044902	50138300.000000
2018-08-08	-0.162446	0.002015	0.002015	-0.174550	-0.162446	69641600.000000
2018-08-07	-0.086936	0.009778	0.019676	-0.091039	-0.086936	106174000.000000
2018-08-06	-0.118978	0.000601	0.017985	-0.118978	-0.118978	66722600.000000
2018-08-05	0.066954	-0.000328	0.144390	-0.006084	0.066954	64186500.000000
2018-08-04	-0.115278	0.001161	0.015196	-0.128920	-0.115278	57247700.000000
2018-08-03	0.086415	-0.002840	0.089822	-0.117777	0.086415	122337000.000000
2018-08-02	-0.038640	0.001207	0.008414	-0.044538	-0.038640	32432600.000000
2018-08-01	-0.022124	-0.000253	0.000041	-0.043529	-0.022124	32731300.000000
2018-07-31	-0.035154	-0.002279	0.007452	-0.049137	-0.035154	35213200.000000
2018-07-30	-0.030854	0.000742	0.000742	-0.057023	-0.030854	32454800.000000
2018-07-29	-0.012310	0.004341	0.009298	-0.017433	-0.012310	29936100.000000
2018-07-28	0.012503	0.003544	0.021729	-0.010461	0.012503	36484300.000000
2018-07-27	-0.002498	-0.002755	0.020609	-0.038597	-0.002498	43646200.000000
2018-07-26	0.026442	-0.000827	0.070746	-0.000827	0.026442	49095200.000000
2018-07-25	0.002050	-0.005862	0.020004	-0.018973	0.002050	35931200.000000
2018-07-24	0.054271	0.000980	0.064373	-0.016363	0.054271	42266100.000000
2018-07-23	-0.048980	-0.001065	0.027760	-0.049008	-0.048980	37922200.000000
2018-07-22	-0.026866	-0.006858	0.004033	-0.034089	-0.026866	29770100.000000
2018-07-21	0.044805	-0.000421	0.057012	-0.015418	0.044805	31923700.000000
2018-07-20	-0.078014	-0.016753	-0.016753	-0.088231	-0.078014	45455800.000000
2018-07-19	-0.036364	-0.002953	0.000810	-0.048718	-0.036364	41865300.000000
2018-07-18	-0.035875	-0.000364	0.026882	-0.044974	-0.035875	60488500.000000
2018-07-17	0.035400	-0.005445	0.058119	-0.029330	0.035400	58799600.000000
2018-07-16	0.092154	0.001447	0.092395	-0.009962	0.092154	50379700.000000
2018-07-15	0.024628	-0.001507	0.039575	-0.002849	0.024628	28366900.000000
2018-07-14	0.012281	0.000402	0.019325	-0.006524	0.012281	22712900.000000
2018-07-13	-0.000327	0.001876	0.031000	-0.003795	-0.000327	32474300.000000
2018-07-12	-0.037875	0.000748	0.001729	-0.063257	-0.037875	36982200.000000
2018-07-11	0.043977	-0.003694	0.043977	-0.007770	0.043977	38342100.000000
2018-07-10	-0.079938	0.000769	0.000769	-0.080338	-0.079938	49124200.000000
2018-07-09	-0.039737	-0.000231	0.006903	-0.040309	-0.039737	41736600.000000
2018-07-08	-0.031167	0.004139	0.025016	-0.037175	-0.031167	46201300.000000
2018-07-07	0.050344	-0.003456	0.050344	-0.023759	0.050344	47605100.000000
2018-07-06	-0.081881	-0.001121	0.002578	-0.103505	-0.081881	63128700.000000
2018-07-05	-0.037820	0.001966	0.003169	-0.072214	-0.037820	64937700.000000
2018-07-04	0.054600	0.002353	0.085510	-0.027856	0.054600	62147200.000000
2018-07-03	-0.017602	-0.000773	0.045689	-0.030588	-0.017602	72266896.000000
2018-07-02	0.087647	0.001075	0.097238	-0.032194	0.087647	68270096.000000
2018-07-01	0.059400	-0.000188	0.070016	-0.019820	0.059400	56746600.000000
2018-06-30	0.048747	0.002048	0.060358	0.002048	0.048747	47707100.000000
2018-06-29	0.047770	0.003320	0.061912	-0.021402	0.047770	51143200.000000
2018-06-28	-0.069002	0.000724	0.009654	-0.079943	-0.069002	41007900.000000
2018-06-27	0.046597	-0.002061	0.063462	-0.013479	0.046597	44753100.000000
2018-06-26	-0.074031	0.003122	0.005498	-0.075193	-0.074031	41734200.000000
2018-06-25	0.041132	0.000010	0.070102	-0.017814	0.041132	56410300.000000
2018-06-24	-0.055923	0.001264	0.002866	-0.133266	-0.055923	71093800.000000
2018-06-23	0.057452	0.002962	0.086149	-0.013084	0.057452	55770200.000000
2018-06-22	-0.153745	-0.000009	0.010139	-0.184266	-0.153745	83652600.000000
2018-06-21	-0.003056	0.000732	0.012045	-0.016453	-0.003056	47678800.000000
2018-06-20	-0.013563	0.001096	0.003236	-0.052639	-0.013563	62804300.000000
2018-06-19	-0.004111	-0.000406	0.051585	-0.016890	-0.004111	67955696.000000
2018-06-18	0.008186	0.000085	0.033017	-0.064448	0.008186	80223904.000000
2018-06-17	-0.021959	0.000284	0.013027	-0.022468	-0.021959	51911900.000000
2018-06-16	0.010305	-0.002224	0.030156	-0.015259	0.010305	50766400.000000
2018-06-15	-0.071644	0.000501	0.014432	-0.086608	-0.071644	66535900.000000
2018-06-14	0.058348	0.002889	0.080319	-0.018652	0.058348	91436000.000000
2018-06-13	-0.045831	-0.003144	0.014140	-0.082136	-0.045831	90333504.000000
2018-06-12	-0.128032	-0.008376	-0.000957	-0.146277	-0.128032	82151504.000000
2018-06-11	0.056737	-0.005059	0.060245	-0.035149	0.056737	75875696.000000
2018-06-10	-0.158059	-0.002218	-0.002218	-0.191292	-0.158059	129431000.000000
2018-06-09	-0.045960	-0.001251	0.018528	-0.045960	-0.045960	73081400.000000
2018-06-08	0.008871	-0.000873	0.021500	-0.016427	0.008871	61671000.000000
2018-06-07	-0.000890	0.001179	0.025665	-0.008374	-0.000890	67262200.000000
2018-06-06	-0.029217	0.001058	0.007466	-0.057135	-0.029217	76212096.000000
2018-06-05	0.015512	0.004543	0.033807	-0.030710	0.015512	85746200.000000
2018-06-04	-0.046610	0.001280	0.022117	-0.059555	-0.046610	106403000.000000
2018-06-03	-0.047669	-0.000796	0.056906	-0.058019	-0.047669	158540992.000000
2018-06-02	-0.015987	0.002460	0.009099	-0.032327	-0.015987	113447000.000000
2018-06-01	0.098336	0.001596	0.106135	-0.018791	0.098336	145124000.000000
2018-05-31	0.116083	0.000935	0.152357	-0.002297	0.116083	129956000.000000
2018-05-30	-0.011622	0.000516	0.031941	-0.043940	-0.011622	81370200.000000
2018-05-29	0.175142	0.001404	0.220555	-0.010524	0.175142	115233000.000000
2018-05-28	-0.071660	0.000878	0.008212	-0.075131	-0.071660	54854700.000000
2018-05-27	-0.013489	-0.000853	-0.000650	-0.036609	-0.013489	53187200.000000
2018-05-26	-0.008835	0.001476	0.033575	-0.017301	-0.008835	47325400.000000
2018-05-25	-0.027822	0.001141	0.031911	-0.044843	-0.027822	60063900.000000
2018-05-24	0.040018	0.008492	0.049039	-0.052966	0.040018	69067296.000000
2018-05-23	-0.096666	0.001250	0.006691	-0.133600	-0.096666	83679696.000000
2018-05-22	-0.053191	0.003643	0.009288	-0.058000	-0.053191	50660600.000000
2018-05-21	-0.055788	0.000898	0.006907	-0.060088	-0.055788	49624200.000000
2018-05-20	0.044470	0.000475	0.055094	-0.003112	0.044470	47072900.000000
2018-05-19	-0.006237	0.000034	0.031702	-0.022509	-0.006237	49493100.000000
2018-05-18	0.019292	-0.003210	0.031131	-0.036723	0.019292	59367100.000000
2018-05-17	-0.092992	0.001309	0.028221	-0.109486	-0.092992	75466304.000000
2018-05-16	-0.048859	-0.001155	-0.001155	-0.090079	-0.048859	80072000.000000
2018-05-15	0.027176	0.000575	0.072705	-0.013752	0.027176	100872000.000000
2018-05-14	-0.031839	0.001675	0.002118	-0.086319	-0.031839	83450304.000000
2018-05-13	0.056114	0.005056	0.067640	-0.035957	0.056114	83447000.000000
2018-05-12	0.032787	0.003758	0.062330	-0.070758	0.032787	109540000.000000
2018-05-11	-0.140039	-0.002654	0.001422	-0.162167	-0.140039	141572992.000000
2018-05-10	-0.060633	-0.002274	0.012121	-0.061956	-0.060633	83346896.000000
2018-05-09	-0.069777	-0.004686	-0.004686	-0.074390	-0.069777	112923000.000000
2018-05-08	0.086717	0.000319	0.145907	-0.002152	0.086717	333348000.000000
2018-05-07	-0.019900	0.000517	0.000517	-0.085269	-0.019900	109952000.000000
2018-05-06	-0.032494	-0.000731	0.053906	-0.070640	-0.032494	114890000.000000
2018-05-05	-0.035590	-0.001620	0.001158	-0.062788	-0.035590	101642000.000000
2018-05-04	-0.049425	-0.006829	-0.004519	-0.096976	-0.049425	150327008.000000
2018-05-03	0.150263	0.005686	0.184877	-0.024439	0.150263	327371008.000000
2018-05-02	0.137917	0.000328	0.163741	-0.021702	0.137917	166059008.000000
2018-05-01	0.010293	-0.002785	0.010293	-0.065003	0.010293	66547100.000000
2018-04-30	-0.039756	-0.001687	0.003055	-0.050657	-0.039756	61762500.000000
2018-04-29	0.004967	-0.001557	0.041865	-0.047637	0.004967	83230200.000000
2018-04-28	0.073549	-0.004272	0.100225	-0.004272	0.073549	71172496.000000
2018-04-27	-0.071557	0.001342	0.023768	-0.074196	-0.071557	68547104.000000
2018-04-26	0.136671	-0.001119	0.140706	-0.036222	0.136671	84783800.000000
2018-04-25	-0.164371	-0.006121	-0.006121	-0.191304	-0.164371	154364992.000000
2018-04-24	0.011440	0.000837	0.041415	-0.003114	0.011440	97529200.000000
2018-04-23	0.059440	-0.002208	0.087812	-0.004839	0.059440	93462000.000000
2018-04-22	0.042710	-0.001372	0.088757	-0.020204	0.042710	95478200.000000
2018-04-21	-0.025359	-0.001160	0.007815	-0.087352	-0.025359	80024496.000000
2018-04-20	0.116576	0.002025	0.132224	-0.014619	0.116576	109930000.000000
2018-04-19	0.049106	-0.000166	0.053811	-0.023026	0.049106	66210300.000000
2018-04-18	0.086290	0.001747	0.092935	0.000567	0.086290	58938900.000000
2018-04-17	-0.041577	0.000000	0.028364	-0.049989	-0.041577	57495900.000000
2018-04-16	-0.030621	-0.003832	0.013221	-0.087241	-0.030621	83770400.000000
2018-04-15	0.165199	0.002254	0.176223	0.002254	0.165199	135480992.000000
2018-04-14	0.088885	-0.002978	0.101899	-0.017648	0.088885	47173200.000000
2018-04-13	-0.018038	-0.004953	0.115518	-0.041440	-0.018038	90093696.000000
2018-04-12	0.250494	-0.005905	0.287063	-0.033537	0.250494	81319296.000000
2018-04-11	0.062704	-0.000724	0.062704	-0.004669	0.062704	23924000.000000
2018-04-10	0.019409	0.001057	0.025119	-0.021936	0.019409	21163200.000000
2018-04-09	-0.031597	0.000959	0.039783	-0.053370	-0.031597	25263700.000000
2018-04-08	0.037646	-0.003768	0.065654	-0.003768	0.037646	23121200.000000
2018-04-07	0.052762	0.000091	0.085029	-0.000861	0.052762	13535500.000000
2018-04-06	-0.048411	-0.003275	0.012570	-0.054681	-0.048411	13385200.000000
2018-04-05	-0.007277	0.000092	0.000798	-0.049500	-0.007277	19414000.000000
2018-04-04	-0.109114	-0.003104	-0.000927	-0.126380	-0.109114	20877700.000000
2018-04-03	0.074230	-0.001169	0.079536	-0.001169	0.074230	30602800.000000
2018-04-02	0.040040	0.000380	0.069373	-0.003963	0.040040	26124500.000000
2018-04-01	-0.076599	0.003416	0.016912	-0.112042	-0.076599	35953200.000000
2018-03-31	-0.030018	0.000405	0.040571	-0.034493	-0.030018	28350300.000000
2018-03-30	0.016027	-0.001144	0.040114	-0.039419	0.016027	37597100.000000
2018-03-29	-0.083175	0.000403	0.000419	-0.101383	-0.083175	38707000.000000
2018-03-28	0.016003	-0.000980	0.058047	-0.007388	0.016003	24150200.000000
2018-03-27	-0.050957	-0.001609	0.002459	-0.065481	-0.050957	29726700.000000
2018-03-26	-0.064248	0.000666	0.004041	-0.105733	-0.064248	32849900.000000
2018-03-25	-0.003243	-0.008388	0.018246	-0.035422	-0.003243	26291200.000000
2018-03-24	-0.008095	0.012824	0.051947	-0.008238	-0.008095	29655100.000000
2018-03-23	0.007683	-0.000709	0.007683	-0.053944	0.007683	30507500.000000
2018-03-22	-0.032701	-0.000941	0.030353	-0.075131	-0.032701	35665500.000000
2018-03-21	-0.044965	0.011590	0.040745	-0.064251	-0.044965	57554800.000000
2018-03-20	0.079632	0.000331	0.141691	-0.024860	0.079632	67039500.000000
2018-03-19	0.084731	0.008809	0.093769	-0.032798	0.084731	55966600.000000
2018-03-18	0.072851	-0.002301	0.129251	-0.068616	0.072851	111700000.000000
2018-03-17	0.037798	0.002007	0.045054	-0.030987	0.037798	38853100.000000
2018-03-16	0.008315	0.008617	0.053011	-0.053551	0.008315	29977700.000000
2018-03-15	-0.029048	-0.002089	0.010981	-0.072063	-0.029048	43235400.000000
2018-03-14	-0.142242	-0.001114	0.041595	-0.156206	-0.142242	45727000.000000
2018-03-13	-0.020425	-0.002099	0.008763	-0.037436	-0.020425	22675600.000000
2018-03-12	-0.036626	0.000489	0.024096	-0.078362	-0.036626	27739400.000000
2018-03-11	0.062108	-0.001804	0.093816	-0.025264	0.062108	31315700.000000
2018-03-10	-0.061906	0.004173	0.057173	-0.075603	-0.061906	31847500.000000
2018-03-09	-0.001811	-0.000537	0.007086	-0.142385	-0.001811	58591300.000000
2018-03-08	-0.087110	0.000706	0.010370	-0.091756	-0.087110	35024800.000000
2018-03-07	-0.099343	-0.000212	0.008281	-0.186573	-0.099343	68445504.000000
2018-03-06	-0.094906	-0.003223	0.008278	-0.116015	-0.094906	61796200.000000
2018-03-05	-0.009006	0.001272	0.004677	-0.020481	-0.009006	24413600.000000
2018-03-04	0.016489	-0.000182	0.024538	-0.027424	0.016489	28452300.000000
2018-03-03	-0.027429	-0.003950	0.020446	-0.035909	-0.027429	25861200.000000
2018-03-02	-0.027112	0.006057	0.019283	-0.053477	-0.027112	27602600.000000
2018-03-01	0.060920	-0.001465	0.081453	-0.009749	0.060920	41523600.000000
2018-02-28	-0.059461	-0.001489	0.024870	-0.062100	-0.059461	39190300.000000
2018-02-27	0.056669	0.004871	0.111266	-0.026525	0.056669	63311700.000000
2018-02-26	0.028707	0.000419	0.048763	-0.023542	0.028707	43478500.000000
2018-02-25	0.022466	-0.004009	0.114245	-0.014245	0.022466	103799000.000000
2018-02-24	0.013583	-0.000497	0.029568	-0.058749	0.013583	41594100.000000
2018-02-23	0.078303	-0.008074	0.116328	-0.027871	0.078303	39323100.000000
2018-02-22	-0.075077	-0.003723	0.058035	-0.100929	-0.075077	53125800.000000
2018-02-21	-0.081221	-0.008273	0.024919	-0.090525	-0.081221	50765900.000000
2018-02-20	-0.082896	0.000887	0.015434	-0.098248	-0.082896	49930400.000000
2018-02-19	0.052089	0.002392	0.081684	0.002392	0.052089	32581400.000000
2018-02-18	-0.097747	0.002686	0.006943	-0.097747	-0.097747	43653800.000000
2018-02-17	0.043984	-0.001003	0.050106	-0.010347	0.043984	42149700.000000
2018-02-16	-0.010260	-0.002385	0.023869	-0.059052	-0.010260	44770200.000000
2018-02-15	0.046157	-0.002224	0.067329	-0.016742	0.046157	65315300.000000
2018-02-14	0.119777	0.001719	0.121298	-0.011755	0.119777	53007600.000000
2018-02-13	-0.030061	0.002208	0.002208	-0.063981	-0.030061	30056900.000000
2018-02-12	0.099258	0.007021	0.119987	0.007021	0.099258	36974300.000000
2018-02-11	-0.085210	-0.001166	-0.001166	-0.128404	-0.085210	45356200.000000
2018-02-10	-0.049869	-0.000863	0.085240	-0.088259	-0.049869	68051904.000000
2018-02-09	0.097934	-0.000695	0.102134	-0.047672	0.097934	45992000.000000
2018-02-08	0.114503	0.006255	0.156704	0.006255	0.114503	51576300.000000
2018-02-07	-0.014145	-0.004460	0.156791	-0.057683	-0.014145	65922600.000000
2018-02-06	0.123129	0.021844	0.177335	-0.167337	0.123129	101327000.000000
2018-02-05	-0.171365	0.004128	0.014787	-0.227159	-0.171365	69213800.000000
2018-02-04	-0.123303	-0.004675	0.039886	-0.173971	-0.123303	59380900.000000
2018-02-03	0.100368	-0.000437	0.119046	-0.100224	0.100368	64062000.000000
2018-02-02	-0.051861	-0.003655	0.007190	-0.260793	-0.051861	118068000.000000
2018-02-01	-0.173867	0.000685	0.008375	-0.240522	-0.173867	108876000.000000
2018-01-31	0.040288	-0.000672	0.054891	-0.018605	0.040288	48505200.000000
2018-01-30	-0.138811	0.004759	0.023506	-0.145250	-0.138811	94218096.000000
2018-01-29	0.021655	-0.000262	0.025046	-0.046685	0.021655	60210600.000000
2018-01-28	0.029579	0.003315	0.045274	0.003029	0.029579	47752200.000000
2018-01-27	0.031992	0.001626	0.050919	-0.003004	0.031992	43333600.000000
2018-01-26	0.003463	-0.002444	0.037726	-0.068924	0.003463	62216500.000000
2018-01-25	-0.028510	0.011534	0.063644	-0.040499	-0.028510	56586500.000000
2018-01-24	-0.024525	0.008767	0.031200	-0.051370	-0.024525	73441600.000000
2018-01-23	0.011178	0.000150	0.063329	-0.091373	0.011178	81217504.000000
2018-01-22	-0.107918	0.006191	0.048875	-0.212536	-0.107918	125555000.000000
2018-01-21	-0.079230	0.000779	0.001890	-0.122220	-0.079230	94697296.000000
2018-01-20	0.114097	0.004449	0.163634	0.004449	0.114097	140378000.000000
2018-01-19	-0.020909	-0.003423	0.064140	-0.069033	-0.020909	103437000.000000
2018-01-18	0.014043	0.001137	0.114797	-0.042906	0.014043	125440000.000000
2018-01-17	0.044512	0.000880	0.122291	-0.232951	0.044512	239578000.000000
2018-01-16	-0.253116	-0.003366	-0.003366	-0.426742	-0.253116	256703008.000000
2018-01-15	-0.067798	-0.004685	0.006684	-0.068649	-0.067798	94966600.000000
2018-01-14	-0.051169	-0.000541	0.010798	-0.090221	-0.051169	130318000.000000
2018-01-13	0.066635	0.002463	0.111996	0.002463	0.066635	198148992.000000
2018-01-12	0.096130	0.003611	0.109110	-0.023315	0.096130	129802000.000000
2018-01-11	-0.110088	-0.002006	0.010727	-0.158580	-0.110088	245028000.000000
2018-01-10	0.069751	0.005222	0.069751	-0.093784	0.069751	235594000.000000
2018-01-09	-0.080263	-0.000855	0.018253	-0.102594	-0.080263	200086000.000000
2018-01-08	-0.055204	0.000020	0.029279	-0.173563	-0.055204	317248000.000000
2018-01-07	0.032553	0.000979	0.161878	-0.002770	0.032553	249832992.000000
2018-01-06	0.050015	0.000128	0.116084	0.000027	0.050015	161228000.000000
2018-01-05	-0.080312	-0.005313	0.028168	-0.103873	-0.080312	219320000.000000
2018-01-04	-0.010790	-0.000376	0.091230	-0.090030	-0.010790	376974016.000000
2018-01-03	0.032704	0.000208	0.047341	-0.023463	0.032704	203783008.000000
2018-01-02	0.005473	0.028646	0.085200	-0.033874	0.005473	269750016.000000
2018-01-01	0.119275	0.001419	0.229107	-0.036845	0.119275	256630000.000000
2017-12-31	0.062270	-0.011661	0.095883	-0.013890	0.062270	167520992.000000
2017-12-30	-0.093824	0.002586	0.009388	-0.185159	-0.093824	245624000.000000
2017-12-29	0.002356	0.004043	0.057299	-0.051495	0.002356	187728992.000000
2017-12-28	-0.016473	-0.005238	0.003322	-0.110725	-0.016473	217902000.000000
2017-12-27	-0.016346	0.001885	0.178887	-0.049299	-0.016346	297052992.000000
2017-12-26	0.086358	-0.003050	0.091550	-0.003767	0.086358	178890000.000000
2017-12-25	0.005979	0.003074	0.093160	-0.054295	0.005979	172138000.000000
2017-12-24	-0.035776	0.001219	0.009629	-0.181763	-0.035776	278148000.000000
2017-12-23	0.047043	0.018873	0.221534	-0.016312	0.047043	236435008.000000
2017-12-22	-0.314550	0.009225	0.015523	-0.443430	-0.314550	826428992.000000
2017-12-21	-0.011720	-0.001810	0.081858	-0.044831	-0.011720	434568000.000000
2017-12-20	-0.051581	0.000880	0.029029	-0.126159	-0.051581	611582016.000000
2017-12-19	0.266435	0.001567	0.342825	-0.084048	0.266435	1117890048.000000
2017-12-18	0.078439	0.005146	0.110304	-0.070056	0.078439	447675008.000000
2017-12-17	0.082727	0.005081	0.112256	-0.040340	0.082727	354390016.000000
2017-12-16	-0.070506	0.002236	0.042913	-0.108455	-0.070506	285374016.000000
2017-12-15	0.031757	-0.002688	0.073884	-0.110617	0.031757	427329984.000000
2017-12-14	-0.074381	-0.007228	0.037704	-0.173911	-0.074381	568923008.000000
2017-12-13	-0.133011	0.000477	0.007563	-0.199694	-0.133011	498435008.000000
2017-12-12	0.104961	-0.000717	0.179435	-0.020994	0.104961	679345984.000000
2017-12-11	0.033254	0.002898	0.109887	-0.001518	0.033254	409780000.000000
2017-12-10	-0.117902	-0.005198	-0.005198	-0.195522	-0.117902	601040000.000000
2017-12-09	-0.065774	0.007133	0.053955	-0.152125	-0.065774	674566016.000000
2017-12-08	0.209161	-0.000676	0.209161	-0.125321	0.209161	928041984.000000
2017-12-07	-0.048406	0.025569	0.042919	-0.287414	-0.048406	1260950016.000000
2017-12-06	0.134045	-0.007686	0.443939	-0.048292	0.134045	2126969984.000000
2017-12-05	0.389319	0.012244	0.437060	-0.115434	0.389319	1417379968.000000
2017-12-04	0.469270	0.006734	0.584122	0.006734	0.469270	1090620032.000000
2017-12-03	0.311055	0.003798	0.410738	-0.001171	0.311055	401417984.000000
2017-12-02	-0.007339	-0.017354	0.002566	-0.068677	-0.007339	115656000.000000
2017-12-01	0.089783	-0.013025	0.125059	-0.072679	0.089783	141192000.000000
2017-11-30	0.063132	0.020819	0.111157	-0.097751	0.063132	179224000.000000
2017-11-29	-0.170553	-0.015467	0.036412	-0.247045	-0.170553	294702016.000000
2017-11-28	0.447473	0.005253	0.447473	-0.012354	0.447473	465727008.000000
2017-11-27	0.234506	0.003440	0.304298	-0.050320	0.234506	174455008.000000
2017-11-26	0.044429	-0.001856	0.044429	-0.052510	0.044429	47779300.000000
2017-11-25	0.024403	0.001037	0.085023	-0.086846	0.024403	64910500.000000
2017-11-24	-0.008284	0.000006	0.004319	-0.133822	-0.008284	113159000.000000
2017-11-23	-0.117926	-0.002384	0.017542	-0.122421	-0.117926	64619700.000000
2017-11-22	0.012460	0.000793	0.077234	-0.038719	0.012460	69568704.000000
2017-11-21	-0.080750	-0.000970	0.019917	-0.196612	-0.080750	123514000.000000
2017-11-20	0.117864	-0.002274	0.147699	-0.007021	0.117864	92042896.000000
2017-11-19	0.050552	-0.007763	0.067969	-0.017061	0.050552	61681300.000000
2017-11-18	0.038576	-0.001589	0.070533	-0.049845	0.038576	57802400.000000
2017-11-17	-0.038205	0.008442	0.062995	-0.112324	-0.038205	102001000.000000
2017-11-16	0.048507	0.008736	0.137282	-0.092242	0.048507	132320000.000000
2017-11-15	0.287534	-0.000274	0.287534	-0.000274	0.287534	87041504.000000
2017-11-14	0.031604	-0.009420	0.045114	-0.090164	0.031604	33932000.000000
2017-11-13	-0.003507	0.000495	0.099012	-0.033319	-0.003507	37718000.000000
2017-11-12	-0.045192	0.006856	0.022854	-0.182613	-0.045192	44517800.000000
2017-11-11	0.232294	-0.005182	0.232294	-0.013099	0.232294	42375200.000000
2017-11-10	-0.057587	-0.011848	0.050486	-0.141847	-0.057587	44756700.000000
2017-11-09	0.125041	0.000082	0.247245	-0.017517	0.125041	69996800.000000
2017-11-08	0.242313	0.003145	0.276046	-0.003057	0.242313	44738600.000000
2017-11-07	0.024488	-0.006498	0.063296	-0.031168	0.024488	15415700.000000
2017-11-06	0.068141	0.002648	0.081960	-0.032041	0.068141	13258400.000000
2017-11-05	-0.050344	-0.001975	0.006150	-0.090735	-0.050344	12950500.000000
2017-11-04	-0.062278	-0.004576	-0.004019	-0.070456	-0.062278	8568260.000000
2017-11-03	0.073950	-0.008430	0.081843	-0.019776	0.073950	11427900.000000
2017-11-02	0.005869	0.019361	0.044771	-0.118317	0.005869	20942000.000000
2017-11-01	-0.069056	-0.000133	-0.000133	-0.087551	-0.069056	11944600.000000
2017-10-31	-0.044325	-0.002772	-0.001726	-0.045799	-0.044325	7839910.000000
2017-10-30	0.013192	-0.001528	0.029355	-0.044875	0.013192	9124580.000000
2017-10-29	0.020828	0.001173	0.045661	-0.070317	0.020828	15972200.000000
2017-10-28	-0.065836	0.002546	0.011381	-0.075917	-0.065836	9075000.000000
2017-10-27	0.014979	-0.000870	0.053545	-0.051577	0.014979	8963410.000000
2017-10-26	-0.059400	0.000492	0.028051	-0.071079	-0.059400	10747100.000000
2017-10-25	-0.022558	0.003690	0.043610	-0.052189	-0.022558	14379600.000000
2017-10-24	0.173861	0.006875	0.299599	-0.023269	0.173861	47178400.000000
2017-10-23	-0.015425	-0.002983	0.017048	-0.070316	-0.015425	12380800.000000
2017-10-22	-0.001280	-0.005620	0.048223	-0.029531	-0.001280	9322400.000000
2017-10-21	-0.022064	0.004829	0.011423	-0.192960	-0.022064	20120500.000000
2017-10-20	-0.072625	-0.001211	0.005194	-0.096352	-0.072625	17771900.000000
2017-10-19	-0.046608	0.005766	0.025030	-0.086835	-0.046608	12250600.000000
2017-10-18	-0.029646	0.013145	0.029518	-0.086464	-0.029646	12433700.000000
2017-10-17	0.039516	0.003100	0.119277	-0.034936	0.039516	12590200.000000
2017-10-16	0.027886	0.002897	0.048329	-0.033481	0.027886	8128940.000000
2017-10-15	-0.042391	0.001774	0.005830	-0.094210	-0.042391	8256490.000000
2017-10-14	0.036780	0.000482	0.093393	-0.022853	0.036780	11493700.000000
2017-10-13	0.070749	0.001060	0.081393	-0.020622	0.070749	14821100.000000
2017-10-12	-0.143411	0.000561	0.009884	-0.186892	-0.143411	16792100.000000
2017-10-11	0.008141	-0.001145	0.023852	-0.026842	0.008141	6996130.000000
2017-10-10	0.017336	-0.006359	0.040642	-0.035606	0.017336	7401800.000000
2017-10-09	-0.061184	0.000648	0.003754	-0.121010	-0.061184	18097100.000000
2017-10-08	-0.071485	-0.007205	-0.000006	-0.084773	-0.071485	9637830.000000
2017-10-07	0.069681	0.002066	0.089922	-0.025490	0.069681	9848850.000000
2017-10-06	-0.069266	0.004254	0.040221	-0.088060	-0.069266	12478500.000000
2017-10-05	-0.011092	0.000753	0.037939	-0.048045	-0.011092	7592760.000000
2017-10-04	-0.026223	-0.001529	0.015725	-0.074083	-0.026223	9152780.000000
2017-10-03	-0.023785	0.003100	0.011550	-0.103163	-0.023785	13709400.000000
