2021-02-27	0.041600	0.000414	0.087476	-0.011138	0.041600	1874410773.480000
2021-02-26	0.021050	0.002683	0.092465	-0.036743	0.021050	170549323809.220001
2021-02-25	-0.121718	-0.000475	0.016738	-0.124285	-0.121718	2016768740.360000
2021-02-24	0.088618	0.001058	0.130946	-0.044760	0.088618	3087989665.830000
2021-02-23	-0.181742	-0.000252	0.000603	-0.327703	-0.181742	5101235732.770000
2021-02-22	-0.076771	-0.000077	0.000261	-0.248575	-0.076771	3577738646.600000
2021-02-21	0.001258	-0.001073	0.032886	-0.019989	0.001258	1768919687.650000
2021-02-20	-0.017439	-0.000113	0.060874	-0.059881	-0.017439	3095945275.820000
2021-02-19	0.070087	0.000420	0.091410	-0.026615	0.070087	2518517790.900000
2021-02-18	0.005726	-0.000135	0.039586	-0.011183	0.005726	1726602702.980000
2021-02-17	0.008861	0.000076	0.019214	-0.060257	0.008861	3072709793.900000
2021-02-16	-0.018493	-0.001453	0.020061	-0.049393	-0.018493	3794728330.600000
2021-02-15	-0.021460	-0.000672	0.045874	-0.149619	-0.021460	4824452129.490000
2021-02-14	-0.023801	0.000607	0.043356	-0.048015	-0.023801	4767351610.510000
2021-02-13	0.112962	0.000219	0.127155	-0.043966	0.112962	5124433886.620000
2021-02-12	0.099249	-0.000585	0.125807	-0.037524	0.099249	4140041013.790000
2021-02-11	0.037776	-0.000088	0.059055	-0.020367	0.037776	3098066260.960000
2021-02-10	-0.026622	-0.000077	0.036538	-0.068995	-0.026622	4118325808.870000
2021-02-09	0.083992	0.000035	0.095861	-0.017746	0.083992	3700778075.970000
2021-02-08	0.026865	-0.000346	0.046426	-0.029349	0.026865	3063771707.650000
2021-02-07	-0.010348	-0.000004	0.009058	-0.078387	-0.010348	2772921168.590000
2021-02-06	-0.049842	-0.000543	0.013623	-0.071878	-0.049842	3146238666.940000
2021-02-05	0.076100	0.000185	0.097977	0.000185	0.076100	3936072393.980000
2021-02-04	-0.022896	0.000109	0.035855	-0.083135	-0.022896	3344787680.140000
2021-02-03	0.057327	-0.000287	0.072831	-0.006036	0.057327	3147392512.250000
2021-02-02	0.038266	-0.000006	0.055833	-0.001963	0.038266	2604058585.860000
2021-02-01	0.010674	-0.000110	0.024392	-0.039568	0.010674	2422414492.540000
2021-01-31	-0.042197	0.000092	0.039713	-0.060282	-0.042197	2692563296.140000
2021-01-30	0.036033	-0.000018	0.051635	-0.023741	0.036033	2685935166.940000
2021-01-29	-0.014602	0.008312	0.046254	-0.043104	-0.014602	3788470512.210000
2021-01-28	0.096840	-0.000455	0.160890	-0.020992	0.096840	3652814430.940000
2021-01-27	-0.084923	0.000333	0.003776	-0.115097	-0.084923	3092662314.927236
2021-01-26	-0.021846	-0.000778	0.017517	-0.075146	-0.021846	3117612363.577003
2021-01-25	-0.047030	-0.000098	0.038582	-0.079481	-0.047030	3740983054.250523
2021-01-24	-0.002410	0.000386	0.004338	-0.055905	-0.002410	3727726939.579019
2021-01-23	0.144804	-0.000894	0.176456	-0.017566	0.144804	5098945532.980312
2021-01-22	0.173968	-0.000639	0.217242	-0.056433	0.173968	4292258677.669796
2021-01-21	-0.156659	0.000089	0.004088	-0.168549	-0.156659	3407990167.954117
2021-01-20	0.052649	-0.001581	0.056655	-0.075346	0.052649	3432961301.128867
2021-01-19	-0.058185	0.000270	0.034829	-0.066003	-0.058185	3077697741.967382
2021-01-18	-0.048799	0.001460	0.015567	-0.084337	-0.048799	3602422029.252295
2021-01-17	0.145826	0.000014	0.167803	-0.037321	0.145826	5027606263.359627
2021-01-16	-0.023725	0.000250	0.095492	-0.047788	-0.023725	5499569396.325264
2021-01-15	0.161754	0.002237	0.188512	-0.014260	0.161754	6831687993.047976
2021-01-14	0.119030	-0.000172	0.119533	-0.031662	0.119030	2758638858.428353
2021-01-13	0.144744	-0.000854	0.164682	-0.035045	0.144744	2265358357.255726
2021-01-12	-0.044040	-0.000467	0.060694	-0.055445	-0.044040	2198321176.397555
2021-01-11	-0.104047	-0.000061	-0.000061	-0.226417	-0.104047	3428738380.375904
2021-01-10	-0.077244	-0.000488	0.047591	-0.113153	-0.077244	3058197027.374141
2021-01-09	0.151715	-0.000561	0.171165	-0.014606	0.151715	2622916177.160569
2021-01-08	-0.046400	-0.000807	0.007513	-0.110322	-0.046400	2749568571.567006
2021-01-07	-0.065478	0.000200	0.011299	-0.112512	-0.065478	2848054680.786031
2021-01-06	0.179877	0.000709	0.184598	-0.024926	0.179877	3654880010.297202
2021-01-05	0.071388	-0.000097	0.098000	-0.029250	0.071388	2435517089.817961
2021-01-04	-0.005795	0.001189	0.141058	-0.077092	-0.005795	2926793268.152139
2021-01-03	0.117023	0.000264	0.143776	-0.027535	0.117023	2298964833.063049
2021-01-02	0.029276	0.000072	0.041384	-0.029671	0.029276	1562557417.120200
2021-01-01	0.053415	-0.000335	0.098977	-0.013476	0.053415	1376173840.916925
2020-12-31	0.001507	-0.000236	0.041657	-0.022620	0.001507	1206737629.936928
2020-12-30	-0.043968	-0.000277	0.013158	-0.057253	-0.043968	1497541827.886398
2020-12-29	-0.067883	-0.000290	0.027470	-0.141806	-0.067883	2021247540.167365
2020-12-28	0.041112	0.001632	0.062819	-0.007637	0.041112	1696784036.835780
2020-12-27	0.106233	-0.000139	0.189395	-0.065765	0.106233	2199716490.961459
2020-12-26	-0.050388	0.000155	0.019886	-0.075196	-0.050388	1419511858.379872
2020-12-25	-0.002485	-0.000402	0.024836	-0.043004	-0.002485	1400082282.392947
2020-12-24	0.068703	0.003627	0.076851	-0.079813	0.068703	1894113775.090876
2020-12-23	-0.153402	-0.000208	0.004281	-0.334907	-0.153402	1924391287.840680
2020-12-22	0.036618	-0.000422	0.038299	-0.039330	0.036618	1298374630.755702
2020-12-21	-0.055706	0.000149	0.013903	-0.069125	-0.055706	1245762389.744109
2020-12-20	-0.031286	-0.000067	0.018213	-0.051301	-0.031286	1142006159.635181
2020-12-19	-0.001407	-0.000129	0.033589	-0.013972	-0.001407	1149858505.822978
2020-12-18	0.003272	0.000059	0.038560	-0.018638	0.003272	1304911674.518308
2020-12-17	0.001193	0.000186	0.073559	-0.020567	0.001193	1827482310.833000
2020-12-16	0.058685	-0.000147	0.059589	-0.027685	0.058685	1223226479.136247
2020-12-15	-0.009517	0.000265	0.012656	-0.025948	-0.009517	810207084.743959
2020-12-14	-0.008207	0.000110	0.002445	-0.044352	-0.008207	925077262.142106
2020-12-13	0.059345	0.000340	0.081784	-0.012952	0.059345	1038194829.709581
2020-12-12	0.047088	-0.000297	0.057242	-0.001511	0.047088	855257538.867311
2020-12-11	-0.021984	0.000054	0.001259	-0.039309	-0.021984	1028197389.334098
2020-12-10	-0.056294	-0.000078	0.001307	-0.059550	-0.056294	911441755.801402
2020-12-09	0.040152	-0.000193	0.053338	-0.042499	0.040152	1305647085.668608
2020-12-08	-0.071496	0.000052	0.007921	-0.080536	-0.071496	1057784369.480378
2020-12-07	-0.030495	-0.000144	0.002341	-0.043293	-0.030495	894451650.051721
2020-12-06	0.024243	0.000050	0.026028	-0.027595	0.024243	1019945502.703286
2020-12-05	0.033889	-0.000163	0.045855	-0.011656	0.033889	1048597570.844392
2020-12-04	-0.088265	0.000004	0.003696	-0.097341	-0.088265	1281415263.050156
2020-12-03	-0.000904	0.000166	0.014290	-0.022756	-0.000904	1118049762.230702
2020-12-02	0.044649	0.000051	0.055635	-0.018967	0.044649	1369209188.531093
2020-12-01	-0.058774	0.000241	0.040129	-0.068900	-0.058774	1850007076.615201
2020-11-30	0.063765	-0.000242	0.075558	-0.000242	0.063765	1808384177.875088
2020-11-29	0.022524	0.000296	0.024545	-0.015847	0.022524	1244611321.787782
2020-11-28	0.047084	0.000109	0.073749	-0.008243	0.047084	1408628665.411827
2020-11-27	-0.006768	0.000911	0.029581	-0.042924	-0.006768	1705568925.493145
2020-11-26	-0.118197	-0.000350	0.012985	-0.203568	-0.118197	3181022660.042828
2020-11-25	-0.087045	0.000234	0.009557	-0.108228	-0.087045	1779310502.307603
2020-11-24	0.022908	0.000007	0.063972	-0.017357	0.022908	2650363423.353472
2020-11-23	0.057186	0.000001	0.064145	-0.013245	0.057186	2108675135.689795
2020-11-22	-0.059334	0.000000	0.016916	-0.093870	-0.059334	2199639007.614327
2020-11-21	0.090754	0.000000	0.093745	-0.022027	0.090754	2190837254.255640
2020-11-20	0.033504	0.000005	0.056779	-0.008005	0.033504	1733532245.917375
2020-11-19	0.002125	-0.000008	0.027409	-0.038719	0.002125	1523595573.800647
2020-11-18	0.026296	-0.000005	0.071916	-0.024816	0.026296	2364966937.272403
2020-11-17	0.051936	0.016957	0.057430	-0.002973	0.051936	1527160119.130613
2020-11-16	0.038689	-0.000000	0.055059	-0.007382	0.038689	1052161970.809322
2020-11-15	-0.036189	-0.000000	0.004470	-0.058287	-0.036189	967748061.107872
2020-11-14	-0.024132	0.000000	0.001890	-0.038621	-0.024132	997198275.274420
2020-11-13	0.037410	-0.000004	0.045645	-0.006742	0.037410	1306004086.738752
2020-11-12	-0.030007	-0.000006	0.021091	-0.038960	-0.030007	1400960179.871202
2020-11-11	-0.015067	-0.000001	0.029809	-0.016106	-0.015067	1517819145.168406
2020-11-10	0.038554	0.000037	0.057650	-0.013501	0.038554	1724813657.153024
2020-11-09	-0.010690	0.000000	0.023266	-0.043074	-0.010690	1644324040.021259
2020-11-08	0.076447	0.000000	0.105405	-0.019511	0.076447	1647580701.748599
2020-11-07	-0.029778	-0.000000	0.103854	-0.048002	-0.029778	2566987251.025876
2020-11-06	0.102578	-0.000012	0.111190	-0.006516	0.102578	1475069579.232604
2020-11-05	0.049470	0.000005	0.069552	-0.034216	0.049470	1360783362.779252
2020-11-04	0.008240	-0.000003	0.023043	-0.056552	0.008240	1678488769.486497
2020-11-03	-0.038025	-0.000001	-0.000001	-0.061570	-0.038025	1696479710.903861
2020-11-02	-0.064061	-0.000004	0.009061	-0.065080	-0.064061	1527825757.685363
2020-11-01	0.028143	0.000000	0.030831	-0.015867	0.028143	1319631443.176455
2020-10-31	0.011018	0.000000	0.025666	-0.014549	0.011018	1447587815.399494
2020-10-30	-0.014788	0.000001	0.014127	-0.042558	-0.014788	1653652915.283787
2020-10-29	-0.017153	0.000001	0.027324	-0.030055	-0.017153	1476177870.475981
2020-10-28	-0.042768	0.000001	0.012517	-0.064279	-0.042768	1236406880.167008
2020-10-27	0.019232	-0.000001	0.058371	-0.017749	0.019232	1345673430.307192
2020-10-26	-0.033894	0.000000	0.022132	-0.067003	-0.033894	1465017713.648282
2020-10-25	-0.044888	-0.000000	0.008396	-0.056343	-0.044888	1292633532.224038
2020-10-24	0.046676	0.000001	0.062470	-0.014326	0.046676	1474195506.094822
2020-10-23	0.018800	0.001471	0.025587	-0.027474	0.018800	1480801396.223349
2020-10-22	0.105023	-0.001138	0.140530	-0.006256	0.105023	1543967731.898069
2020-10-21	0.093740	-0.000094	0.119250	-0.000592	0.093740	1238425755.078798
2020-10-20	-0.092565	-0.000562	0.001121	-0.094674	-0.092565	1241598369.395597
2020-10-19	0.000512	0.000917	0.022838	-0.021848	0.000512	910617049.783391
2020-10-18	0.021421	-0.001565	0.027907	-0.007735	0.021421	762577601.632412
2020-10-17	0.003105	-0.001249	0.008329	-0.014774	0.003105	735511418.399148
2020-10-16	-0.011008	0.000962	0.011592	-0.038956	-0.011008	1066918482.150887
2020-10-15	-0.019304	-0.002279	-0.002279	-0.038845	-0.019304	1148852513.694028
2020-10-14	-0.004214	-0.000252	0.026533	-0.031414	-0.004214	1280567850.618126
2020-10-13	-0.039943	-0.001847	0.007125	-0.063783	-0.039943	1460104539.408626
2020-10-12	0.055820	-0.000818	0.082965	-0.012813	0.055820	1864848582.667169
2020-10-11	0.030653	-0.000654	0.042010	-0.030304	0.030653	1339565193.800507
2020-10-10	0.017193	0.004403	0.045201	0.004334	0.017193	1370779935.322722
2020-10-09	0.088138	0.001595	0.101001	-0.014549	0.088138	1678061806.869722
2020-10-08	0.061507	0.003787	0.073928	-0.049754	0.061507	1444612730.062017
2020-10-07	0.020341	-0.000372	0.026447	-0.035758	0.020341	1011459544.555408
2020-10-06	-0.087745	0.000379	0.000659	-0.098080	-0.087745	1107581244.608040
2020-10-05	0.023264	0.000245	0.031231	-0.008985	0.023264	1114063225.970504
2020-10-04	0.010792	0.000971	0.015583	-0.013420	0.010792	733335837.605609
2020-10-03	0.008649	-0.000776	0.032933	-0.008062	0.008649	740099523.306738
2020-10-02	-0.044063	-0.001358	0.012205	-0.080870	-0.044063	1575691670.780536
2020-10-01	-0.020435	0.002072	0.052980	-0.040341	-0.020435	1426296389.167617
2020-09-30	-0.026081	0.001559	0.001559	-0.048010	-0.026081	1235486777.733704
2020-09-29	-0.021149	-0.003452	0.001389	-0.080703	-0.021149	1656880792.022627
2020-09-28	-0.040442	0.001065	0.021278	-0.043960	-0.040442	1421267282.086469
2020-09-27	0.041330	-0.000656	0.057575	-0.032948	0.041330	1452956505.078566
2020-09-26	-0.034515	0.000730	0.026692	-0.059713	-0.034515	1705834655.911606
2020-09-25	0.091051	0.002931	0.132876	-0.035085	0.091051	2342555820.447381
2020-09-24	0.274623	-0.004069	0.343568	-0.017996	0.274623	2513427424.890337
2020-09-23	-0.121167	-0.002902	0.004157	-0.144563	-0.121167	1571651694.003314
2020-09-22	0.000484	-0.001343	0.036101	-0.010097	0.000484	959332860.818550
2020-09-21	-0.103211	-0.001277	0.013656	-0.117843	-0.103211	1586349747.840370
2020-09-20	-0.037365	-0.000396	0.042845	-0.053520	-0.037365	951116671.819485
2020-09-19	0.006510	-0.001582	0.040843	-0.012492	0.006510	873109762.128440
2020-09-18	-0.082560	0.000000	0.015057	-0.098953	-0.082560	1114418785.088010
2020-09-17	0.021099	-0.000551	0.078874	-0.020352	0.021099	1259649198.533170
2020-09-16	-0.019706	-0.000249	0.028140	-0.037606	-0.019706	1153746184.191950
2020-09-15	-0.094180	-0.000575	0.007847	-0.106503	-0.094180	1195560378.259450
2020-09-14	0.010508	-0.001590	0.036495	-0.022138	0.010508	1249919308.988270
2020-09-13	-0.060732	0.000000	0.032525	-0.072247	-0.060732	3644243870.537750
2020-09-12	0.021400	-0.000357	0.021494	-0.030345	0.021400	3524744647.254270
2020-09-11	-0.003969	0.000000	0.013621	-0.039190	-0.003969	3397578038.461210
2020-09-10	0.014060	0.000088	0.066099	-0.006092	0.014060	4019748248.952470
2020-09-09	0.050255	0.000082	0.071170	-0.023628	0.050255	1212963345.848730
2020-09-08	-0.051627	0.001454	0.023522	-0.093382	-0.051627	1393552853.407130
2020-09-07	-0.037724	-0.002173	0.021127	-0.115868	-0.037724	1891052111.564730
2020-09-06	0.216959	0.000000	0.241478	-0.062966	0.216959	1953997882.163050
2020-09-05	-0.150597	0.001204	0.021951	-0.237766	-0.150597	1906501660.437160
2020-09-04	0.039627	-0.000434	0.075073	-0.062227	0.039627	1796655504.723110
2020-09-03	-0.193371	0.004089	0.005678	-0.215986	-0.193371	1702199858.764160
2020-09-02	-0.075929	-0.000178	0.016653	-0.114733	-0.075929	1440207729.625640
2020-09-01	0.026292	-0.002144	0.049310	-0.023588	0.026292	1602445973.189290
2020-08-31	-0.046408	0.001887	0.027173	-0.046408	-0.046408	1431004361.230590
2020-08-30	-0.005681	-0.002533	0.065779	-0.007549	-0.005681	1833942060.740870
2020-08-29	0.093099	0.000770	0.115453	-0.008870	0.093099	1982820767.160450
2020-08-28	0.045411	0.000245	0.064655	-0.012982	0.045411	975535520.526640
2020-08-27	-0.049440	-0.001480	0.015908	-0.072551	-0.049440	1285283437.452560
2020-08-26	0.072797	0.001245	0.096886	-0.004871	0.072797	1323937547.163230
2020-08-25	-0.063658	-0.003203	0.016987	-0.093693	-0.063658	1396339666.896920
2020-08-24	0.000572	-0.001144	0.042165	-0.025082	0.000572	1148602183.144710
2020-08-23	-0.049217	-0.003130	0.000300	-0.072823	-0.049217	1286304277.595350
2020-08-22	0.156464	0.002446	0.176689	0.002095	0.156464	1966563137.272040
2020-08-21	-0.142340	-0.000056	0.001396	-0.181643	-0.142340	2545002567.303920
2020-08-20	-0.009156	-0.001505	0.030074	-0.023794	-0.009156	1441868240.539970
2020-08-19	-0.000086	-0.001737	0.058645	-0.069430	-0.000086	2269980596.582200
2020-08-18	-0.027785	0.004678	0.057255	-0.091213	-0.027785	3107415350.953520
2020-08-17	-0.111605	0.000000	0.042392	-0.126701	-0.111605	1851120442.184230
2020-08-16	-0.015423	0.000707	0.039430	-0.022085	-0.015423	1672318396.508370
2020-08-15	0.128339	-0.000636	0.156664	-0.018325	0.128339	2623596923.349420
2020-08-14	-0.023062	0.001310	0.026574	-0.048129	-0.023062	1797902763.726800
2020-08-13	0.042382	0.001287	0.108931	-0.024826	0.042382	3691726916.545370
2020-08-12	0.268240	-0.000627	0.277977	-0.032553	0.268240	2657494079.570130
2020-08-11	-0.024927	0.001081	0.004071	-0.081573	-0.024927	1621590152.814610
2020-08-10	-0.029753	-0.000705	0.006434	-0.070366	-0.029753	1965617197.629750
2020-08-09	0.091731	0.001724	0.131293	-0.044000	0.091731	2749237741.082710
2020-08-08	0.260931	0.001621	0.361686	-0.007224	0.260931	2483258216.521960
2020-08-07	-0.007583	0.000756	0.004771	-0.073310	-0.007583	1084341899.696140
2020-08-06	0.060832	-0.000490	0.063810	-0.006660	0.060832	930966730.792060
2020-08-05	-0.026783	0.001049	0.003030	-0.041013	-0.026783	961098081.281226
2020-08-04	0.071696	-0.000027	0.083510	-0.007379	0.071696	1400412713.832760
2020-08-03	0.107955	-0.000026	0.112520	-0.011315	0.107955	944680773.366046
2020-08-02	-0.003936	0.000458	0.044753	-0.099895	-0.003936	1281614848.825510
2020-08-01	0.068384	0.000000	0.078922	-0.015924	0.068384	757545560.147058
2020-07-31	0.047987	-0.000495	0.056589	-0.000495	0.047987	674556974.089176
2020-07-30	0.042286	-0.000211	0.061682	-0.009702	0.042286	605829267.756412
2020-07-29	-0.014865	-0.000048	0.033873	-0.026654	-0.014865	577077883.990729
2020-07-28	0.018022	-0.000539	0.041215	-0.024263	0.018022	592707770.762528
2020-07-27	-0.053797	-0.001076	-0.000641	-0.122082	-0.053797	921616284.758555
2020-07-26	-0.020739	-0.000213	0.032105	-0.042605	-0.020739	693139971.626078
2020-07-25	0.030364	0.000678	0.045389	-0.003409	0.030364	567102974.832162
2020-07-24	-0.056172	0.000024	0.002962	-0.059341	-0.056172	560444025.175773
2020-07-23	0.054574	-0.000108	0.076138	-0.005909	0.054574	726843306.006751
2020-07-22	0.025461	-0.000437	0.043005	-0.025993	0.025461	641161938.119797
2020-07-21	0.001182	-0.001518	0.050542	-0.029092	0.001182	685213977.853944
2020-07-20	-0.098225	0.000199	0.005182	-0.101731	-0.098225	674658005.964018
2020-07-19	0.013307	-0.000052	0.026101	-0.018982	0.013307	555719580.216560
2020-07-18	-0.038780	-0.000692	-0.000692	-0.058807	-0.038780	733281754.983945
2020-07-17	-0.006874	0.001207	0.025655	-0.014528	-0.006874	688997843.905834
2020-07-16	-0.035336	-0.000369	0.017600	-0.068258	-0.035336	1096087197.585640
2020-07-15	0.066596	0.000063	0.078981	-0.029537	0.066596	1162846199.228710
2020-07-14	0.128256	-0.001162	0.148748	-0.019470	0.128256	1180730235.917570
2020-07-13	-0.017361	0.000000	0.139625	-0.052041	-0.017361	1478593080.788470
2020-07-12	0.194372	-0.000809	0.195760	-0.001569	0.194372	949141174.353840
2020-07-11	-0.003061	-0.000073	0.016652	-0.022120	-0.003061	434708823.145863
2020-07-10	0.005597	-0.000452	0.012027	-0.057933	0.005597	594988188.953113
2020-07-09	-0.057355	0.000000	0.000979	-0.104435	-0.057355	726623132.663799
2020-07-08	0.133543	0.000204	0.140081	-0.013910	0.133543	942253862.587220
2020-07-07	0.064820	-0.001688	0.091617	-0.007607	0.064820	743372950.570473
2020-07-06	0.131350	0.000000	0.135631	-0.000999	0.131350	579868603.936543
2020-07-05	-0.012985	0.000814	0.006753	-0.032735	-0.012985	319512652.808589
2020-07-04	0.012730	-0.000622	0.022121	-0.004594	0.012730	312019710.301046
2020-07-03	-0.021139	0.000312	0.012514	-0.024181	-0.021139	348151083.846051
2020-07-02	0.031578	0.002350	0.045627	-0.005885	0.031578	429438117.723907
2020-07-01	0.028247	-0.000086	0.037488	-0.008425	0.028247	320994715.980322
2020-06-30	-0.010555	-0.000689	0.010955	-0.013825	-0.010555	287882847.795877
2020-06-29	0.011931	0.000942	0.019545	-0.025899	0.011931	321184230.781930
2020-06-28	0.030934	0.000000	0.045866	-0.011326	0.030934	329798147.206494
2020-06-27	-0.054318	-0.000286	0.004358	-0.065684	-0.054318	348981373.519259
2020-06-26	-0.027710	-0.000656	0.009636	-0.031516	-0.027710	366958108.325321
2020-06-25	0.020171	-0.001023	0.022338	-0.036373	0.020171	417488409.321983
2020-06-24	-0.018150	0.000507	0.026612	-0.053877	-0.018150	477169365.742828
2020-06-23	0.075721	-0.000821	0.106517	-0.013521	0.075721	524401734.264005
2020-06-22	0.066549	0.000042	0.067128	-0.000817	0.066549	354320997.114590
2020-06-21	0.004407	0.000430	0.009532	-0.004076	0.004407	260111855.732002
2020-06-20	0.022257	0.000000	0.032668	-0.007031	0.022257	300428191.297243
2020-06-19	-0.021353	-0.000535	0.004589	-0.027612	-0.021353	285917522.521697
2020-06-18	0.001276	0.000000	0.016777	-0.010807	0.001276	299551097.171956
2020-06-17	0.028393	0.000070	0.030056	-0.013171	0.028393	319675761.676802
2020-06-16	0.029185	-0.000298	0.038182	-0.008123	0.029185	300222403.748303
2020-06-15	-0.005338	0.000000	0.009658	-0.069636	-0.005338	368088618.434618
2020-06-14	-0.038798	-0.000088	0.000548	-0.038798	-0.038798	259255315.981474
2020-06-13	0.005796	0.000089	0.008244	-0.016758	0.005796	268974929.874500
2020-06-12	0.030150	0.001290	0.052207	-0.019407	0.030150	327861604.320155
2020-06-11	-0.101597	-0.000021	0.007920	-0.109493	-0.101597	352495642.274827
2020-06-10	-0.006707	0.000136	0.000269	-0.024883	-0.006707	294672252.118678
2020-06-09	-0.001723	0.000317	0.005810	-0.015937	-0.001723	305409412.267479
2020-06-08	0.024804	-0.000048	0.024804	-0.004776	0.024804	283855462.634997
2020-06-07	0.001683	0.000183	0.013322	-0.024054	0.001683	282338155.045827
2020-06-06	-0.007953	0.000000	0.008115	-0.011670	-0.007953	270796645.282323
2020-06-05	-0.012538	0.000066	0.012589	-0.016678	-0.012538	298753115.708711
2020-06-04	-0.012851	-0.000301	0.003367	-0.038437	-0.012851	318417019.204146
2020-06-03	0.023684	0.000467	0.033781	-0.014903	0.023684	347465694.722586
2020-06-02	0.001413	-0.000424	0.051581	-0.037756	0.001413	447755930.054848
2020-06-01	0.060704	0.000572	0.082801	-0.001222	0.060704	491355311.692786
2020-05-31	-0.009239	-0.000110	0.021729	-0.025140	-0.009239	378972617.511899
2020-05-30	0.045617	0.000385	0.045692	-0.009657	0.045617	356995899.922336
2020-05-29	-0.009628	0.000767	0.020354	-0.016506	-0.009628	328730887.516126
2020-05-28	0.043458	0.000043	0.046179	-0.004466	0.043458	317138603.862004
2020-05-27	0.005585	0.000000	0.021705	-0.005160	0.005585	303730713.806643
2020-05-26	-0.008697	-0.000412	0.002686	-0.021129	-0.008697	294932099.773890
2020-05-25	0.008761	-0.002339	0.017087	-0.008903	0.008761	319542426.754844
2020-05-24	-0.030022	-0.000395	0.017096	-0.030140	-0.030022	338608147.788911
2020-05-23	-0.028308	-0.000640	0.006618	-0.035367	-0.028308	350387118.234407
2020-05-22	0.057834	-0.000427	0.070426	-0.009141	0.057834	391293983.126523
2020-05-21	-0.054850	0.000749	0.019213	-0.074664	-0.054850	475890242.054119
2020-05-20	0.037877	-0.000070	0.051058	-0.000500	0.037877	501477865.435997
2020-05-19	0.009557	-0.000139	0.009604	-0.023381	0.009557	342003353.539028
2020-05-18	0.026693	0.000092	0.041616	-0.000543	0.026693	384696301.988531
2020-05-17	0.006445	-0.000444	0.020872	-0.001257	0.006445	324792191.091154
2020-05-16	0.023252	-0.000399	0.030028	-0.012110	0.023252	298753873.607567
2020-05-15	-0.032830	-0.000239	0.009950	-0.039321	-0.032830	326992724.072445
2020-05-14	0.010361	-0.000915	0.023557	-0.015236	0.010361	376043731.588350
2020-05-13	0.018430	-0.000506	0.029790	-0.006596	0.018430	319801650.416821
2020-05-12	0.029932	0.000934	0.057340	-0.007095	0.029932	358470474.602592
2020-05-11	-0.046861	0.000505	0.016357	-0.093495	-0.046861	465004956.184092
2020-05-10	-0.069053	-0.000734	-0.000734	-0.108793	-0.069053	614483573.529821
2020-05-09	0.057092	-0.000357	0.093568	-0.006359	0.057092	596770801.776087
2020-05-08	0.018138	0.000268	0.028597	-0.012824	0.018138	394360541.715404
2020-05-07	0.032328	0.000437	0.053244	-0.016048	0.032328	415098618.645472
2020-05-06	-0.013894	-0.001547	0.021139	-0.014600	-0.013894	330568230.200578
2020-05-05	-0.021287	0.000403	0.009624	-0.024533	-0.021287	307442156.297809
2020-05-04	0.012286	-0.000333	0.027738	-0.048913	0.012286	400808104.673213
2020-05-03	-0.026167	0.000399	0.012195	-0.040458	-0.026167	332486848.871524
2020-05-02	0.010308	-0.000366	0.022628	-0.004036	0.010308	312851881.520050
2020-05-01	0.016855	0.000000	0.051406	-0.001103	0.016855	387173587.597120
2020-04-30	-0.047514	0.000249	0.014523	-0.057650	-0.047514	469432713.625149
2020-04-29	0.062782	0.000931	0.078502	-0.007719	0.062782	479767865.092726
2020-04-28	0.009178	0.000301	0.025950	-0.012719	0.009178	336584772.001796
2020-04-27	-0.020146	0.000922	0.006950	-0.059384	-0.020146	418502739.603023
2020-04-26	-0.022695	-0.000178	0.007165	-0.027976	-0.022695	373262888.056897
2020-04-25	-0.000449	-0.000061	0.021831	-0.007100	-0.000449	326366095.985461
2020-04-24	0.021419	0.002688	0.045545	0.001676	0.021419	356971612.146352
2020-04-23	0.012557	0.000364	0.038929	-0.012127	0.012557	458394827.466904
2020-04-22	0.058262	-0.000471	0.063390	-0.004458	0.058262	419768837.866592
2020-04-21	0.005191	-0.001015	0.034822	-0.007468	0.005191	386134896.270815
2020-04-20	-0.049275	-0.000316	0.039708	-0.056527	-0.049275	511701400.481061
2020-04-19	-0.038560	-0.000556	0.006038	-0.051572	-0.038560	497819795.935032
2020-04-18	0.088124	0.000518	0.093308	-0.000177	0.088124	517130841.689937
2020-04-17	0.002421	0.001783	0.017268	-0.016793	0.002421	431088440.301299
2020-04-16	0.108543	0.000318	0.123587	-0.035163	0.108543	599436392.082599
2020-04-15	-0.033327	0.001175	0.021532	-0.033464	-0.033327	425648502.675132
2020-04-14	-0.039442	0.001105	0.020283	-0.041248	-0.039442	497025726.912848
2020-04-13	-0.026803	0.001371	0.001371	-0.044661	-0.026803	663413130.504311
2020-04-12	0.054930	0.001429	0.093717	-0.029300	0.054930	712633667.922881
2020-04-11	0.020271	0.000000	0.064545	-0.039813	0.020271	653196770.456288
2020-04-10	-0.031488	0.000157	0.001812	-0.104527	-0.031488	748426338.168847
2020-04-09	0.058187	0.000517	0.098893	-0.002553	0.058187	734770971.465150
2020-04-08	0.154915	0.001000	0.192243	-0.001229	0.154915	518682497.688236
2020-04-07	0.081392	0.004395	0.143288	0.004395	0.081392	577910419.356832
2020-04-06	0.103670	0.000146	0.104668	0.000122	0.103670	325590660.370168
2020-04-05	-0.021016	0.000085	0.000400	-0.027086	-0.021016	161676430.713964
2020-04-04	0.009174	0.000000	0.009393	-0.014584	0.009174	194260779.572736
2020-04-03	0.001459	0.000016	0.033644	-0.006525	0.001459	226925451.962721
2020-04-02	0.010293	-0.001594	0.048947	-0.005405	0.010293	294353542.144556
2020-04-01	0.003487	0.000000	0.010987	-0.047942	0.003487	289006167.929875
2020-03-31	0.054346	-0.001648	0.057829	-0.014210	0.054346	239526251.799105
2020-03-30	0.063280	-0.000347	0.077556	-0.004784	0.063280	220332928.857384
2020-03-29	-0.052203	0.000409	0.007074	-0.053228	-0.052203	178728616.995987
2020-03-28	-0.017591	0.000206	0.002389	-0.050181	-0.017591	234279602.826735
2020-03-27	-0.052357	0.000071	0.017769	-0.052357	-0.052357	222982484.965220
2020-03-26	0.015694	-0.000174	0.015694	-0.013892	0.015694	209695287.255316
2020-03-25	-0.020894	0.000697	0.009278	-0.040123	-0.020894	257497959.175030
2020-03-24	0.031327	-0.001817	0.054008	-0.016936	0.031327	321474266.846215
2020-03-23	0.125160	0.000402	0.125160	-0.019840	0.125160	354551259.978944
2020-03-22	-0.124471	0.000526	0.019011	-0.135357	-0.124471	295425227.632486
2020-03-21	0.010550	0.000291	0.037157	-0.052453	0.010550	317973844.854277
2020-03-20	0.000549	0.000958	0.158726	-0.069401	0.000549	526429075.309555
2020-03-19	0.190161	0.002306	0.241624	-0.002398	0.190161	447725949.211417
2020-03-18	0.024362	-0.000711	0.034067	-0.031459	0.024362	304298998.221885
2020-03-17	0.035355	-0.000805	0.149653	-0.012782	0.035355	402042487.271742
2020-03-16	-0.156141	0.001319	0.001319	-0.241581	-0.156141	539952973.404173
2020-03-15	-0.016005	-0.000068	0.099467	-0.043615	-0.016005	440244556.954407
2020-03-14	-0.114664	0.001960	0.033294	-0.133181	-0.114664	448070725.631293
2020-03-13	0.172588	-0.000658	0.314729	-0.270204	0.172588	905688605.125567
2020-03-12	-0.459130	-0.000073	0.004336	-0.484405	-0.459130	678674594.787095
2020-03-11	-0.065464	0.000662	0.005360	-0.118565	-0.065464	464691611.446368
2020-03-10	0.005171	0.007598	0.034525	-0.027803	0.005171	531064759.144505
2020-03-09	-0.006298	-0.001409	0.062060	-0.101116	-0.006298	751627574.416539
2020-03-08	-0.058676	0.000502	0.020120	-0.101220	-0.058676	554855517.469502
2020-03-07	-0.071370	-0.000730	0.000106	-0.072240	-0.071370	375742252.645893
2020-03-06	-0.009056	-0.000230	0.005220	-0.032002	-0.009056	384700765.372951
2020-03-05	0.016445	-0.000472	0.051765	-0.001982	0.016445	542142055.607550
2020-03-04	0.013360	-0.000139	0.080028	-0.004348	0.013360	662474676.134691
2020-03-03	0.087455	-0.000222	0.105003	-0.014321	0.087455	518469328.907200
2020-03-02	0.086473	0.000186	0.111868	-0.012742	0.086473	437170132.244061
2020-03-01	-0.055740	-0.000672	0.023292	-0.076506	-0.055740	423505999.424704
2020-02-29	-0.012823	0.000312	0.045529	-0.012872	-0.012823	452201070.593138
2020-02-28	0.054023	-0.000578	0.063482	-0.040488	0.054023	506674281.744361
2020-02-27	0.096611	-0.000693	0.141630	-0.039449	0.096611	492056386.006277
2020-02-26	0.024941	-0.000292	0.089088	-0.049083	0.024941	505501668.099920
2020-02-25	-0.102351	-0.000093	0.010047	-0.102351	-0.102351	340819808.590562
2020-02-24	-0.077721	-0.000507	0.005990	-0.099152	-0.077721	343314668.106101
2020-02-23	0.034254	0.001253	0.061901	-0.003731	0.034254	299278625.836562
2020-02-22	-0.044063	0.000472	0.010194	-0.051805	-0.044063	303556868.705537
2020-02-21	0.004844	-0.000316	0.049815	-0.013963	0.004844	339638604.432015
2020-02-20	-0.029527	-0.000690	0.014586	-0.061968	-0.029527	404800385.697182
2020-02-19	-0.031355	0.000732	0.060985	-0.041022	-0.031355	415141905.028992
2020-02-18	0.057432	-0.000049	0.068809	-0.032331	0.057432	431990468.507792
2020-02-17	-0.045994	-0.003203	0.010052	-0.138007	-0.045994	529297130.886528
2020-02-16	0.046348	0.001712	0.122267	-0.036930	0.046348	640799698.707584
2020-02-15	-0.024853	0.000000	0.043723	-0.068632	-0.024853	498446605.779526
2020-02-14	0.139359	0.000174	0.154415	-0.016410	0.139359	416798318.736530
2020-02-13	-0.037436	-0.001945	0.016508	-0.063839	-0.037436	336049071.315348
2020-02-12	0.012466	-0.000090	0.055053	-0.026915	0.012466	455111359.125751
2020-02-11	0.165346	-0.000190	0.165346	-0.015678	0.165346	388126745.679948
2020-02-10	-0.018931	0.001829	0.002209	-0.052931	-0.018931	232733529.274130
2020-02-09	0.018409	-0.000434	0.018720	-0.041836	0.018409	227524199.005551
2020-02-08	0.032016	-0.002697	0.044049	-0.048745	0.032016	305697105.816028
2020-02-07	0.146931	-0.000181	0.162382	-0.000525	0.146931	380527539.183168
2020-02-06	0.013724	-0.000133	0.029546	-0.012727	0.013724	165611491.945112
2020-02-05	0.038126	-0.000382	0.048679	-0.003801	0.038126	157306879.306527
2020-02-04	-0.012087	0.000007	0.009461	-0.031777	-0.012087	134721883.766882
2020-02-03	-0.020449	-0.000378	0.010728	-0.026410	-0.020449	128902317.386627
2020-02-02	-0.002244	0.000274	0.018930	-0.035486	-0.002244	135278751.378217
2020-02-01	0.005369	0.000375	0.017558	-0.024213	0.005369	121185567.039297
2020-01-31	-0.030620	0.001561	0.001561	-0.044944	-0.030620	132881058.783421
2020-01-30	0.045834	-0.001048	0.055527	-0.021897	0.045834	189044588.998335
2020-01-29	0.048953	0.000102	0.060023	-0.003397	0.048953	166469456.780311
2020-01-28	0.017507	0.000464	0.022433	-0.005024	0.017507	130829515.958739
2020-01-27	0.014804	0.000164	0.040880	0.000164	0.014804	125100879.208533
2020-01-26	0.046837	0.000144	0.047335	-0.007812	0.046837	101906614.885640
2020-01-25	-0.019112	0.000181	0.002900	-0.030136	-0.019112	96793337.448968
2020-01-24	0.017173	0.001358	0.027537	-0.035450	0.017173	121390826.522143
2020-01-23	-0.069351	0.000257	0.001226	-0.078986	-0.069351	128284126.323252
2020-01-22	-0.010461	0.001677	0.005305	-0.017875	-0.010461	97214235.510958
2020-01-21	-0.008804	-0.000140	0.014269	-0.041653	-0.008804	118493953.526612
2020-01-20	0.029916	0.001023	0.045737	-0.025232	0.029916	149645625.812057
2020-01-19	-0.055929	0.000830	0.022670	-0.078094	-0.055929	175287789.260947
2020-01-18	0.018353	-0.002205	0.023665	-0.044163	0.018353	167529444.092173
2020-01-17	0.096451	0.000173	0.141866	-0.007596	0.096451	257924220.932267
2020-01-16	0.033057	0.001183	0.039619	-0.044556	0.033057	143515775.608161
2020-01-15	0.006298	-0.002686	0.074474	-0.012097	0.006298	149371800.021117
2020-01-14	0.090070	-0.000176	0.117787	-0.005005	0.090070	135612258.174418
2020-01-13	-0.023490	-0.000580	-0.000336	-0.036406	-0.023490	78803227.072499
2020-01-12	-0.016667	-0.000210	0.012019	-0.024825	-0.016667	87342007.544152
2020-01-11	0.026659	0.000441	0.049894	-0.001054	0.026659	107902217.207780
2020-01-10	0.017342	0.001408	0.033208	-0.011072	0.017342	109888553.536977
2020-01-09	0.001119	-0.000617	0.022481	-0.031608	0.001119	109938412.501365
2020-01-08	0.032878	-0.000463	0.104222	-0.002802	0.032878	192821111.336504
2020-01-07	0.091167	-0.001357	0.097199	-0.016717	0.091167	140921324.476050
2020-01-06	0.071733	0.000298	0.072454	0.000109	0.071733	80941179.020002
2020-01-05	-0.017578	-0.000682	0.008204	-0.019809	-0.017578	55235942.370907
2020-01-04	0.016812	0.000015	0.022879	-0.011033	0.016812	49108149.812201
2020-01-03	0.039379	-0.000102	0.049043	-0.016406	0.039379	61298048.379045
2020-01-02	-0.036253	0.000288	0.005669	-0.047039	-0.036253	52729126.250155
2020-01-01	0.021006	-0.000308	0.046311	-0.003420	0.021006	69723036.633184
2019-12-31	-0.037794	0.000160	0.001009	-0.041637	-0.037794	58903187.057120
2019-12-30	-0.033342	0.000141	0.002268	-0.038422	-0.033342	57136151.493495
2019-12-29	0.014974	-0.000025	0.024432	-0.008362	0.014974	53574998.146597
2019-12-28	-0.006450	-0.000172	0.012094	-0.009107	-0.006450	53567273.197812
2019-12-27	0.013270	-0.000608	0.045233	-0.004036	0.013270	74031488.167969
2019-12-26	0.031606	0.000465	0.075772	-0.009571	0.031606	79180349.675783
2019-12-25	-0.031325	0.000000	0.000000	-0.040298	-0.031325	86020951.526495
2019-12-24	-0.007315	0.000164	0.005266	-0.022126	-0.007315	131772812.696764
2019-12-23	-0.030265	-0.000053	0.011464	-0.038072	-0.030265	130569407.943064
2019-12-22	0.032952	-0.000508	0.039154	-0.001444	0.032952	120076955.324841
2019-12-21	-0.025865	0.000204	0.003257	-0.026625	-0.025865	88336766.856735
2019-12-20	0.056546	0.000000	0.057085	-0.010324	0.056546	124354681.570762
2019-12-19	-0.032024	0.000241	0.004053	-0.071283	-0.032024	150914458.875531
2019-12-18	0.070811	-0.000203	0.070811	-0.057638	0.070811	209932251.787961
2019-12-17	-0.113662	0.000107	0.012527	-0.129938	-0.113662	172213180.366254
2019-12-16	-0.050439	0.000040	0.001155	-0.052472	-0.050439	97454139.698821
2019-12-15	0.037875	-0.000063	0.053988	-0.014015	0.037875	114518248.130482
2019-12-14	-0.032072	-0.000416	0.008027	-0.041590	-0.032072	105295565.978293
2019-12-13	-0.019707	-0.000071	0.005474	-0.021511	-0.019707	117843000.817813
2019-12-12	-0.027078	0.000000	0.007861	-0.057404	-0.027078	142758972.547508
2019-12-11	-0.040785	-0.000125	0.012636	-0.050983	-0.040785	138162558.187472
2019-12-10	0.085903	0.000139	0.088675	-0.011265	0.085903	218763851.290450
2019-12-09	0.015554	-0.000387	0.016324	-0.017826	0.015554	147696805.451074
2019-12-08	-0.001061	-0.000169	0.015612	-0.015836	-0.001061	103114464.866693
2019-12-07	-0.014935	0.000199	0.008222	-0.018248	-0.014935	88418201.426384
2019-12-06	0.032893	0.000097	0.039081	-0.018451	0.032893	113399317.615719
2019-12-05	-0.011151	-0.001079	0.028100	-0.037287	-0.011151	126219926.593801
2019-12-04	-0.038185	0.000051	0.005370	-0.052457	-0.038185	145162286.273919
2019-12-03	0.016711	0.000000	0.050574	-0.021346	0.016711	109854018.081927
2019-12-02	-0.033296	-0.000303	0.003807	-0.046982	-0.033296	116492201.098502
2019-12-01	-0.033426	0.000242	0.000505	-0.044750	-0.033426	136819693.230413
2019-11-30	-0.042920	-0.000424	0.006381	-0.054383	-0.042920	123021580.453675
2019-11-29	0.031117	0.002036	0.039502	-0.000993	0.031117	160656952.416819
2019-11-28	0.019182	0.001704	0.044426	-0.016382	0.019182	146006115.445483
2019-11-27	-0.020762	-0.005976	0.004825	-0.060063	-0.020762	149542925.492051
2019-11-26	0.000599	-0.001845	0.035709	-0.041833	0.000599	143568310.435612
2019-11-25	0.008545	0.002184	0.054719	-0.088737	0.008545	170091780.478238
2019-11-24	-0.078300	0.000497	0.009086	-0.079665	-0.078300	149929049.524012
2019-11-23	0.040631	-0.000037	0.046346	-0.034117	0.040631	149356393.636683
2019-11-22	-0.077580	-0.000099	0.015618	-0.148011	-0.077580	201718065.002730
2019-11-21	-0.058561	0.001384	0.001699	-0.083234	-0.058561	167317923.928706
2019-11-20	-0.017523	-0.001180	0.027116	-0.035270	-0.017523	167970678.823844
2019-11-19	-0.024779	-0.000668	0.012232	-0.076302	-0.024779	174284232.766788
2019-11-18	-0.035909	-0.000027	0.016073	-0.055216	-0.035909	126598446.655793
2019-11-17	-0.026057	-0.000394	0.000055	-0.035242	-0.026057	99099080.348286
2019-11-16	-0.008178	-0.000238	0.003921	-0.032459	-0.008178	95813205.996887
2019-11-15	-0.009103	0.000497	0.006979	-0.067205	-0.009103	157665192.031718
2019-11-14	0.014825	0.000225	0.053583	-0.020087	0.014825	198792070.570609
2019-11-13	0.071147	-0.001185	0.092256	-0.010181	0.071147	209362104.435433
2019-11-12	0.024537	0.000006	0.041753	-0.002809	0.024537	148585749.047730
2019-11-11	-0.011615	-0.000161	-0.000040	-0.033044	-0.011615	94732321.770731
2019-11-10	-0.007598	-0.000157	0.015589	-0.026822	-0.007598	145643656.809691
2019-11-09	0.032139	-0.000602	0.051652	-0.000611	0.032139	152872881.303564
2019-11-08	0.009625	-0.000142	0.015043	-0.017644	0.009625	133302909.755961
2019-11-07	-0.018055	-0.000268	0.003024	-0.040443	-0.018055	139483617.531888
2019-11-06	0.021454	0.000173	0.047300	-0.009284	0.021454	152746471.257247
2019-11-05	-0.001522	-0.000680	0.004908	-0.016920	-0.001522	119153855.594172
2019-11-04	0.005597	-0.000018	0.021477	-0.009354	0.005597	122384988.830368
2019-11-03	-0.014230	0.000234	0.003329	-0.023600	-0.014230	106456374.465260
2019-11-02	-0.003550	-0.000193	0.013828	-0.011014	-0.003550	88544063.079309
2019-11-01	-0.006541	0.000959	0.022964	-0.027539	-0.006541	118225225.433658
2019-10-31	0.043334	0.000144	0.051440	-0.025898	0.043334	118140976.209197
2019-10-30	-0.017166	-0.000679	0.002312	-0.052392	-0.017166	101740209.441810
2019-10-29	-0.000722	-0.000055	0.036237	-0.006438	-0.000722	109381920.917836
2019-10-28	-0.001304	0.000796	0.080667	-0.003044	-0.001304	157224839.846101
2019-10-27	-0.027811	-0.001455	0.004889	-0.046325	-0.027811	135864814.020758
2019-10-26	-0.030335	-0.000088	0.054526	-0.057552	-0.030335	231729602.769394
2019-10-25	0.031421	-0.000304	0.066081	-0.038162	0.031421	210307336.833950
2019-10-24	0.053257	0.002087	0.067979	0.000164	0.053257	175558916.419479
2019-10-23	0.002668	0.002805	0.033549	-0.068838	0.002668	190350547.977926
2019-10-22	-0.010067	-0.000263	0.072766	-0.017937	-0.010067	172462583.050618
2019-10-21	0.078060	0.000377	0.095653	-0.000610	0.078060	174716569.160696
2019-10-20	0.034757	-0.000486	0.034757	-0.024626	0.034757	86836833.695191
2019-10-19	0.000377	-0.000048	0.017577	-0.023769	0.000377	85270342.437304
2019-10-18	-0.027039	0.000000	0.033522	-0.036559	-0.027039	105032862.154456
2019-10-17	0.013743	0.000408	0.039191	-0.040253	0.013743	139155340.469052
2019-10-16	-0.001480	0.000582	0.009934	-0.081663	-0.001480	158475685.851272
2019-10-15	-0.057045	-0.000192	0.022047	-0.073933	-0.057045	110301010.507379
2019-10-14	0.016901	0.000227	0.067119	-0.011705	0.016901	116069815.100398
2019-10-13	-0.042064	-0.000971	0.015164	-0.057080	-0.042064	107136821.495530
2019-10-12	-0.059602	0.001421	0.001432	-0.072147	-0.059602	120045685.364285
2019-10-11	0.051935	0.000171	0.064528	-0.015398	0.051935	200123733.860148
2019-10-10	-0.060048	0.002639	0.002770	-0.109216	-0.060048	249559325.332547
2019-10-09	0.087561	0.001871	0.141116	-0.021432	0.087561	329507430.903816
2019-10-08	0.073382	0.000066	0.093931	-0.051122	0.073382	224096109.587864
2019-10-07	0.097690	0.000709	0.137274	-0.026944	0.097690	202190934.865271
2019-10-06	0.112970	-0.000128	0.153932	-0.001274	0.112970	126356581.398367
2019-10-05	-0.006475	-0.000926	0.001900	-0.028739	-0.006475	96574706.194269
2019-10-04	0.014239	0.000033	0.024280	-0.019565	0.014239	77454028.686186
2019-10-03	-0.032540	-0.000366	0.008990	-0.056323	-0.032540	101098440.887416
2019-10-02	0.096423	-0.000798	0.098847	-0.006302	0.096423	102294409.446555
2019-10-01	0.042983	0.000790	0.077131	-0.002972	0.042983	91602848.937025
2019-09-30	0.026955	-0.000398	0.031138	-0.038328	0.026955	84068854.528766
2019-09-29	0.017692	-0.000045	0.039277	-0.009996	0.017692	85120108.210852
2019-09-28	0.010302	0.001306	0.022816	-0.009064	0.010302	71435513.722659
2019-09-27	0.006742	-0.000198	0.010841	-0.049023	0.006742	90213616.795295
2019-09-26	-0.057501	0.000000	0.001681	-0.115044	-0.057501	112008340.760397
2019-09-25	0.014045	0.001414	0.110519	-0.048178	0.014045	161634832.806055
2019-09-24	-0.039582	-0.000086	0.142529	-0.120252	-0.039582	218580527.658303
2019-09-23	-0.007715	-0.001110	0.037328	-0.018606	-0.007715	76114155.856970
2019-09-22	-0.035993	-0.000313	0.000069	-0.056675	-0.035993	63224058.461670
2019-09-21	0.033733	-0.001344	0.033733	-0.015033	0.033733	76844379.131154
2019-09-20	-0.025652	0.000803	0.001595	-0.058503	-0.025652	75449475.263824
2019-09-19	0.036495	-0.000356	0.055362	-0.033449	0.036495	133273165.130954
2019-09-18	0.110703	-0.001751	0.134113	-0.002540	0.110703	112613411.917588
2019-09-17	0.030354	0.000551	0.049780	-0.012187	0.030354	74897533.724955
2019-09-16	-0.022312	0.000087	0.014420	-0.039174	-0.022312	62082506.307376
2019-09-15	0.033493	0.001127	0.054740	0.000143	0.033493	64455918.161126
2019-09-14	-0.010012	-0.000341	0.034721	-0.026414	-0.010012	82000174.063415
2019-09-13	-0.074200	0.000150	0.003593	-0.106781	-0.074200	95116688.997005
2019-09-12	-0.015672	0.000143	0.006931	-0.029126	-0.015672	61903495.424328
2019-09-11	-0.037347	0.000345	0.013833	-0.043299	-0.037347	67247429.695269
2019-09-10	0.002915	-0.001406	0.017938	-0.006431	0.002915	66969745.676673
2019-09-09	-0.018609	0.001185	0.021652	-0.033296	-0.018609	96518480.228900
2019-09-08	0.030391	0.000210	0.070251	-0.000272	0.030391	88855920.980881
2019-09-07	0.026257	-0.001427	0.045300	-0.007018	0.026257	71006363.091669
2019-09-06	-0.036925	0.000000	0.013607	-0.048913	-0.036925	72212079.654703
2019-09-05	0.007080	-0.000190	0.042533	-0.006153	0.007080	69409151.921104
2019-09-04	-0.037442	-0.000159	0.002709	-0.057976	-0.037442	70884788.190593
2019-09-03	0.011562	0.000137	0.053201	-0.004670	0.011562	80326910.356001
2019-09-02	0.032825	-0.000443	0.062235	-0.020204	0.032825	63004422.021147
2019-09-01	-0.008386	0.000005	0.007005	-0.032994	-0.008386	43571942.195849
2019-08-31	-0.008940	-0.001890	0.023732	-0.030678	-0.008940	51356762.762569
2019-08-30	0.012867	0.000000	0.060745	-0.017896	0.012867	57285240.109547
2019-08-29	-0.061542	0.000456	0.000949	-0.079954	-0.061542	83335306.150251
2019-08-28	-0.098138	0.001329	0.001798	-0.101968	-0.098138	59193723.558027
2019-08-27	0.014605	0.000520	0.041965	-0.023106	0.014605	62275880.761852
2019-08-26	-0.003947	0.000757	0.037334	-0.013616	-0.003947	54292215.187807
2019-08-25	-0.045815	-0.000089	0.001209	-0.064874	-0.045815	59471444.831404
2019-08-24	-0.030227	0.000531	0.003669	-0.035516	-0.030227	50546812.061708
2019-08-23	0.010639	0.000000	0.034812	-0.019107	0.010639	85783320.564026
2019-08-22	0.005986	0.000000	0.032618	-0.023238	0.005986	71961706.231411
2019-08-21	-0.068957	0.000181	0.003166	-0.088061	-0.068957	94589328.804560
2019-08-20	-0.049773	-0.000929	0.012827	-0.057159	-0.049773	71968211.546724
2019-08-19	0.002205	-0.000813	0.036595	-0.017877	0.002205	81955471.360523
2019-08-18	0.044393	-0.000532	0.065274	-0.008206	0.044393	74479050.397979
2019-08-17	0.030792	0.000075	0.032536	-0.005120	0.030792	45504193.182110
2019-08-16	-0.037655	0.000437	0.013261	-0.067009	-0.037655	71099709.523199
2019-08-15	0.062346	0.003157	0.070719	-0.023145	0.062346	78723315.479085
2019-08-14	-0.058818	0.000001	0.060002	-0.083233	-0.058818	117748507.888893
2019-08-13	0.013909	0.001611	0.026400	-0.024302	0.013909	61913128.774976
2019-08-12	-0.007033	0.003771	0.027971	-0.019671	-0.007033	53991935.859976
2019-08-11	0.031976	-0.000494	0.063952	-0.020330	0.031976	75758083.956503
2019-08-10	0.065812	0.000000	0.093166	-0.012116	0.065812	88304426.103029
2019-08-09	-0.048023	-0.001626	0.003169	-0.051224	-0.048023	49294449.143857
2019-08-08	-0.042967	0.003377	0.005071	-0.044002	-0.042967	56631921.157730
2019-08-07	-0.027966	0.000587	0.012166	-0.036474	-0.027966	69024403.372098
2019-08-06	-0.009542	-0.000953	0.015156	-0.052385	-0.009542	95016632.623805
2019-08-05	-0.005328	0.001669	0.052667	-0.006909	-0.005328	87397910.367165
2019-08-04	0.029769	-0.000358	0.071582	-0.000358	0.029769	95419755.162624
2019-08-03	0.010703	-0.000466	0.134654	-0.024682	0.010703	158067999.818049
2019-08-02	0.100189	-0.001187	0.121418	-0.013434	0.100189	88993103.101581
2019-08-01	-0.007092	0.001469	0.013811	-0.033564	-0.007092	46293195.316958
2019-07-31	0.051552	-0.001074	0.062184	-0.004958	0.051552	59937401.399291
2019-07-30	-0.023906	0.000564	0.017588	-0.059618	-0.023906	63663045.970692
2019-07-29	-0.034912	-0.000310	0.011859	-0.039113	-0.034912	41163755.377550
2019-07-28	-0.018043	0.001198	0.012156	-0.054682	-0.018043	37139641.665551
2019-07-27	-0.060361	0.000000	0.023728	-0.070840	-0.060361	57981370.058700
2019-07-26	0.008098	-0.000452	0.017373	-0.014225	0.008098	38644891.115033
2019-07-25	-0.008790	0.000633	0.046327	-0.008790	-0.008790	60195321.446979
2019-07-24	0.014511	0.000000	0.039424	-0.029603	0.014511	78622999.727990
2019-07-23	-0.022566	-0.001050	0.031141	-0.068482	-0.022566	66520544.056244
2019-07-22	-0.048866	-0.000414	0.014234	-0.058805	-0.048866	48393920.176640
2019-07-21	-0.035652	-0.000491	0.009291	-0.055584	-0.035652	48335818.219243
2019-07-20	0.013719	0.000971	0.043528	-0.004196	0.013719	67423557.257084
2019-07-19	-0.026218	0.000000	0.027562	-0.061032	-0.026218	71363582.861662
2019-07-18	0.125808	-0.000599	0.172428	-0.010687	0.125808	142714502.044988
2019-07-17	0.082840	-0.002715	0.171315	-0.059075	0.082840	135564355.946721
2019-07-16	-0.194555	0.000198	0.015760	-0.202709	-0.194555	82850035.776621
2019-07-15	-0.021127	-0.000308	0.020666	-0.066676	-0.021127	95812874.496706
2019-07-14	-0.120835	-0.000985	0.021981	-0.122885	-0.120835	95436163.673873
2019-07-13	-0.001061	0.000754	0.028766	-0.038762	-0.001061	144234535.242263
2019-07-12	0.122637	0.000879	0.154934	-0.056794	0.122637	162546196.170377
2019-07-11	-0.093377	0.000006	0.005930	-0.109246	-0.093377	118728040.008963
2019-07-10	0.001725	-0.001514	0.035360	-0.074125	0.001725	172059405.593258
2019-07-09	-0.066794	0.001683	0.012277	-0.106012	-0.066794	177238039.079315
2019-07-08	0.006457	-0.000460	0.071770	-0.012552	0.006457	111053367.170805
2019-07-07	-0.046744	0.000382	0.010429	-0.056004	-0.046744	97053705.017995
2019-07-06	-0.040107	0.000996	0.002627	-0.043905	-0.040107	100575086.981389
2019-07-05	0.039388	-0.001541	0.061660	-0.011173	0.039388	191209597.086293
2019-07-04	-0.013663	-0.000540	0.024618	-0.062812	-0.013663	178867440.887718
2019-07-03	-0.030798	0.001472	0.039371	-0.031590	-0.030798	204354522.600025
2019-07-02	0.014884	-0.000505	0.063045	-0.100058	0.014884	424338055.428685
2019-07-01	0.042091	0.000606	0.091074	-0.143593	0.042091	377055673.175625
2019-06-30	-0.069201	0.000906	0.105699	-0.083874	-0.069201	434865871.656700
2019-06-29	0.250294	-0.000987	0.533451	-0.020468	0.250294	953804526.986293
2019-06-28	0.306147	0.001281	0.313223	-0.041020	0.306147	229612906.322832
2019-06-27	0.002674	-0.002124	0.114389	-0.084076	0.002674	136956672.043371
2019-06-26	0.032812	0.000000	0.103743	-0.079963	0.032812	179571544.952562
2019-06-25	0.177053	-0.000168	0.294939	-0.001847	0.177053	199041263.454131
2019-06-24	0.032730	0.000000	0.044111	-0.004854	0.032730	30278024.904277
2019-06-23	-0.020222	-0.000293	0.031366	-0.042063	-0.020222	47203298.930848
2019-06-22	0.079679	-0.006096	0.132908	-0.006096	0.079679	65320898.734490
2019-06-21	-0.035502	0.001238	0.013004	-0.081943	-0.035502	56871937.453623
2019-06-20	-0.039648	-0.000744	0.024319	-0.078501	-0.039648	40500785.509300
2019-06-19	0.010945	-0.000945	0.045820	-0.010731	0.010945	38209063.668892
2019-06-18	-0.077650	-0.002696	0.026767	-0.102007	-0.077650	117480215.572064
2019-06-17	0.178198	0.000761	0.212455	0.000265	0.178198	158900877.331441
2019-06-16	-0.027811	0.000326	0.034833	-0.060809	-0.027811	119199288.575478
2019-06-15	0.026689	0.000347	0.066309	-0.029519	0.026689	149453818.069456
2019-06-14	-0.092732	-0.000838	0.017700	-0.205163	-0.092732	344143608.924225
2019-06-13	0.617069	0.000324	0.702552	-0.015369	0.617069	318719301.263817
2019-06-12	0.003913	0.000857	0.022229	-0.025353	0.003913	27563661.250416
2019-06-11	-0.044818	0.002085	0.002085	-0.073854	-0.044818	25861024.252009
2019-06-10	0.110377	-0.000568	0.112737	-0.016808	0.110377	25489176.015241
2019-06-09	-0.068858	0.000305	0.002135	-0.100420	-0.068858	20498195.660170
2019-06-08	-0.021223	-0.000028	0.018517	-0.036095	-0.021223	18457927.049054
2019-06-07	0.051785	-0.007904	0.106958	-0.036149	0.051785	50396873.948510
2019-06-06	0.039471	0.000557	0.150136	-0.012310	0.039471	74387222.390152
2019-06-05	0.219493	0.000000	0.219493	0.000000	0.219493	62912027.286434
2019-06-04	-0.030427	-0.002788	0.022675	-0.058798	-0.030427	25054879.826701
2019-06-03	-0.100219	0.000277	0.000277	-0.107365	-0.100219	19415847.216518
2019-06-02	0.049011	0.000000	0.081867	-0.017595	0.049011	23376401.465335
2019-06-01	-0.055200	0.000789	0.030270	-0.055904	-0.055200	29166848.374251
2019-05-31	-0.003153	0.000000	0.027007	-0.060325	-0.003153	48729261.448706
2019-05-30	-0.133614	0.001348	0.032667	-0.178746	-0.133614	71072186.923085
2019-05-29	-0.072606	-0.000285	-0.000285	-0.094173	-0.072606	41812374.651700
2019-05-28	0.053161	0.000463	0.101675	-0.048120	0.053161	55908376.500225
2019-05-27	0.114018	0.000385	0.165309	0.000385	0.114018	58681257.827097
2019-05-26	-0.037409	-0.001963	0.047223	-0.079442	-0.037409	43379101.004337
2019-05-25	-0.155314	0.000000	0.001899	-0.167285	-0.155314	52065174.356951
2019-05-24	-0.005971	-0.000493	0.058488	-0.078495	-0.005971	52112752.651158
2019-05-23	0.102412	0.002360	0.117383	-0.044834	0.102412	62796580.088629
2019-05-22	0.028771	-0.001668	0.236253	-0.025691	0.028771	118738674.677530
2019-05-21	0.050477	-0.010062	0.090839	-0.055427	0.050477	98438799.045189
2019-05-20	0.135352	-0.000421	0.135352	-0.040978	0.135352	28566428.582256
2019-05-19	0.064439	0.001617	0.115695	-0.005058	0.064439	39610667.322790
2019-05-18	0.052295	0.000000	0.078694	-0.029882	0.052295	20589987.418559
2019-05-17	-0.041456	0.000358	0.056834	-0.119216	-0.041456	39447831.047769
2019-05-16	0.095261	-0.001249	0.107058	-0.085020	0.095261	33573495.115882
2019-05-15	0.027327	0.002453	0.065813	-0.044269	0.027327	20109176.916486
2019-05-14	0.272748	0.000158	0.427387	-0.014474	0.272748	42446071.183255
2019-05-13	-0.017163	0.000000	0.040530	-0.025299	-0.017163	10869526.142014
2019-05-12	-0.030690	0.002455	0.027591	-0.067575	-0.030690	11180413.357913
2019-05-11	0.010966	0.000123	0.089024	-0.025019	0.010966	17115294.415078
2019-05-10	0.049405	-0.000589	0.130475	-0.001293	0.049405	17084492.944138
2019-05-09	0.081671	0.000000	0.178549	-0.004587	0.081671	23088642.459240
2019-05-08	0.085939	-0.001006	0.122847	-0.035527	0.085939	9757957.621169
2019-05-07	-0.057766	0.001155	0.058624	-0.057766	-0.057766	16169094.175700
2019-05-06	0.140323	-0.001127	0.152216	-0.029403	0.140323	11999351.701579
2019-05-05	0.024211	0.000294	0.052352	-0.007122	0.024211	4844367.362792
2019-05-04	-0.033525	0.000000	0.005107	-0.060171	-0.033525	4501321.652604
2019-05-03	0.105182	0.000108	0.126054	-0.005805	0.105182	6755513.959806
2019-05-02	-0.026476	0.000055	0.002442	-0.028273	-0.026476	3212372.988434
2019-05-01	0.006033	0.000823	0.034356	-0.012431	0.006033	4255127.086902
2019-04-30	0.091508	0.000813	0.092559	-0.001263	0.091508	6117527.142470
2019-04-29	-0.032833	0.001163	0.006432	-0.043499	-0.032833	5230685.375061
2019-04-28	0.015053	-0.000110	0.035854	-0.003047	0.015053	4170834.681492
2019-04-27	0.010629	0.000558	0.050606	-0.006701	0.010629	3901156.144295
2019-04-26	-0.019258	0.000044	0.026061	-0.043941	-0.019258	5505480.365609
2019-04-25	-0.068589	-0.000070	0.045624	-0.078523	-0.068589	6760468.073145
2019-04-24	-0.006584	0.000000	0.000000	-0.072306	-0.006584	7281839.864397
2019-04-23	-0.030566	-0.002009	0.013766	-0.030566	-0.030566	6260079.874673
2019-04-22	-0.005674	-0.000298	0.037769	-0.020114	-0.005674	5966146.107568
2019-04-21	-0.031344	-0.000255	0.001328	-0.067025	-0.031344	5015659.745721
2019-04-20	0.002704	0.000382	0.034333	-0.011510	0.002704	4637764.178968
2019-04-19	-0.019247	-0.000843	0.026458	-0.026001	-0.019247	5918320.528738
2019-04-18	0.048181	-0.000839	0.048181	-0.000839	0.048181	4816738.485782
2019-04-17	-0.005554	-0.000044	0.008609	-0.021777	-0.005554	4224360.113584
2019-04-16	0.022023	-0.000634	0.047552	-0.000793	0.022023	4307086.489513
2019-04-15	-0.069082	0.000000	0.000000	-0.082222	-0.069082	6369017.909682
2019-04-14	-0.019412	0.000200	0.014124	-0.050360	-0.019412	5680703.238757
2019-04-13	0.088538	-0.000035	0.093416	-0.001126	0.088538	7063056.785041
2019-04-12	0.018982	-0.001498	0.060332	-0.052620	0.018982	6616811.347105
2019-04-11	-0.065610	0.001383	0.003461	-0.114487	-0.065610	7966597.759842
2019-04-10	-0.026975	-0.000443	0.007501	-0.031424	-0.026975	8226905.549204
2019-04-09	-0.060151	0.000000	0.000000	-0.076428	-0.060151	7970929.349270
2019-04-08	-0.014242	0.000724	0.020075	-0.054938	-0.014242	9889748.012913
2019-04-07	0.012294	-0.000832	0.031249	-0.002330	0.012294	6038856.872749
2019-04-06	-0.012743	0.000216	0.015534	-0.025246	-0.012743	7641844.744497
2019-04-05	0.064968	-0.000499	0.071517	-0.000961	0.064968	7928035.429201
2019-04-04	-0.041052	-0.001737	0.032379	-0.071661	-0.041052	11153063.724213
2019-04-03	-0.032222	-0.001159	0.036063	-0.063615	-0.032222	13494095.565212
2019-04-02	0.050602	-0.000680	0.079127	-0.031826	0.050602	16414974.032107
2019-04-01	0.095594	0.002382	0.101252	-0.009677	0.095594	11605650.783153
2019-03-31	0.026979	0.000000	0.083682	-0.012523	0.026979	9259722.567095
2019-03-30	-0.010459	-0.001056	0.036863	-0.030851	-0.010459	3395827.145767
2019-03-29	-0.007860	0.000000	0.001718	-0.024866	-0.007860	4239834.637889
2019-03-28	0.007179	0.000295	0.032061	-0.015356	0.007179	6329644.583664
2019-03-27	0.078235	0.001113	0.086421	-0.004620	0.078235	6237410.045518
2019-03-26	-0.026857	-0.002507	0.011791	-0.047602	-0.026857	6231819.205854
2019-03-25	0.043800	0.001644	0.071303	-0.013311	0.043800	8467626.591354
2019-03-24	-0.014422	0.000217	0.001449	-0.021857	-0.014422	3100039.284740
2019-03-23	-0.007208	-0.000466	0.003291	-0.015659	-0.007208	2494600.014034
2019-03-22	0.011680	-0.001262	0.017538	-0.017591	0.011680	3835633.106939
2019-03-21	-0.051483	-0.000589	0.001339	-0.075011	-0.051483	4652788.895756
2019-03-20	0.001432	-0.000529	0.017318	-0.013626	0.001432	3511170.462022
2019-03-19	0.009729	-0.000122	0.009889	-0.012969	0.009729	2894766.249333
2019-03-18	-0.006142	0.001126	0.005711	-0.024257	-0.006142	3415763.911400
2019-03-17	-0.003942	0.000088	0.005039	-0.017044	-0.003942	7196927.032496
2019-03-16	-0.009157	0.000074	0.011874	-0.025701	-0.009157	7199554.780282
2019-03-15	-0.002058	-0.001027	0.012114	-0.006995	-0.002058	3912307.374051
2019-03-14	0.013596	-0.000077	0.028785	-0.008865	0.013596	10961574.234648
2019-03-13	-0.008273	-0.000111	0.001924	-0.030595	-0.008273	6203981.141251
2019-03-12	0.045054	0.003206	0.083812	-0.013620	0.045054	9177232.430564
2019-03-11	-0.068315	0.001066	0.026085	-0.077737	-0.068315	11191637.051042
2019-03-10	0.050920	0.000623	0.143873	-0.012097	0.050920	14548536.368701
2019-03-09	0.024140	-0.001209	0.037057	-0.018426	0.024140	7457248.018736
2019-03-08	0.022750	0.000451	0.127524	0.000451	0.022750	14303157.939056
2019-03-07	0.055604	0.002759	0.105876	-0.003655	0.055604	7330126.598794
2019-03-06	-0.002716	-0.000378	0.016569	-0.020668	-0.002716	4082792.872224
2019-03-05	0.061760	0.000427	0.061760	-0.002559	0.061760	6561918.790181
2019-03-04	-0.038564	-0.003235	0.007791	-0.055279	-0.038564	3710144.529342
2019-03-03	-0.008458	-0.002158	0.012088	-0.012376	-0.008458	1849996.332363
2019-03-02	-0.009260	-0.001648	0.014401	-0.020308	-0.009260	2339648.869713
2019-03-01	0.010211	-0.000492	0.034725	-0.008895	0.010211	3667814.521283
2019-02-28	-0.009406	-0.000723	0.031866	-0.020457	-0.009406	3941978.553879
2019-02-27	-0.013610	0.002467	0.023812	-0.033836	-0.013610	3696948.933594
2019-02-26	-0.070555	0.004517	0.010761	-0.073770	-0.070555	6553450.454435
2019-02-25	0.146109	-0.004102	0.146109	-0.008438	0.146109	7817870.835738
2019-02-24	-0.110954	0.002800	0.006440	-0.123577	-0.110954	6649844.334084
2019-02-23	0.021812	-0.001133	0.023976	-0.015567	0.021812	4318600.109218
2019-02-22	0.014741	-0.001757	0.031383	-0.006398	0.014741	4048572.737928
2019-02-21	-0.044297	-0.000019	0.020863	-0.050777	-0.044297	6437539.253849
2019-02-20	0.017360	0.000140	0.034867	-0.019706	0.017360	6379429.418031
2019-02-19	-0.034104	-0.002417	0.010469	-0.034104	-0.034104	6259916.022739
2019-02-18	0.036795	0.006817	0.054911	-0.006333	0.036795	6753507.559824
2019-02-17	0.038565	-0.001435	0.073614	-0.023605	0.038565	6623800.216337
2019-02-16	0.017419	0.000711	0.027414	0.000711	0.017419	2715140.206848
2019-02-15	0.010721	-0.000721	0.032716	-0.015592	0.010721	3006563.844443
2019-02-14	-0.035284	-0.001686	0.003156	-0.049199	-0.035284	3914369.437628
2019-02-13	0.043838	0.001778	0.043838	-0.013542	0.043838	4517364.600140
2019-02-12	-0.009443	-0.003466	0.010659	-0.017677	-0.009443	4205374.694555
2019-02-11	-0.050279	0.001116	0.001116	-0.063540	-0.050279	5928665.163257
2019-02-10	-0.026162	0.001087	0.033808	-0.052417	-0.026162	7950325.823191
2019-02-09	0.063721	0.004874	0.097345	-0.008015	0.063721	6382734.700713
2019-02-08	0.087290	0.001130	0.103865	-0.006935	0.087290	6900023.577465
2019-02-07	0.004640	0.000224	0.016693	-0.015740	0.004640	3171281.796689
2019-02-06	-0.052531	0.001104	0.001104	-0.067690	-0.052531	5378906.392022
2019-02-05	0.069272	-0.002795	0.091236	-0.010197	0.069272	5865307.262222
2019-02-04	-0.004266	0.002836	0.033031	-0.020350	-0.004266	4850155.165305
2019-02-03	-0.045273	0.002916	0.003131	-0.057137	-0.045273	3856282.101825
2019-02-02	-0.010343	-0.002700	0.029109	-0.041320	-0.010343	4128146.791724
2019-02-01	0.081439	0.000278	0.104613	-0.010148	0.081439	5696881.085461
2019-01-31	-0.091909	0.005924	0.030838	-0.095082	-0.091909	7507124.466940
2019-01-30	-0.062179	-0.003934	-0.003934	-0.074965	-0.062179	8965899.226963
2019-01-29	0.100957	-0.000077	0.118856	-0.002009	0.100957	18998439.882438
2019-01-28	-0.046706	0.000901	0.002078	-0.174800	-0.046706	13461910.564593
2019-01-27	-0.081331	-0.005042	-0.005042	-0.088884	-0.081331	10244607.071994
2019-01-26	-0.015432	-0.000634	0.024739	-0.023296	-0.015432	5982203.806023
2019-01-25	-0.048970	0.008821	0.028295	-0.053647	-0.048970	8985719.084580
2019-01-24	-0.011243	0.000003	0.002202	-0.060584	-0.011243	8538515.278436
2019-01-23	-0.056185	-0.000167	0.020904	-0.061368	-0.056185	10344545.052439
2019-01-22	0.073346	-0.002844	0.123128	-0.002844	0.073346	13998683.113562
2019-01-21	0.027114	0.000285	0.069699	-0.026981	0.027114	9503122.720074
2019-01-20	-0.002741	-0.001126	0.011841	-0.039810	-0.002741	7018434.183875
2019-01-19	-0.018496	0.000238	0.000238	-0.050744	-0.018496	7015260.050327
2019-01-18	0.036686	-0.001099	0.051727	-0.027499	0.036686	8659548.236724
2019-01-17	-0.028875	-0.002806	0.002628	-0.046998	-0.028875	11096120.752134
2019-01-16	-0.041290	0.002449	0.043423	-0.069933	-0.041290	18011676.635132
2019-01-15	0.068226	0.003502	0.147122	-0.041411	0.068226	26829916.485652
2019-01-14	0.093187	-0.006014	0.121130	-0.043997	0.093187	17594770.800816
2019-01-13	0.077663	-0.004102	0.096235	-0.074924	0.077663	9558625.713837
2019-01-12	-0.071925	0.001372	0.055852	-0.082469	-0.071925	15375000.336939
2019-01-11	0.252646	0.001052	0.308079	-0.003421	0.252646	14491940.742084
2019-01-10	-0.117473	-0.002082	0.012171	-0.137493	-0.117473	5524822.181729
2019-01-09	-0.052790	0.009867	0.027659	-0.054535	-0.052790	8182734.357291
2019-01-08	0.126766	0.003351	0.127824	-0.029428	0.126766	6481962.773601
2019-01-07	-0.051727	0.000155	0.032657	-0.064504	-0.051727	5182374.308018
2019-01-06	0.002682	0.000765	0.017570	-0.055821	0.002682	7628848.220056
2019-01-05	-0.094303	0.005789	0.014594	-0.113317	-0.094303	13064911.102534
2019-01-04	0.194552	0.007539	0.229699	0.002978	0.194552	24652792.697105
2019-01-03	0.156358	0.000129	0.176185	-0.003046	0.156358	10890273.113860
2019-01-02	0.057179	0.004672	0.063124	-0.006369	0.057179	1637715.346816
2019-01-01	0.034295	0.000048	0.043311	-0.000131	0.034295	1522528.560940
2018-12-31	-0.030802	0.004272	0.011887	-0.045674	-0.030802	1427064.512758
2018-12-30	-0.004422	-0.001445	0.048987	-0.016303	-0.004422	1852487.571599
2018-12-29	0.005330	0.001855	0.068600	-0.026202	0.005330	2630384.874573
2018-12-28	0.084341	0.021744	0.096125	-0.063988	0.084341	3236125.920263
2018-12-27	-0.105377	-0.002806	0.010389	-0.111915	-0.105377	3696029.298026
2018-12-26	-0.031728	-0.004311	0.003711	-0.067214	-0.031728	4251937.442846
2018-12-25	0.031530	0.000291	0.044712	-0.062673	0.031530	4949792.595244
2018-12-24	-0.016947	0.002940	0.057381	-0.040938	-0.016947	3333646.272216
2018-12-23	0.006282	0.005628	0.028554	-0.032835	0.006282	2828792.001183
2018-12-22	0.042959	-0.001069	0.042959	-0.038603	0.042959	3110686.653533
2018-12-21	-0.118234	0.004580	0.007747	-0.135373	-0.118234	4301773.479658
2018-12-20	0.142268	-0.003996	0.164786	-0.011931	0.142268	9490875.138998
2018-12-19	0.096662	0.007786	0.157175	-0.019596	0.096662	5660320.274456
2018-12-18	0.157670	0.000864	0.161608	-0.022791	0.157670	3884846.990815
2018-12-17	0.128286	-0.010575	0.149088	-0.011874	0.128286	2037676.867728
2018-12-16	0.017333	0.001041	0.079341	-0.000384	0.017333	1719297.399832
2018-12-15	0.002094	0.004213	0.020503	-0.017789	0.002094	1292230.871312
2018-12-14	-0.013438	0.001093	0.022229	-0.032345	-0.013438	1356091.594996
2018-12-13	-0.092888	0.001012	0.006731	-0.109449	-0.092888	1188210.378186
2018-12-12	0.015076	-0.008132	0.080766	-0.009226	0.015076	1357029.052975
2018-12-11	0.019715	0.001854	0.030884	-0.036265	0.019715	923275.785448
2018-12-10	-0.086403	-0.000455	0.012983	-0.101921	-0.086403	815586.663175
2018-12-09	0.050411	-0.001748	0.078664	-0.037402	0.050411	1430496.977027
2018-12-08	0.054580	0.000036	0.128655	-0.020962	0.054580	2173230.558035
2018-12-07	-0.028122	-0.002340	0.002158	-0.116852	-0.028122	2270700.805062
2018-12-06	-0.132032	0.000507	0.053010	-0.132032	-0.132032	2461189.552126
2018-12-05	-0.108401	-0.007481	0.017990	-0.108401	-0.108401	1554730.261631
2018-12-04	-0.002323	-0.003081	0.075238	-0.014451	-0.002323	1994609.495468
2018-12-03	-0.086092	0.006100	0.008678	-0.100131	-0.086092	1617949.573502
2018-12-02	-0.051204	-0.001380	0.035760	-0.053063	-0.051204	1143867.033781
2018-12-01	0.032431	0.001748	0.070444	-0.021626	0.032431	2359404.815658
2018-11-30	-0.065375	-0.000011	0.126103	-0.096441	-0.065375	4213313.340270
2018-11-29	0.040192	0.000885	0.159773	-0.049646	0.040192	4077698.186125
2018-11-28	0.152568	0.002524	0.217759	-0.006130	0.152568	3667720.000000
2018-11-27	0.013098	-0.000891	0.081577	-0.055484	0.013098	4308920.000000
2018-11-26	0.094200	0.001923	0.096693	-0.076942	0.094200	2712730.000000
2018-11-25	-0.088344	-0.000278	-0.000278	-0.157407	-0.088344	3812450.000000
2018-11-24	-0.135952	0.000704	0.030524	-0.204711	-0.135952	1634890.000000
2018-11-23	-0.039707	-0.007050	0.024402	-0.067728	-0.039707	1661750.000000
2018-11-22	-0.066791	-0.003018	0.047460	-0.066791	-0.066791	2252920.000000
2018-11-21	0.075170	-0.000255	0.104282	-0.049846	0.075170	3028430.000000
2018-11-20	-0.168925	-0.006681	0.021022	-0.211916	-0.168925	4418950.000000
2018-11-19	-0.215452	0.002880	0.002880	-0.254833	-0.215452	4749190.000000
2018-11-18	0.080636	0.002053	0.097669	-0.007839	0.080636	3048070.000000
2018-11-17	-0.054152	0.002102	0.005849	-0.072140	-0.054152	4137480.000000
2018-11-16	-0.053060	-0.005777	-0.005120	-0.065674	-0.053060	4171370.000000
2018-11-15	-0.011335	-0.000710	0.021273	-0.102843	-0.011335	7177480.000000
2018-11-14	-0.057786	0.005278	0.056109	-0.162204	-0.057786	9008150.000000
2018-11-13	0.033126	-0.000268	0.103909	-0.016718	0.033126	11449100.000000
2018-11-12	0.104316	0.004729	0.109223	-0.009299	0.104316	3420880.000000
2018-11-11	-0.022080	-0.001347	0.007846	-0.036890	-0.022080	1026380.000000
2018-11-10	0.058208	0.000999	0.070803	-0.003974	0.058208	2227350.000000
2018-11-09	-0.011039	-0.006193	0.004066	-0.029512	-0.011039	1271700.000000
2018-11-08	0.032839	-0.000718	0.083540	-0.006272	0.032839	3155890.000000
2018-11-07	-0.004078	0.000597	0.011307	-0.026682	-0.004078	1232730.000000
2018-11-06	0.005707	0.000625	0.021163	-0.035183	0.005707	1949590.000000
2018-11-05	-0.044897	-0.002147	0.018691	-0.049733	-0.044897	1623590.000000
2018-11-04	-0.071884	-0.003407	0.000494	-0.101650	-0.071884	2981540.000000
2018-11-03	0.084364	0.002370	0.107586	-0.001088	0.084364	3484070.000000
2018-11-02	-0.025756	0.003393	0.019807	-0.031034	-0.025756	2995750.000000
2018-11-01	0.015765	0.009155	0.152868	-0.011378	0.015765	15507100.000000
2018-10-31	0.123519	0.005375	0.171677	-0.019274	0.123519	7214500.000000
2018-10-30	0.077155	-0.000033	0.099161	-0.004546	0.077155	2879160.000000
2018-10-29	-0.050630	-0.005503	-0.001426	-0.097044	-0.050630	1424720.000000
2018-10-28	-0.008813	0.000061	0.006436	-0.034571	-0.008813	1171860.000000
2018-10-27	0.028328	0.002411	0.059314	-0.026890	0.028328	1712840.000000
2018-10-26	-0.012839	0.001921	0.018598	-0.053687	-0.012839	2274910.000000
2018-10-25	0.062290	0.001548	0.074576	-0.033407	0.062290	1596200.000000
2018-10-24	-0.058938	-0.006550	-0.000493	-0.068294	-0.058938	2378480.000000
2018-10-23	0.121537	-0.000079	0.235081	-0.000079	0.121537	10378700.000000
2018-10-22	0.050136	-0.007730	0.054377	-0.044762	0.050136	1903340.000000
2018-10-21	0.002765	-0.002193	0.020900	-0.012442	0.002765	793981.000000
2018-10-20	0.024281	-0.001232	0.029726	-0.009561	0.024281	761786.000000
2018-10-19	-0.039627	-0.002929	0.008705	-0.052880	-0.039627	892791.000000
2018-10-18	-0.000146	-0.002151	0.052949	-0.028509	-0.000146	1957950.000000
2018-10-17	0.050504	0.003171	0.067648	-0.022993	0.050504	3231860.000000
2018-10-16	0.056551	0.001422	0.082455	-0.009386	0.056551	2507920.000000
2018-10-15	0.044128	0.002924	0.078003	-0.009776	0.044128	1787330.000000
2018-10-14	0.020201	0.002700	0.047864	-0.008594	0.020201	959805.000000
2018-10-13	0.024303	0.002050	0.040051	0.000752	0.024303	602792.000000
2018-10-12	0.026639	-0.000376	0.037952	-0.004294	0.026639	1180340.000000
2018-10-11	-0.128385	-0.001164	0.001664	-0.134327	-0.128385	1584750.000000
2018-10-10	0.023988	-0.001177	0.050184	-0.022316	0.023988	2540720.000000
2018-10-09	-0.011272	0.000111	0.001869	-0.039219	-0.011272	1409520.000000
2018-10-08	0.017617	0.000883	0.028892	-0.008183	0.017617	1334080.000000
2018-10-07	-0.001364	-0.002674	0.008740	-0.014055	-0.001364	1286090.000000
2018-10-06	-0.051629	0.009158	0.057640	-0.062280	-0.051629	4656480.000000
2018-10-05	0.110812	-0.000156	0.142519	-0.009500	0.110812	4114640.000000
2018-10-04	0.034163	0.001009	0.039380	0.001009	0.034163	996871.000000
2018-10-03	-0.033531	-0.001819	0.001551	-0.047050	-0.033531	1149830.000000
2018-10-02	-0.012689	-0.002048	0.006260	-0.019595	-0.012689	1133880.000000
2018-10-01	-0.020084	0.002784	0.004146	-0.026153	-0.020084	772346.000000
2018-09-30	0.008190	-0.000887	0.011340	-0.026185	0.008190	896424.000000
2018-09-29	-0.017258	-0.000743	-0.000743	-0.028443	-0.017258	569884.000000
2018-09-28	-0.030692	0.001586	0.011736	-0.052420	-0.030692	1126520.000000
2018-09-27	-0.009555	-0.012043	0.003015	-0.048237	-0.009555	2188310.000000
2018-09-26	0.068703	-0.000940	0.155091	-0.030224	0.068703	4319900.000000
2018-09-25	-0.024395	-0.003520	0.037812	-0.052567	-0.024395	2487050.000000
2018-09-24	-0.026053	-0.002433	0.029472	-0.037528	-0.026053	1999280.000000
2018-09-23	0.017016	0.006822	0.028695	-0.014820	0.017016	2458210.000000
2018-09-22	-0.043710	0.001361	0.001361	-0.084556	-0.043710	2895180.000000
2018-09-21	-0.014230	-0.012095	0.043867	-0.054282	-0.014230	7925320.000000
2018-09-20	0.088798	0.008208	0.289623	-0.008518	0.088798	26124800.000000
2018-09-19	0.130355	-0.000673	0.184271	-0.020143	0.130355	6164950.000000
2018-09-18	0.083696	0.000633	0.137682	-0.009523	0.083696	1569640.000000
2018-09-17	-0.018783	0.003768	0.030489	-0.046508	-0.018783	644191.000000
2018-09-16	0.016997	0.006889	0.042887	-0.031026	0.016997	699587.000000
2018-09-15	0.001450	0.003217	0.038063	-0.013667	0.001450	430008.000000
2018-09-14	-0.010590	0.002311	0.004408	-0.036685	-0.010590	727881.000000
2018-09-13	0.072116	0.002608	0.089947	0.001085	0.072116	780362.000000
2018-09-12	-0.026625	0.001978	0.044212	-0.049453	-0.026625	902340.000000
2018-09-11	0.050935	-0.003555	0.078553	-0.031670	0.050935	919435.000000
2018-09-10	0.033645	0.000325	0.062947	-0.000647	0.033645	608181.000000
2018-09-09	-0.008954	-0.001984	0.056117	-0.031607	-0.008954	438981.000000
2018-09-08	-0.071951	0.004063	0.059353	-0.087470	-0.071951	554111.000000
2018-09-07	-0.043056	-0.000452	0.062084	-0.051893	-0.043056	1305730.000000
2018-09-06	0.013737	-0.005999	0.057042	-0.087213	0.013737	1793980.000000
2018-09-05	-0.103500	0.000133	0.002713	-0.113893	-0.103500	1648130.000000
2018-09-04	-0.013884	0.009012	0.017576	-0.036366	-0.013884	1253120.000000
2018-09-03	-0.022506	-0.000045	0.001286	-0.052425	-0.022506	697608.000000
2018-09-02	-0.052763	-0.000165	0.040681	-0.083605	-0.052763	1355060.000000
2018-09-01	0.000485	-0.000363	0.018961	-0.026958	0.000485	473642.000000
2018-08-31	0.074361	0.000671	0.088824	-0.023396	0.074361	1091390.000000
2018-08-30	-0.010754	-0.000473	0.017576	-0.057251	-0.010754	1329920.000000
2018-08-29	-0.080654	0.000476	0.004181	-0.080654	-0.080654	875125.000000
2018-08-28	-0.000869	-0.002499	0.010575	-0.030415	-0.000869	1265750.000000
2018-08-27	0.021914	-0.000438	0.021914	-0.016471	0.021914	643844.000000
2018-08-26	0.028493	-0.005426	0.053229	-0.043028	0.028493	1134650.000000
2018-08-25	-0.050931	-0.004060	0.004684	-0.050931	-0.050931	920084.000000
2018-08-24	0.049545	0.002302	0.064899	-0.021522	0.049545	1491040.000000
2018-08-23	0.020309	-0.000620	0.023971	-0.037809	0.020309	2108960.000000
2018-08-22	0.008672	0.005354	0.118114	-0.025525	0.008672	2623480.000000
2018-08-21	0.085862	0.012657	0.165020	-0.003937	0.085862	3836640.000000
2018-08-20	-0.049657	-0.010418	0.010577	-0.055338	-0.049657	1424350.000000
2018-08-19	0.105927	0.008177	0.140872	0.005605	0.105927	2567610.000000
2018-08-18	-0.063418	0.002152	0.019145	-0.105724	-0.063418	1755680.000000
2018-08-17	0.087916	0.006110	0.096707	-0.003150	0.087916	2160710.000000
2018-08-16	0.041534	-0.002679	0.084862	-0.022710	0.041534	1733710.000000
2018-08-15	-0.052823	0.010610	0.026608	-0.062296	-0.052823	2353510.000000
2018-08-14	0.048663	-0.004150	0.051270	-0.125746	0.048663	3309590.000000
2018-08-13	-0.085703	0.002119	0.051873	-0.085703	-0.085703	2741600.000000
2018-08-12	0.047759	0.003355	0.067289	-0.034119	0.047759	2512980.000000
2018-08-11	-0.014767	-0.000950	0.024996	-0.137475	-0.014767	3237720.000000
2018-08-10	-0.005074	0.000319	0.130034	-0.023435	-0.005074	4713140.000000
2018-08-09	0.210875	0.000623	0.317914	0.000623	0.210875	5960760.000000
2018-08-08	-0.025458	0.001449	0.008957	-0.059676	-0.025458	996081.000000
2018-08-07	-0.010462	-0.006813	0.091115	-0.018349	-0.010462	1039530.000000
2018-08-06	-0.068818	0.001189	0.021150	-0.079611	-0.068818	723640.000000
2018-08-05	-0.015667	-0.004427	-0.002140	-0.061724	-0.015667	866923.000000
2018-08-04	-0.093968	0.001176	0.007895	-0.125463	-0.093968	1284510.000000
2018-08-03	-0.080218	0.001851	0.001851	-0.113031	-0.080218	1460180.000000
2018-08-02	0.077625	0.003683	0.104612	0.003209	0.077625	1954190.000000
2018-08-01	-0.022638	0.010792	0.050593	-0.083059	-0.022638	1546730.000000
2018-07-31	-0.076475	-0.014299	-0.014299	-0.168543	-0.076475	2272300.000000
2018-07-30	-0.031657	0.002188	0.091442	-0.120857	-0.031657	3691130.000000
2018-07-29	0.173933	0.005065	0.238702	-0.010926	0.173933	5325900.000000
2018-07-28	0.049247	-0.000202	0.074704	-0.048437	0.049247	1182800.000000
2018-07-27	0.059600	0.002728	0.125155	-0.022392	0.059600	2030030.000000
2018-07-26	0.033331	0.005396	0.153557	-0.001830	0.033331	2378590.000000
2018-07-25	0.202760	-0.009175	0.295493	-0.024114	0.202760	4145790.000000
2018-07-24	0.028287	-0.007440	0.052058	-0.066790	0.028287	1061290.000000
2018-07-23	-0.021706	0.004915	0.062084	-0.025087	-0.021706	751454.000000
2018-07-22	-0.096726	0.002153	0.004023	-0.098677	-0.096726	877479.000000
2018-07-21	0.030219	0.005151	0.030219	-0.080356	0.030219	987338.000000
2018-07-20	-0.057573	-0.005120	0.023568	-0.076496	-0.057573	583083.000000
2018-07-19	-0.042151	0.012712	0.018379	-0.058620	-0.042151	684897.000000
2018-07-18	-0.035766	0.000209	0.028483	-0.075436	-0.035766	913101.000000
2018-07-17	0.117340	-0.000202	0.142803	-0.018346	0.117340	849921.000000
2018-07-16	0.116647	0.004420	0.119808	-0.034153	0.116647	696931.000000
2018-07-15	0.023725	0.004910	0.035811	-0.028173	0.023725	398773.000000
2018-07-14	-0.029916	0.001540	0.014609	-0.039403	-0.029916	499009.000000
2018-07-13	-0.019057	0.001290	0.060945	-0.023109	-0.019057	776288.000000
2018-07-12	-0.010356	0.001016	0.024403	-0.065146	-0.010356	598761.000000
2018-07-11	-0.020988	-0.002140	0.020453	-0.040707	-0.020988	531092.000000
2018-07-10	-0.102242	-0.000395	0.005569	-0.116008	-0.102242	584208.000000
2018-07-09	-0.046724	0.004790	0.026375	-0.048232	-0.046724	575313.000000
2018-07-08	-0.012791	-0.007410	0.010986	-0.041714	-0.012791	497111.000000
2018-07-07	0.086945	0.004918	0.112242	0.000931	0.086945	1712400.000000
2018-07-06	0.052427	-0.000037	0.060656	-0.012257	0.052427	458131.000000
2018-07-05	-0.059375	-0.004977	0.039326	-0.073431	-0.059375	646977.000000
2018-07-04	-0.017893	-0.003357	0.047535	-0.025470	-0.017893	617233.000000
2018-07-03	-0.050129	0.002566	0.047771	-0.055811	-0.050129	721174.000000
2018-07-02	0.125678	0.006487	0.143065	-0.038816	0.125678	832198.000000
2018-07-01	-0.023912	-0.001836	0.015087	-0.052057	-0.023912	552528.000000
2018-06-30	0.251541	-0.000480	0.254888	-0.000480	0.251541	1331670.000000
2018-06-29	0.088971	-0.000391	0.103333	-0.024916	0.088971	435250.000000
2018-06-28	-0.033239	0.000919	0.020809	-0.042833	-0.033239	1015270.000000
2018-06-27	0.007167	-0.000316	0.029191	-0.029425	0.007167	450340.000000
2018-06-26	-0.049673	-0.001174	0.030140	-0.050485	-0.049673	466123.000000
2018-06-25	-0.038766	-0.000941	0.011212	-0.044858	-0.038766	534090.000000
2018-06-24	-0.034679	0.000919	0.000919	-0.122700	-0.034679	486218.000000
2018-06-23	0.040685	-0.001483	0.060928	-0.009377	0.040685	473507.000000
2018-06-22	-0.125854	-0.002870	0.000784	-0.169405	-0.125854	976667.000000
2018-06-21	-0.056299	-0.004969	0.038053	-0.059491	-0.056299	916385.000000
2018-06-20	0.021815	0.008385	0.093498	-0.041913	0.021815	1090550.000000
2018-06-19	0.050862	-0.001357	0.064828	-0.004651	0.050862	636392.000000
2018-06-18	-0.018327	0.000589	0.023902	-0.047771	-0.018327	649237.000000
2018-06-17	-0.036123	0.001360	0.025106	-0.049950	-0.036123	659047.000000
2018-06-16	-0.006866	-0.000197	0.033361	-0.063840	-0.006866	491185.000000
2018-06-15	-0.068373	0.000083	0.002971	-0.073840	-0.068373	420554.000000
2018-06-14	0.118578	0.000280	0.148416	-0.004960	0.118578	1224850.000000
2018-06-13	-0.061714	-0.000472	0.013707	-0.122509	-0.061714	1545500.000000
2018-06-12	-0.130579	0.007369	0.023021	-0.140618	-0.130579	1093790.000000
2018-06-11	0.087447	0.001232	0.092558	-0.002088	0.087447	822274.000000
2018-06-10	-0.187471	-0.002372	-0.002372	-0.199715	-0.187471	1404290.000000
2018-06-09	0.013944	0.006166	0.056890	-0.010762	0.013944	980861.000000
2018-06-08	-0.043156	0.001258	0.044894	-0.043156	-0.043156	1653140.000000
2018-06-07	-0.070011	0.000946	0.013781	-0.081479	-0.070011	1534880.000000
2018-06-06	-0.018820	-0.000565	0.023332	-0.038680	-0.018820	958238.000000
2018-06-05	-0.012681	-0.003454	0.005480	-0.056677	-0.012681	1150320.000000
2018-06-04	-0.060131	-0.004085	0.003229	-0.087297	-0.060131	1482450.000000
2018-06-03	-0.013656	0.002861	0.015722	-0.019218	-0.013656	1784810.000000
2018-06-02	0.050949	0.004661	0.059948	-0.008764	0.050949	1931240.000000
2018-06-01	0.013719	-0.001108	0.040116	-0.013409	0.013719	1749230.000000
2018-05-31	0.026617	0.000527	0.048286	-0.011961	0.026617	1893860.000000
2018-05-30	-0.043908	0.001281	0.027134	-0.054086	-0.043908	1887930.000000
2018-05-29	0.112101	0.000491	0.118863	-0.026218	0.112101	2054720.000000
2018-05-28	-0.085153	0.000594	0.011519	-0.095204	-0.085153	1893850.000000
2018-05-27	-0.053127	-0.000019	-0.000019	-0.069368	-0.053127	1537460.000000
2018-05-26	0.063503	0.000166	0.104592	-0.005139	0.063503	2132460.000000
2018-05-25	-0.049034	0.003661	0.020850	-0.063624	-0.049034	884160.000000
2018-05-24	0.033944	-0.003410	0.045229	-0.062147	0.033944	994366.000000
2018-05-23	-0.075085	-0.000536	0.020300	-0.137338	-0.075085	1671040.000000
2018-05-22	-0.111602	0.000443	0.001739	-0.114098	-0.111602	1350350.000000
2018-05-21	-0.063585	0.000232	0.014661	-0.067992	-0.063585	1486740.000000
2018-05-20	0.000188	0.002150	0.030268	-0.012761	0.000188	1025440.000000
2018-05-19	-0.008219	0.000103	0.027668	-0.021854	-0.008219	1142290.000000
2018-05-18	0.027886	-0.002810	0.048843	-0.030181	0.027886	1238790.000000
2018-05-17	-0.075784	0.000137	0.017952	-0.085550	-0.075784	1213040.000000
2018-05-16	-0.045859	0.000129	0.010593	-0.059630	-0.045859	2304810.000000
2018-05-15	-0.024971	0.000397	0.045221	-0.027378	-0.024971	4057270.000000
2018-05-14	0.026725	0.000207	0.031643	-0.072111	0.026725	7448630.000000
2018-05-13	0.083253	-0.002042	0.092701	-0.005951	0.083253	7268850.000000
2018-05-12	-0.006583	-0.004824	0.024972	-0.068254	-0.006583	5915750.000000
2018-05-11	-0.111193	0.004142	0.030218	-0.119780	-0.111193	7637640.000000
2018-05-10	-0.024353	0.002306	0.076087	-0.024895	-0.024353	8782470.000000
2018-05-09	-0.024138	0.001056	0.024838	-0.061710	-0.024138	8745840.000000
2018-05-08	-0.035184	0.004153	0.056243	-0.039346	-0.035184	11448600.000000
2018-05-07	0.064300	0.001397	0.070411	-0.039289	0.064300	11589100.000000
2018-05-06	-0.057977	-0.002995	0.014060	-0.097667	-0.057977	10221100.000000
2018-05-05	-0.018964	-0.000256	0.039711	-0.024034	-0.018964	8913690.000000
2018-05-04	0.026272	0.000786	0.048454	-0.038732	0.026272	9514950.000000
2018-05-03	0.005256	0.002444	0.028217	-0.019299	0.005256	12504300.000000
2018-05-02	0.025981	-0.002896	0.052060	-0.014778	0.025981	12012700.000000
2018-05-01	0.010483	0.003756	0.035615	-0.057076	0.010483	11765500.000000
2018-04-30	0.056188	0.006073	0.154718	-0.027321	0.056188	16614200.000000
2018-04-29	0.064478	-0.000902	0.082045	-0.000902	0.064478	13234600.000000
2018-04-28	0.071838	0.000288	0.074822	-0.006892	0.071838	11109500.000000
2018-04-27	-0.077819	0.000490	0.000490	-0.077819	-0.077819	9550110.000000
2018-04-26	0.128419	0.007945	0.131582	-0.016827	0.128419	9472480.000000
2018-04-25	-0.190858	-0.007032	-0.007032	-0.216658	-0.190858	11093000.000000
2018-04-24	0.090253	-0.000331	0.097058	-0.000331	0.090253	14352600.000000
2018-04-23	-0.013871	0.000557	0.013437	-0.016485	-0.013871	13159300.000000
2018-04-22	0.016204	0.000779	0.032433	-0.013127	0.016204	12728200.000000
2018-04-21	0.020633	0.002011	0.027344	-0.091092	0.020633	13561900.000000
2018-04-20	-0.002856	0.000642	0.017631	-0.040545	-0.002856	12657700.000000
2018-04-19	0.081797	0.000350	0.081797	-0.001190	0.081797	12987800.000000
2018-04-18	0.070769	0.003114	0.073705	0.003114	0.070769	11779200.000000
2018-04-17	0.017718	0.000134	0.080825	-0.004737	0.017718	11459000.000000
2018-04-16	-0.033985	0.000788	0.008982	-0.066265	-0.033985	9864350.000000
2018-04-15	0.075986	0.001289	0.084039	0.001289	0.075986	10745200.000000
2018-04-14	0.032667	-0.003939	0.096141	-0.017243	0.032667	9167990.000000
2018-04-13	-0.013619	0.001246	0.084504	-0.032176	-0.013619	11271600.000000
2018-04-12	0.076607	-0.003284	0.086686	-0.054374	0.076607	11536600.000000
2018-04-11	0.009698	0.001815	0.055402	-0.009088	0.009698	10603500.000000
2018-04-10	0.142228	0.022043	0.149097	0.004979	0.142228	9540080.000000
2018-04-09	-0.047589	0.002914	0.038393	-0.082530	-0.047589	9020550.000000
2018-04-08	0.075528	0.006958	0.086593	-0.012728	0.075528	10058800.000000
2018-04-07	0.105656	-0.000011	0.110491	-0.000178	0.105656	8668510.000000
2018-04-06	-0.041345	-0.005876	0.010832	-0.056203	-0.041345	7671220.000000
2018-04-05	-0.011153	-0.003784	0.064568	-0.061276	-0.011153	9738160.000000
2018-04-04	-0.017978	-0.000501	0.016837	-0.089389	-0.017978	8929810.000000
2018-04-03	0.079614	0.001001	0.089830	-0.013629	0.079614	8705370.000000
2018-04-02	0.046273	0.005043	0.066916	-0.006491	0.046273	7697230.000000
2018-04-01	-0.066356	-0.000300	0.015751	-0.127080	-0.066356	7962260.000000
2018-03-31	-0.025472	-0.002511	0.037670	-0.031135	-0.025472	7349410.000000
2018-03-30	0.026174	0.001049	0.092618	-0.040748	0.026174	7631570.000000
2018-03-29	-0.202654	0.003865	0.008399	-0.215495	-0.202654	8848710.000000
2018-03-28	0.025515	0.002942	0.049769	-0.018344	0.025515	8432800.000000
2018-03-27	-0.077716	-0.000721	0.002350	-0.092305	-0.077716	6654480.000000
2018-03-26	-0.085222	-0.000886	0.018510	-0.145655	-0.085222	9116330.000000
2018-03-25	-0.030972	-0.020853	-0.002412	-0.060362	-0.030972	8585700.000000
2018-03-24	0.024307	0.012714	0.058982	-0.017652	0.024307	8999810.000000
2018-03-23	-0.024212	0.001424	0.019178	-0.095571	-0.024212	9846940.000000
2018-03-22	-0.058661	-0.001740	0.027287	-0.122834	-0.058661	10720800.000000
2018-03-21	0.137111	0.001904	0.163615	-0.004220	0.137111	12823600.000000
2018-03-20	0.026383	0.015124	0.052785	-0.053938	0.026383	8897510.000000
2018-03-19	0.022248	-0.005989	0.034746	-0.053943	0.022248	8994920.000000
2018-03-18	-0.001399	-0.004090	0.017292	-0.239867	-0.001399	9742300.000000
2018-03-17	-0.119125	-0.001004	-0.001004	-0.135917	-0.119125	9340520.000000
2018-03-16	0.011157	-0.004141	0.053426	-0.008867	0.011157	10271100.000000
2018-03-15	-0.053813	-0.002193	0.002223	-0.107112	-0.053813	8460960.000000
2018-03-14	-0.213237	0.004182	0.024058	-0.234222	-0.213237	5288160.000000
2018-03-13	0.105142	-0.005278	0.108672	-0.010637	0.105142	4227540.000000
2018-03-12	-0.006477	-0.004933	0.097166	-0.033658	-0.006477	5513180.000000
2018-03-11	0.097954	-0.004364	0.104719	-0.044566	0.097954	2527380.000000
2018-03-10	-0.027381	-0.004525	0.063295	-0.030825	-0.027381	2491710.000000
2018-03-09	-0.011400	-0.002046	0.012212	-0.112941	-0.011400	3412130.000000
2018-03-08	-0.066634	-0.007052	0.004590	-0.114703	-0.066634	3397200.000000
2018-03-07	-0.023830	-0.000066	0.063029	-0.146569	-0.023830	5364650.000000
2018-03-06	-0.090105	-0.005195	-0.005195	-0.098264	-0.090105	3218950.000000
2018-03-05	-0.010256	0.002308	0.025767	-0.027740	-0.010256	4530590.000000
2018-03-04	-0.057082	0.000814	0.018137	-0.086012	-0.057082	4243320.000000
2018-03-03	-0.036823	-0.000902	0.025567	-0.057304	-0.036823	3547810.000000
2018-03-02	-0.015569	-0.002114	0.016188	-0.024803	-0.015569	3763040.000000
2018-03-01	0.002446	0.001279	0.029343	-0.017534	0.002446	3992240.000000
2018-02-28	-0.086345	0.000257	0.022612	-0.086891	-0.086345	4943770.000000
2018-02-27	0.047019	0.000599	0.063250	-0.021391	0.047019	5426840.000000
2018-02-26	0.023280	-0.004386	0.033495	-0.050255	0.023280	4113690.000000
2018-02-25	0.038032	-0.007596	0.075072	-0.021788	0.038032	5793540.000000
2018-02-24	-0.035319	0.001830	0.064630	-0.083423	-0.035319	5582380.000000
2018-02-23	0.121059	-0.001178	0.124219	-0.049339	0.121059	6902820.000000
2018-02-22	-0.079162	0.001721	0.092053	-0.106164	-0.079162	5678200.000000
2018-02-21	-0.066088	-0.006518	0.049069	-0.108933	-0.066088	7049450.000000
2018-02-20	-0.096126	-0.004007	0.059374	-0.098360	-0.096126	11664800.000000
2018-02-19	0.016542	-0.002228	0.149845	-0.067293	0.016542	29965000.000000
2018-02-18	0.132752	0.006211	0.161892	-0.126899	0.132752	15946800.000000
2018-02-17	0.051372	0.007365	0.069217	-0.004818	0.051372	8038940.000000
2018-02-16	0.131582	-0.006100	0.179301	-0.013435	0.131582	9385160.000000
2018-02-15	-0.005283	-0.000014	0.019542	-0.067762	-0.005283	7288970.000000
2018-02-14	-0.004391	-0.011483	0.030060	-0.067147	-0.004391	11953100.000000
2018-02-13	0.164144	-0.002758	0.274267	-0.015824	0.164144	30283200.000000
2018-02-12	0.178118	0.003326	0.248827	-0.003696	0.178118	7646360.000000
2018-02-11	-0.008853	-0.000376	0.037571	-0.098984	-0.008853	2544010.000000
2018-02-10	-0.035203	0.000710	0.103218	-0.080488	-0.035203	3474900.000000
2018-02-09	0.058660	0.002306	0.070400	-0.046473	0.058660	3047610.000000
2018-02-08	0.091061	-0.003310	0.149576	-0.003310	0.091061	5285960.000000
2018-02-07	-0.113997	0.001329	0.043259	-0.122564	-0.113997	5201810.000000
2018-02-06	0.245214	0.006445	0.284059	-0.203361	0.245214	6105750.000000
2018-02-05	-0.213792	-0.009699	0.006278	-0.292667	-0.213792	4347320.000000
2018-02-04	-0.162348	0.000104	0.013877	-0.221906	-0.162348	5171480.000000
2018-02-03	0.048494	0.011208	0.101538	-0.083245	0.048494	5826330.000000
2018-02-02	-0.049530	-0.003665	0.006707	-0.323624	-0.049530	7123780.000000
2018-02-01	-0.160928	-0.000302	0.005249	-0.225494	-0.160928	6605630.000000
2018-01-31	0.039157	0.003509	0.045648	-0.051887	0.039157	6957010.000000
2018-01-30	-0.144664	0.003286	0.003286	-0.193399	-0.144664	5598540.000000
2018-01-29	-0.082683	-0.004999	0.001215	-0.098180	-0.082683	5220320.000000
2018-01-28	-0.025714	0.011342	0.096401	-0.036734	-0.025714	9034380.000000
2018-01-27	0.099770	0.001561	0.192322	-0.028383	0.099770	14915400.000000
2018-01-26	-0.066520	-0.004768	0.035821	-0.107851	-0.066520	5618280.000000
2018-01-25	-0.040897	0.009485	0.050198	-0.091030	-0.040897	6271900.000000
2018-01-24	-0.011290	-0.003827	0.040152	-0.043591	-0.011290	6451640.000000
2018-01-23	-0.001172	-0.000776	0.074709	-0.104880	-0.001172	7552930.000000
2018-01-22	-0.095705	0.020236	0.144208	-0.172314	-0.095705	12408600.000000
2018-01-21	-0.271854	-0.019405	-0.019405	-0.310681	-0.271854	22703900.000000
2018-01-20	0.499929	0.009557	0.499929	-0.009111	0.499929	13848900.000000
2018-01-19	0.092277	-0.006799	0.220358	-0.055223	0.092277	7383730.000000
2018-01-18	0.065264	0.005468	0.173461	-0.010450	0.065264	5953820.000000
2018-01-17	-0.076434	-0.006089	0.015532	-0.366357	-0.076434	7658770.000000
2018-01-16	-0.138130	0.004653	0.004653	-0.402116	-0.138130	8988860.000000
2018-01-15	-0.131724	-0.003848	0.025899	-0.160676	-0.131724	8351260.000000
2018-01-14	-0.082081	0.004731	0.048455	-0.145424	-0.082081	5844480.000000
2018-01-13	0.047235	0.001807	0.221043	-0.002349	0.047235	12319900.000000
2018-01-12	0.040809	0.019221	0.129750	-0.020569	0.040809	9231200.000000
2018-01-11	-0.150062	-0.004215	0.088138	-0.182146	-0.150062	10009300.000000
2018-01-10	-0.032216	0.008133	0.029472	-0.110170	-0.032216	11260700.000000
2018-01-09	-0.108197	0.000733	0.034393	-0.140543	-0.108197	14301200.000000
2018-01-08	0.084096	0.000952	0.129528	-0.171229	0.084096	25545400.000000
2018-01-07	0.194524	0.023271	0.242777	-0.052202	0.194524	23308800.000000
2018-01-06	0.171996	0.063152	0.313827	0.034134	0.171996	16319300.000000
2018-01-05	-0.078103	-0.026041	0.283930	-0.134806	-0.078103	23599300.000000
2018-01-04	0.445120	-0.001575	0.500587	-0.001575	0.445120	24679000.000000
2018-01-03	0.011066	-0.005808	0.045328	-0.066166	0.011066	8620400.000000
2018-01-02	-0.081589	-0.006109	0.041949	-0.201548	-0.081589	12671100.000000
2018-01-01	0.219451	-0.001890	0.223673	-0.045439	0.219451	11506300.000000
2017-12-31	0.026315	-0.046609	0.046765	-0.105117	0.026315	9962080.000000
2017-12-30	0.205162	0.003405	0.205162	-0.109006	0.205162	9126190.000000
2017-12-29	-0.040160	0.002889	0.023189	-0.089870	-0.040160	5757530.000000
2017-12-28	0.002366	-0.005379	0.016095	-0.136486	0.002366	5458410.000000
2017-12-27	-0.030532	-0.010953	0.017736	-0.116767	-0.030532	6065390.000000
2017-12-26	0.038826	0.008679	0.095041	-0.131450	0.038826	10452900.000000
2017-12-25	-0.077604	0.009510	0.074206	-0.101389	-0.077604	7740550.000000
2017-12-24	-0.058022	0.011913	0.046209	-0.231703	-0.058022	15183200.000000
2017-12-23	0.353267	0.029034	0.694597	0.029034	0.353267	24055000.000000
2017-12-22	0.006107	0.007922	0.075524	-0.331563	0.006107	14979800.000000
2017-12-21	0.138121	0.015467	0.251178	-0.010689	0.138121	12030600.000000
2017-12-20	-0.151494	-0.001427	-0.001427	-0.197107	-0.151494	10481200.000000
2017-12-19	0.010230	-0.008811	0.169452	-0.045479	0.010230	13254800.000000
2017-12-18	0.041454	0.001612	0.041454	-0.131258	0.041454	18220400.000000
2017-12-17	0.223212	0.001333	0.301787	-0.004356	0.223212	20035600.000000
2017-12-16	0.064216	-0.008086	0.099962	-0.086623	0.064216	13859700.000000
2017-12-15	0.039838	0.013293	0.148942	-0.162977	0.039838	13211800.000000
2017-12-14	0.178041	-0.002131	0.400816	-0.033512	0.178041	16021700.000000
2017-12-13	0.131594	0.000017	0.244525	-0.031254	0.131594	10439800.000000
2017-12-12	-0.111930	-0.024859	0.037115	-0.195693	-0.111930	10320200.000000
2017-12-11	0.030423	0.008624	0.138605	-0.029146	0.030423	7534170.000000
2017-12-10	0.058775	0.009194	0.117818	-0.096082	0.058775	3142570.000000
2017-12-09	-0.025964	-0.000983	0.091666	-0.076709	-0.025964	3173600.000000
2017-12-08	-0.057055	-0.000231	0.051610	-0.185493	-0.057055	4528570.000000
2017-12-07	-0.108056	-0.027026	0.057561	-0.191251	-0.108056	6697780.000000
2017-12-06	-0.071069	-0.004839	0.126712	-0.146666	-0.071069	12387900.000000
2017-12-05	0.367173	-0.001355	0.367173	-0.035848	0.367173	12459200.000000
2017-12-04	-0.004544	0.008525	0.098171	-0.103352	-0.004544	6981590.000000
2017-12-03	0.109337	0.000481	0.229103	-0.068740	0.109337	8765840.000000
2017-12-02	0.169129	0.000664	0.249417	-0.058834	0.169129	7396790.000000
2017-12-01	0.043189	-0.005473	0.053402	-0.053919	0.043189	4352980.000000
2017-11-30	0.173529	0.014492	0.217149	-0.021287	0.173529	4621870.000000
2017-11-29	-0.176671	0.000811	0.033283	-0.218003	-0.176671	5052720.000000
2017-11-28	-0.042049	0.014405	0.043259	-0.046599	-0.042049	5251760.000000
2017-11-27	0.006999	0.000000	0.014512	-0.060042	0.006999	4242550.000000
2017-11-26	0.010660	0.013998	0.027432	-0.060467	0.010660	1860700.000000
2017-11-25	-0.062005	-0.000570	0.001664	-0.094997	-0.062005	2292830.000000
2017-11-24	0.173600	0.005676	0.176386	-0.051447	0.173600	3763260.000000
2017-11-23	-0.024514	0.006765	0.129502	-0.067828	-0.024514	3325760.000000
2017-11-22	0.087390	0.012957	0.126455	-0.030031	0.087390	2709660.000000
2017-11-21	-0.044462	0.007972	0.035898	-0.051713	-0.044462	1952710.000000
2017-11-20	-0.001053	0.000074	0.024200	-0.034998	-0.001053	1916880.000000
2017-11-19	-0.049850	-0.000433	0.017206	-0.078749	-0.049850	1646620.000000
2017-11-18	0.070298	-0.029064	0.114395	-0.056042	0.070298	1948470.000000
2017-11-17	-0.059566	-0.001803	0.010450	-0.101814	-0.059566	2547360.000000
2017-11-16	-0.087983	0.007220	0.012389	-0.116081	-0.087983	1766160.000000
2017-11-15	-0.010504	-0.002663	0.028701	-0.064238	-0.010504	1689780.000000
2017-11-14	0.027547	0.009526	0.092297	-0.069214	0.027547	2203410.000000
2017-11-13	0.071230	-0.010421	0.199628	-0.012610	0.071230	2992650.000000
2017-11-12	-0.049352	-0.000573	0.103499	-0.188140	-0.049352	5455200.000000
2017-11-11	-0.041748	-0.006418	0.053757	-0.115009	-0.041748	2238980.000000
2017-11-10	-0.162375	0.003264	0.032643	-0.195598	-0.162375	2125460.000000
2017-11-09	0.047029	0.013108	0.160461	-0.086476	0.047029	3347920.000000
2017-11-08	0.204856	-0.001188	0.456142	-0.036257	0.204856	5493180.000000
2017-11-07	0.060213	0.002269	0.060368	-0.030826	0.060213	1267510.000000
2017-11-06	-0.026752	0.007620	0.008201	-0.088022	-0.026752	1599470.000000
2017-11-05	-0.031216	-0.003834	0.027556	-0.044920	-0.031216	1080670.000000
2017-11-04	0.033790	-0.008749	0.080909	-0.054791	0.033790	1757130.000000
2017-11-03	0.026107	-0.037533	0.124633	-0.055684	0.026107	2411460.000000
2017-11-02	0.062280	-0.005152	0.233455	-0.121673	0.062280	3643740.000000
2017-11-01	-0.187203	-0.018256	-0.018256	-0.199065	-0.187203	3130450.000000
2017-10-31	-0.075945	0.007663	0.054620	-0.119791	-0.075945	2251570.000000
2017-10-30	0.055175	0.001861	0.060274	-0.014974	0.055175	1492410.000000
2017-10-29	-0.037065	-0.004445	0.059158	-0.115324	-0.037065	2352990.000000
2017-10-28	-0.080630	-0.000151	0.010506	-0.113148	-0.080630	1522820.000000
2017-10-27	-0.010558	0.002467	0.035399	-0.032184	-0.010558	1419580.000000
2017-10-26	-0.107666	-0.001580	-0.001580	-0.118883	-0.107666	1681240.000000
2017-10-25	-0.000071	0.003144	0.012902	-0.073416	-0.000071	2161880.000000
2017-10-24	0.023235	-0.015723	0.185507	-0.050476	0.023235	3665750.000000
2017-10-23	-0.060522	-0.003170	0.045792	-0.137075	-0.060522	2972470.000000
2017-10-22	0.047546	0.021786	0.131779	-0.011299	0.047546	4038780.000000
2017-10-21	0.128675	-0.001965	0.189504	-0.092226	0.128675	5154740.000000
2017-10-20	-0.253753	-0.003640	0.079840	-0.279100	-0.253753	7715660.000000
2017-10-19	-0.180840	0.004312	0.030134	-0.197439	-0.180840	5812480.000000
2017-10-18	-0.086364	0.004698	0.004698	-0.187248	-0.086364	5336930.000000
2017-10-17	-0.054173	-0.003360	-0.003360	-0.152484	-0.054173	6321060.000000
2017-10-16	0.024887	0.004858	0.276183	-0.058082	0.024887	12123000.000000
2017-10-15	0.055265	-0.001853	0.081243	-0.053948	0.055265	5135330.000000
2017-10-14	-0.098350	0.000564	0.056983	-0.104456	-0.098350	4219350.000000
2017-10-13	-0.021189	-0.005349	0.067068	-0.067406	-0.021189	7521630.000000
2017-10-12	-0.014323	0.005379	0.056169	-0.060920	-0.014323	8959280.000000
2017-10-11	0.105515	0.021786	0.114468	0.003235	0.105515	5477860.000000
2017-10-10	0.070627	-0.000499	0.137868	-0.053438	0.070627	7138890.000000
2017-10-09	-0.041668	0.018555	0.106822	-0.100655	-0.041668	6781680.000000
2017-10-08	-0.143468	-0.002526	0.021050	-0.227707	-0.143468	7203350.000000
2017-10-07	-0.025450	-0.007397	0.000853	-0.109272	-0.025450	7408570.000000
2017-10-06	0.170284	-0.000539	0.193123	-0.005402	0.170284	12167500.000000
2017-10-05	0.023095	-0.000833	0.051704	-0.048616	0.023095	6291110.000000
2017-10-04	0.149988	-0.006798	0.153848	-0.025039	0.149988	7604930.000000
2017-10-03	-0.031483	0.029395	0.029395	-0.170840	-0.031483	8211990.000000
