2021-02-27	0.009990	0.000195	0.055938	-0.014609	0.009990	4991079436.630000
2021-02-26	-0.047533	0.001267	0.017742	-0.087498	-0.047533	7875998385.950000
2021-02-25	-0.013655	0.000038	0.128821	-0.029476	-0.013655	7327999233.190000
2021-02-24	0.025114	0.000180	0.069125	-0.040387	0.025114	7205360251.750000
2021-02-23	-0.149788	0.000080	0.001263	-0.232679	-0.149788	10944696471.900000
2021-02-22	-0.084163	-0.000033	0.000015	-0.196732	-0.084163	9523044214.730000
2021-02-21	-0.001707	-0.000441	0.024287	-0.029155	-0.001707	6934669818.280000
2021-02-20	-0.038264	-0.000089	0.039216	-0.084649	-0.038264	8208699024.510000
2021-02-19	0.043225	0.000131	0.062995	-0.026062	0.043225	7151082977.670000
2021-02-18	-0.042638	-0.000102	0.005161	-0.064904	-0.042638	7889078633.180000
2021-02-17	0.125516	0.000107	0.125516	-0.029939	0.125516	13792789978.030001
2021-02-16	0.013798	-0.000340	0.064380	-0.030744	0.013798	12666436004.370001
2021-02-15	-0.031475	-0.000491	0.024289	-0.104039	-0.031475	13482646965.540001
2021-02-14	-0.052148	0.000258	0.013162	-0.071282	-0.052148	12902511398.510000
2021-02-13	0.147014	0.000013	0.157950	-0.021863	0.147014	16565513036.400000
2021-02-12	0.069030	-0.000590	0.080874	-0.034541	0.069030	10839370442.959999
2021-02-11	0.012744	-0.000613	0.056707	-0.030849	0.012744	9278994120.719999
2021-02-10	0.000329	-0.000697	0.066269	-0.054136	0.000329	12820808288.590000
2021-02-09	0.089077	-0.000030	0.098227	-0.015137	0.089077	10156352233.049999
2021-02-08	0.106385	-0.000215	0.113311	-0.019964	0.106385	8863883925.540001
2021-02-07	-0.029378	-0.000290	0.009080	-0.064555	-0.029378	6884924122.500000
2021-02-06	0.005570	0.000012	0.055399	-0.028023	0.005570	8323878876.170000
2021-02-05	0.066856	0.000017	0.078452	-0.005718	0.066856	7359451679.740000
2021-02-04	-0.067243	0.000286	0.015916	-0.084813	-0.067243	7811659279.620000
2021-02-03	0.091961	-0.000212	0.093928	-0.002380	0.091961	8586975076.370000
2021-02-02	0.079992	0.000007	0.102924	0.000007	0.079992	7552216052.330000
2021-02-01	0.018377	0.000029	0.050624	-0.024854	0.018377	5607159827.990000
2021-01-31	-0.028705	0.000135	0.009773	-0.053576	-0.028705	4539387378.350000
2021-01-30	-0.011944	-0.000099	0.006598	-0.045151	-0.011944	6332391807.090000
2021-01-29	0.011429	0.035446	0.085937	-0.009927	0.011429	8878892081.980000
2021-01-28	0.085706	-0.000067	0.104450	-0.011493	0.085706	5828235786.190000
2021-01-27	-0.087609	-0.000028	0.000797	-0.118494	-0.087609	6281091791.743559
2021-01-26	-0.019564	-0.000082	0.015255	-0.062409	-0.019564	5897389103.375538
2021-01-25	-0.028507	-0.000276	0.040098	-0.031577	-0.028507	6344860290.458461
2021-01-24	0.027051	-0.000089	0.035582	-0.023757	0.027051	4972171240.374722
2021-01-23	0.003493	-0.000537	0.036918	-0.015736	0.003493	5380627901.485251
2021-01-22	0.054851	-0.000459	0.083622	-0.049846	0.054851	8550579025.232139
2021-01-21	-0.132047	0.000084	0.000084	-0.158054	-0.132047	8703006148.310465
2021-01-20	-0.023168	-0.000856	0.017272	-0.093784	-0.023168	9002037329.597635
2021-01-19	0.008829	0.000351	0.090573	-0.010886	0.008829	9314780274.810020
2021-01-18	0.068196	0.000027	0.084918	-0.025412	0.068196	6640211537.689394
2021-01-17	-0.012717	-0.000281	0.017737	-0.049880	-0.012717	6098835632.654591
2021-01-16	0.000193	-0.000342	0.054239	-0.029365	0.000193	7183807955.380072
2021-01-15	-0.051596	0.000177	0.019941	-0.130791	-0.051596	8416625031.367801
2021-01-14	0.031632	-0.000282	0.062037	-0.021968	0.031632	8271411809.602127
2021-01-13	0.111474	0.000174	0.114916	-0.043532	0.111474	8421748673.281516
2021-01-12	-0.047513	-0.001237	0.053602	-0.074151	-0.047513	11898878221.661873
2021-01-11	-0.186206	-0.000117	-0.000117	-0.328191	-0.186206	17994263494.320496
2021-01-10	-0.035885	-0.000038	0.046745	-0.077185	-0.035885	12774461582.482088
2021-01-09	0.024262	-0.000151	0.033531	-0.052674	0.024262	11136779198.255386
2021-01-08	0.021601	0.000151	0.071636	-0.105920	0.021601	14705614969.273794
2021-01-07	0.003544	0.000303	0.070150	-0.036744	0.003544	13099581396.103722
2021-01-06	0.065716	0.000449	0.069754	-0.019811	0.065716	10743884477.184380
2021-01-05	0.024466	0.000583	0.051954	-0.047848	0.024466	10192818975.804243
2021-01-04	-0.033605	0.000503	0.080137	-0.103418	-0.033605	13659785704.435940
2021-01-03	0.169745	0.000033	0.196822	-0.008799	0.169745	15385661270.665560
2021-01-02	0.084881	0.000338	0.112035	-0.020096	0.084881	10532067985.168461
2021-01-01	0.012351	-0.000141	0.068132	-0.010925	0.012351	7326980727.501806
2020-12-31	-0.036888	0.000110	0.005408	-0.049662	-0.036888	6274573135.091262
2020-12-30	0.003296	0.000163	0.026421	-0.043370	0.003296	8127317344.906678
2020-12-29	-0.007763	-0.000131	0.004293	-0.068152	-0.007763	9160551332.085058
2020-12-28	0.019867	0.000559	0.067976	-0.003495	0.019867	10248729546.812918
2020-12-27	-0.015003	-0.000020	0.068443	-0.049141	-0.015003	14103307412.121481
2020-12-26	0.019495	0.000753	0.061044	-0.014569	0.019495	12680207148.444298
2020-12-25	0.138199	-0.000481	0.147541	-0.026709	0.138199	11678543063.114849
2020-12-24	0.095744	0.000766	0.099353	-0.021713	0.095744	10108653753.092045
2020-12-23	-0.104357	-0.000012	0.028213	-0.153155	-0.104357	12287537836.434605
2020-12-22	0.082615	-0.000522	0.085940	-0.058442	0.082615	11221164987.210323
2020-12-21	-0.084250	0.000020	0.029208	-0.113956	-0.084250	9903839432.842159
2020-12-20	-0.048880	-0.000548	0.018054	-0.081172	-0.048880	8652067110.299450
2020-12-19	0.102157	-0.000173	0.131380	-0.033812	0.102157	9859343632.431286
2020-12-18	0.083449	0.000292	0.111839	-0.013953	0.083449	10096427748.890268
2020-12-17	0.088047	0.000105	0.177228	-0.017770	0.088047	11165000706.036356
2020-12-16	0.139913	0.000134	0.140606	-0.029095	0.139913	6152647269.902346
2020-12-15	-0.011686	0.000015	0.028474	-0.020196	-0.011686	3727495995.808385
2020-12-14	0.004421	0.000351	0.010656	-0.031388	0.004421	3459910049.233623
2020-12-13	0.069013	0.000082	0.093631	-0.013657	0.069013	3845040542.811758
2020-12-12	0.064083	-0.000120	0.075362	-0.000120	0.064083	2966684035.283093
2020-12-11	-0.036646	-0.000051	0.000338	-0.061450	-0.036646	3761860017.264270
2020-12-10	-0.033347	0.000016	0.002123	-0.050893	-0.033347	3007098971.456910
2020-12-09	0.008630	-0.000134	0.017607	-0.053808	0.008630	4239672634.344391
2020-12-08	-0.082218	-0.000091	0.013034	-0.091452	-0.082218	4230876095.352468
2020-12-07	0.000822	-0.000118	0.037952	-0.019414	0.000822	4312326195.624626
2020-12-06	0.005253	-0.000034	0.023081	-0.030274	0.005253	3454805956.942094
2020-12-05	0.038762	-0.000121	0.051882	-0.010780	0.038762	4517680975.427282
2020-12-04	-0.101930	0.000056	0.005647	-0.115936	-0.101930	5444117736.021349
2020-12-03	0.002729	0.000225	0.025511	-0.034316	0.002729	6014261403.545915
2020-12-02	0.040039	0.000021	0.054656	-0.023884	0.040039	7713268209.602632
2020-12-01	-0.024423	0.000022	0.053693	-0.071487	-0.024423	9818290618.393703
2020-11-30	0.105251	-0.000311	0.112247	-0.027362	0.105251	6812463306.762854
2020-11-29	0.089996	0.000092	0.111296	-0.013208	0.089996	5314384737.924187
2020-11-28	0.051633	0.000115	0.082601	-0.008259	0.051633	4784394517.599638
2020-11-27	-0.024580	0.000263	0.036660	-0.069331	-0.024580	5874999214.236177
2020-11-26	-0.134519	-0.000060	0.014565	-0.203404	-0.134519	8965913475.832060
2020-11-25	-0.082117	-0.000021	0.013521	-0.104716	-0.082117	6033297330.561163
2020-11-24	0.001865	-0.000074	0.050952	-0.024794	0.001865	7748145324.974650
2020-11-23	0.076600	0.000001	0.090203	-0.018367	0.076600	7198913664.205929
2020-11-22	-0.042887	0.000000	0.014277	-0.078278	-0.042887	6285046851.570592
2020-11-21	0.046341	0.000000	0.065636	-0.023398	0.046341	6565673514.252660
2020-11-20	0.011012	-0.000000	0.042742	-0.017363	0.011012	6264878329.032952
2020-11-19	0.108403	0.000010	0.129146	-0.025759	0.108403	6615851204.195962
2020-11-18	-0.028442	-0.000033	0.007844	-0.082052	-0.028442	6120728271.248394
2020-11-17	0.063456	0.030492	0.071619	-0.001282	0.063456	5781117491.106259
2020-11-16	0.145253	-0.000000	0.156028	-0.001748	0.145253	5089779253.858124
2020-11-15	-0.023430	0.000000	0.005844	-0.039822	-0.023430	2565763409.670171
2020-11-14	-0.025712	0.000000	0.005788	-0.053932	-0.025712	2879859655.007922
2020-11-13	0.084350	-0.000007	0.093693	-0.000886	0.084350	4324936978.348148
2020-11-12	0.014288	-0.000008	0.015705	-0.020326	0.014288	2506731800.707592
2020-11-11	0.021939	-0.000001	0.039682	-0.000556	0.021939	2580790978.692147
2020-11-10	-0.018977	0.000027	0.004944	-0.029755	-0.018977	2269831642.517420
2020-11-09	-0.027699	-0.000000	0.011815	-0.052620	-0.027699	2791720300.166694
2020-11-08	0.032318	-0.000000	0.045130	-0.004437	0.032318	2560316021.462851
2020-11-07	-0.063162	0.000000	0.020132	-0.087736	-0.063162	4320946722.034139
2020-11-06	0.075882	-0.000039	0.078425	-0.003632	0.075882	4083503372.652666
2020-11-05	0.076687	0.000051	0.086693	0.000051	0.076687	3250514598.503380
2020-11-04	0.012625	-0.000003	0.022064	-0.041120	0.012625	3050534139.302113
2020-11-03	0.000040	-0.000001	0.008453	-0.040304	0.000040	2580300878.595299
2020-11-02	-0.031844	-0.000005	0.020206	-0.042845	-0.031844	3019889901.922037
2020-11-01	-0.000047	-0.000000	0.006907	-0.023936	-0.000047	2045991009.641509
2020-10-31	0.032604	0.000000	0.042169	-0.005603	0.032604	2657420659.229739
2020-10-30	-0.016996	0.000002	0.014693	-0.040887	-0.016996	2563994174.216836
2020-10-29	-0.017521	0.000001	0.010078	-0.040946	-0.017521	3010404351.657304
2020-10-28	-0.035864	0.000000	0.043001	-0.053708	-0.035864	3786206312.370093
2020-10-27	0.018861	-0.000000	0.037701	-0.004140	0.018861	3431678161.797128
2020-10-26	-0.032876	0.000000	0.007198	-0.058996	-0.032876	3701855843.424537
2020-10-25	-0.007120	-0.000000	0.011427	-0.041192	-0.007120	3725652470.166292
2020-10-24	0.069822	0.000001	0.073980	-0.007678	0.069822	3899047276.947015
2020-10-23	0.017900	0.000592	0.044235	-0.019987	0.017900	3519541892.342998
2020-10-22	0.023036	-0.000555	0.056842	-0.000674	0.023036	3814584794.117043
2020-10-21	0.127400	0.000251	0.159346	0.000099	0.127400	3534993795.924433
2020-10-20	-0.021786	0.000076	0.007096	-0.029393	-0.021786	1757468523.476461
2020-10-19	0.010067	0.000460	0.018416	-0.013129	0.010067	1771107656.443707
2020-10-18	0.012021	0.000117	0.017518	-0.001712	0.012021	2636565895.069880
2020-10-17	-0.013397	0.001139	0.001139	-0.019850	-0.013397	2169301015.927744
2020-10-16	-0.036320	0.000900	0.008316	-0.066235	-0.036320	2331529601.407996
2020-10-15	-0.007144	-0.000419	0.008071	-0.015799	-0.007144	2340485564.702154
2020-10-14	-0.001885	0.001332	0.020724	-0.010517	-0.001885	2213563865.772008
2020-10-13	-0.015828	-0.001198	-0.001198	-0.031864	-0.015828	2177774803.261627
2020-10-12	0.000314	-0.002212	0.015700	-0.023494	0.000314	2646408249.388790
2020-10-11	0.036933	-0.000126	0.047482	-0.001140	0.036933	2601103256.911660
2020-10-10	0.022749	-0.001167	0.053834	-0.001167	0.022749	2781995603.670510
2020-10-09	0.013016	-0.000049	0.022341	-0.010759	0.013016	2250628685.050657
2020-10-08	0.011957	0.000431	0.017744	-0.017643	0.011957	2350341453.898749
2020-10-07	0.014677	0.000416	0.021675	-0.016126	0.014677	2167187221.304284
2020-10-06	-0.008146	-0.000137	0.037103	-0.014882	-0.008146	3013107749.462639
2020-10-05	-0.007851	0.000265	0.008025	-0.022176	-0.007851	2349391994.716336
2020-10-04	0.025193	-0.000017	0.032004	-0.002825	0.025193	2034541386.866634
2020-10-03	0.014642	-0.000407	0.026855	-0.003166	0.014642	1707844978.447004
2020-10-02	-0.030003	0.000766	0.013767	-0.045607	-0.030003	2201641712.643124
2020-10-01	-0.001250	0.001197	0.046197	-0.017374	-0.001250	2558851054.367963
2020-09-30	0.012553	0.000223	0.020057	-0.006596	0.012553	1979505098.717895
2020-09-29	0.009724	-0.001268	0.011352	-0.007386	0.009724	1790368154.884563
2020-09-28	-0.015972	0.000411	0.018891	-0.017396	-0.015972	1923868466.416847
2020-09-27	-0.002105	-0.002113	0.008723	-0.024365	-0.002105	2217192655.913156
2020-09-26	0.002226	0.000366	0.009401	-0.015660	0.002226	2123570272.341518
2020-09-25	0.023234	0.000126	0.033895	-0.019739	0.023234	1849539131.559341
2020-09-24	0.046035	-0.000264	0.049135	-0.007031	0.046035	2070966439.784474
2020-09-23	-0.033390	-0.001324	0.011921	-0.040535	-0.033390	1676705751.191634
2020-09-22	0.026615	-0.000709	0.031693	-0.006290	0.026615	1078696493.533390
2020-09-21	-0.078774	0.000607	0.011648	-0.096756	-0.078774	1923483522.626910
2020-09-20	-0.032383	-0.000183	-0.000129	-0.046135	-0.032383	1033913349.548310
2020-09-19	0.004416	0.000387	0.011761	-0.005257	0.004416	961716690.429441
2020-09-18	-0.008475	-0.000998	0.004105	-0.022206	-0.008475	1135775839.844770
2020-09-17	0.019686	0.000985	0.032261	-0.001215	0.019686	1701721112.734800
2020-09-16	-0.009437	0.001437	0.008313	-0.019068	-0.009437	1674030601.745640
2020-09-15	-0.014260	0.000555	0.021482	-0.015122	-0.014260	1663112038.172880
2020-09-14	0.021306	-0.000341	0.039087	-0.013055	0.021306	1786276097.831330
2020-09-13	-0.054138	-0.001106	0.002249	-0.064778	-0.054138	1785910878.176410
2020-09-12	0.035189	-0.000652	0.043418	-0.008502	0.035189	1588978329.444720
2020-09-11	0.007654	0.000000	0.014223	-0.026988	0.007654	1835173088.725660
2020-09-10	0.017102	0.000532	0.031039	0.000121	0.017102	2001211523.662010
2020-09-09	0.010845	-0.000136	0.030873	-0.014402	0.010845	1828181736.120250
2020-09-08	-0.028425	0.000718	0.010865	-0.052650	-0.028425	2314205962.726950
2020-09-07	0.014911	-0.000409	0.021193	-0.050608	0.014911	2235340012.827130
2020-09-06	0.009755	0.000152	0.027448	-0.020313	0.009755	2075916067.370300
2020-09-05	-0.059722	0.000143	0.013952	-0.088230	-0.059722	2831766569.956860
2020-09-04	0.059402	0.000107	0.095426	-0.012324	0.059402	2851271830.354310
2020-09-03	-0.177721	-0.001490	0.007421	-0.190023	-0.177721	2765272845.179290
2020-09-02	-0.076064	-0.000182	0.002989	-0.091328	-0.076064	2790169259.755680
2020-09-01	0.028946	-0.000143	0.050237	-0.011893	0.028946	2717986648.532490
2020-08-31	-0.025692	0.001893	0.012211	-0.031467	-0.025692	2561891271.707080
2020-08-30	0.094841	-0.001466	0.096112	-0.002107	0.094841	2759602453.556800
2020-08-29	-0.001093	0.001473	0.015213	-0.003912	-0.001093	2006047085.913540
2020-08-28	0.023436	0.001123	0.037947	-0.008470	0.023436	2206041300.877940
2020-08-27	-0.039706	-0.001019	0.013738	-0.061055	-0.039706	2212235186.875600
2020-08-26	-0.003798	-0.002366	0.007028	-0.023337	-0.003798	2067102731.572140
2020-08-25	-0.058180	0.000252	0.002292	-0.079291	-0.058180	2625416624.116140
2020-08-24	0.025999	0.000000	0.036238	-0.005801	0.025999	2490426541.514500
2020-08-23	0.005175	-0.000802	0.019529	-0.032677	0.005175	2315616100.324230
2020-08-22	0.015698	-0.000269	0.018233	-0.018365	0.015698	2317942995.792110
2020-08-21	-0.056978	-0.000965	0.010851	-0.060244	-0.056978	2911090514.979710
2020-08-20	0.015517	0.000247	0.024609	-0.011612	0.015517	2801314590.875620
2020-08-19	-0.053762	0.000414	0.021970	-0.090868	-0.053762	3345972244.254990
2020-08-18	-0.022386	0.000420	0.014993	-0.041025	-0.022386	3627257059.877570
2020-08-17	0.050159	0.000000	0.073527	-0.030473	0.050159	3997651593.504450
2020-08-16	0.065057	0.000239	0.072779	-0.009963	0.065057	3595771595.184550
2020-08-15	0.055939	-0.000472	0.063838	-0.000472	0.055939	3063536363.074770
2020-08-14	-0.017114	-0.000693	0.004147	-0.023969	-0.017114	2476128673.942210
2020-08-13	0.050442	0.000366	0.052638	-0.047661	0.050442	2843622469.162370
2020-08-12	0.010696	-0.000376	0.021544	-0.037950	0.010696	2450391467.459750
2020-08-11	-0.066943	0.000000	0.019745	-0.086768	-0.066943	2754950222.315970
2020-08-10	0.020123	-0.000390	0.036820	-0.000390	0.020123	2247183310.284500
2020-08-09	-0.017034	0.001700	0.009133	-0.028032	-0.017034	1601010109.768010
2020-08-08	0.015437	-0.000693	0.022664	-0.010379	0.015437	1726820322.754610
2020-08-07	-0.032431	-0.000270	0.028345	-0.055651	-0.032431	2756992175.166570
2020-08-06	0.002602	-0.000403	0.026321	-0.017533	0.002602	2241049268.513720
2020-08-05	0.025684	0.000750	0.038809	-0.007224	0.025684	2144590018.971740
2020-08-04	-0.016006	-0.000112	0.016197	-0.028535	-0.016006	2088598737.573650
2020-08-03	0.032264	-0.000292	0.053027	-0.008912	0.032264	2250487587.305970
2020-08-02	-0.075894	-0.000550	0.051650	-0.089580	-0.075894	3499183525.559800
2020-08-01	0.056814	0.000000	0.063192	-0.008504	0.056814	3124975566.803680
2020-07-31	0.023922	0.000207	0.036996	-0.014418	0.023922	2461431453.763660
2020-07-30	0.026664	-0.001290	0.050733	-0.019849	0.026664	3015740897.777590
2020-07-29	-0.007255	0.000297	0.020108	-0.009809	-0.007255	2572759911.149370
2020-07-28	0.049578	0.002096	0.078960	-0.019767	0.049578	3293197775.312390
2020-07-27	0.103615	-0.000103	0.144914	-0.009538	0.103615	3397559596.414030
2020-07-26	-0.016926	0.000652	0.032252	-0.022313	-0.016926	2587129919.816230
2020-07-25	0.104617	-0.001704	0.112711	-0.002595	0.104617	2433671617.828480
2020-07-24	-0.014884	0.000001	0.000678	-0.017642	-0.014884	1620747746.261570
2020-07-23	-0.001915	0.000077	0.011806	-0.007980	-0.001915	1775727714.016600
2020-07-22	0.030263	-0.000215	0.031747	-0.006807	0.030263	1383704375.895450
2020-07-21	0.039078	-0.000043	0.046515	-0.002144	0.039078	1384220461.945180
2020-07-20	-0.013558	-0.000037	0.003613	-0.021394	-0.013558	1152077278.880840
2020-07-19	0.002990	0.000000	0.006414	-0.012781	0.002990	1140767148.586080
2020-07-18	0.012241	-0.000109	0.021889	-0.003106	0.012241	1141296420.585760
2020-07-17	-0.002917	0.000139	0.007279	-0.006098	-0.002917	1336746649.552640
2020-07-16	-0.028733	-0.000350	0.002889	-0.041687	-0.028733	1543731673.067730
2020-07-15	-0.011961	-0.000285	0.004707	-0.018525	-0.011961	1809900341.841040
2020-07-14	-0.002662	0.001125	0.001862	-0.017740	-0.002662	1882872130.301230
2020-07-13	-0.016048	0.000000	0.015024	-0.031352	-0.016048	1724704949.584950
2020-07-12	-0.000917	0.000239	0.011316	-0.013806	-0.000917	1598865182.290470
2020-07-11	0.009740	0.000103	0.010400	-0.005446	0.009740	1764984238.044590
2020-07-10	-0.006541	-0.000721	-0.000116	-0.022248	-0.006541	1840301461.975070
2020-07-09	-0.014674	-0.000271	0.011238	-0.030323	-0.014674	1985305536.082170
2020-07-08	0.043457	0.000003	0.048288	-0.003373	0.043457	2161892497.597120
2020-07-07	-0.014677	0.000000	0.005945	-0.019442	-0.014677	1360983975.649550
2020-07-06	0.056864	0.000000	0.061285	-0.002462	0.056864	1743603777.619380
2020-07-05	-0.011136	-0.001055	0.002183	-0.025704	-0.011136	1170070064.997340
2020-07-04	0.020905	-0.000776	0.023487	-0.001722	0.020905	1173145659.481570
2020-07-03	-0.006764	-0.000335	0.004722	-0.010614	-0.006764	1122905125.609560
2020-07-02	-0.005120	0.000899	0.005645	-0.025007	-0.005120	1339074368.928040
2020-07-01	0.005582	-0.000826	0.017419	-0.004371	0.005582	1220528739.717640
2020-06-30	-0.009157	-0.002558	0.002906	-0.019732	-0.009157	1390313389.089390
2020-06-29	0.010693	0.000465	0.014256	-0.009382	0.010693	1668680719.478340
2020-06-28	-0.003544	0.000000	0.011136	-0.018706	-0.003544	1337385785.856880
2020-06-27	-0.040748	-0.000921	0.003022	-0.059236	-0.040748	1453347399.972970
2020-06-26	0.017791	0.000018	0.023455	-0.018956	0.017791	1714646169.043320
2020-06-25	-0.006542	0.000444	0.004254	-0.014760	-0.006542	1311840192.700740
2020-06-24	-0.030228	0.000201	0.007918	-0.033272	-0.030228	1493695398.247780
2020-06-23	-0.000197	0.000158	0.002945	-0.012755	-0.000197	1365925951.319650
2020-06-22	0.025542	0.000506	0.028988	-0.000349	0.025542	1659721584.303260
2020-06-21	-0.005984	-0.000218	0.009436	-0.007377	-0.005984	1362753187.389440
2020-06-20	0.015628	-0.000786	0.025863	-0.001139	0.015628	1500492583.248200
2020-06-19	-0.020209	-0.000086	0.002846	-0.021958	-0.020209	1712639221.645930
2020-06-18	-0.010725	0.000000	0.002082	-0.020236	-0.010725	1576467271.684230
2020-06-17	0.003535	0.000118	0.021362	-0.011691	0.003535	1996899441.713050
2020-06-16	-0.000843	-0.000121	0.008344	-0.009773	-0.000843	1841455099.008680
2020-06-15	-0.003861	0.000000	0.002687	-0.045159	-0.003861	2090717317.638110
2020-06-14	-0.022398	0.000206	0.000206	-0.026689	-0.022398	1782403292.195710
2020-06-13	0.005945	-0.000766	0.008042	-0.008239	0.005945	1739835590.490860
2020-06-12	0.030182	-0.000321	0.040426	-0.009119	0.030182	2260548555.624240
2020-06-11	-0.067808	0.000077	0.004795	-0.079497	-0.067808	2554226324.935050
2020-06-10	0.013253	-0.000003	0.017862	-0.003797	0.013253	2146762420.919250
2020-06-09	-0.008705	-0.000054	0.005680	-0.017390	-0.008705	2141209283.472920
2020-06-08	-0.004158	-0.000189	0.004542	-0.013071	-0.004158	2357747091.195600
2020-06-07	-0.001369	0.000258	0.004423	-0.028775	-0.001369	2385218875.130830
2020-06-06	-0.006826	0.000289	0.005766	-0.013278	-0.006826	2160092222.165770
2020-06-05	-0.012269	0.000773	0.005898	-0.016096	-0.012269	2551367877.837830
2020-06-04	0.009851	0.000588	0.017417	-0.012674	0.009851	2697436350.306550
2020-06-03	0.027206	0.000138	0.037186	-0.005667	0.027206	2691495449.293110
2020-06-02	-0.045750	-0.000641	0.033995	-0.059496	-0.045750	3060955004.759800
2020-06-01	0.055566	-0.000387	0.061492	-0.003653	0.055566	3035652543.751170
2020-05-31	-0.040951	0.000014	0.000556	-0.046584	-0.040951	2637761668.470100
2020-05-30	0.064636	-0.000439	0.064688	-0.009541	0.064636	2852777896.148510
2020-05-29	-0.002373	0.000398	0.013818	-0.009700	-0.002373	2632197768.390760
2020-05-28	0.020457	0.000237	0.022828	-0.008128	0.020457	2743046058.126000
2020-05-27	0.033686	-0.000541	0.038525	-0.001492	0.033686	2757608482.255300
2020-05-26	-0.011970	-0.000441	0.001426	-0.019218	-0.011970	2475471672.651550
2020-05-25	0.011714	-0.001018	0.023319	-0.008241	0.011714	2701310001.584610
2020-05-24	-0.035978	-0.000330	0.007831	-0.036119	-0.035978	2656112321.471550
2020-05-23	-0.003946	0.000015	0.007365	-0.011344	-0.003946	2576920703.000410
2020-05-22	0.034272	-0.000288	0.042887	-0.005404	0.034272	2908274408.151530
2020-05-21	-0.032360	-0.000360	0.006241	-0.051803	-0.032360	3143718509.121280
2020-05-20	-0.026694	0.000084	0.012767	-0.036732	-0.026694	3448255431.617550
2020-05-19	0.004038	0.000271	0.004038	-0.018959	0.004038	3612370257.485150
2020-05-18	0.035752	0.000051	0.059665	-0.001234	0.035752	4473025830.810330
2020-05-17	0.009903	-0.000754	0.026472	-0.002696	0.009903	3901110454.150780
2020-05-16	0.008846	0.000406	0.021177	-0.005964	0.008846	3879155974.450450
2020-05-15	-0.025289	0.000011	0.002701	-0.033624	-0.025289	4340414828.320340
2020-05-14	0.018796	-0.000919	0.025373	-0.015189	0.018796	5023559797.745800
2020-05-13	0.024285	-0.000887	0.034109	-0.003754	0.024285	4565388581.206660
2020-05-12	0.009878	0.000941	0.023606	-0.006887	0.009878	4734936547.009770
2020-05-11	-0.015759	-0.000221	0.011700	-0.052679	-0.015759	5121746342.998330
2020-05-10	-0.103789	-0.000287	-0.000287	-0.141726	-0.103789	5783062532.362900
2020-05-09	-0.012699	-0.000893	0.022088	-0.015645	-0.012699	4740601427.723810
2020-05-08	0.011665	-0.000473	0.025689	-0.014812	0.011665	4780707207.362960
2020-05-07	0.030195	0.001670	0.046233	-0.019835	0.030195	5080727910.022670
2020-05-06	-0.018047	-0.000392	0.021176	-0.018047	-0.018047	4575858023.405190
2020-05-05	-0.014455	-0.000489	0.009090	-0.023224	-0.014455	4187625276.743120
2020-05-04	-0.016443	-0.000500	0.001640	-0.046198	-0.016443	4488284399.686750
2020-05-03	-0.024079	0.000140	0.011861	-0.038577	-0.024079	4667453994.483510
2020-05-02	0.034867	-0.000447	0.037148	-0.007178	0.034867	4453777870.916060
2020-05-01	0.023070	0.000005	0.040297	0.000005	0.023070	4581731064.741310
2020-04-30	-0.050167	-0.000680	0.035385	-0.052814	-0.050167	5724477325.235800
2020-04-29	0.068492	0.001365	0.078069	-0.000464	0.068492	5673988959.559560
2020-04-28	0.029493	0.000629	0.035724	-0.014208	0.029493	4413476560.656410
2020-04-27	0.000469	-0.000261	0.016352	-0.017983	0.000469	4473729901.799750
2020-04-26	-0.000577	0.000112	0.013979	-0.008997	-0.000577	4687873110.951200
2020-04-25	-0.002132	0.000106	0.018686	-0.009824	-0.002132	4769855703.649100
2020-04-24	0.043627	0.001339	0.052054	0.000159	0.043627	4786600722.968160
2020-04-23	0.025062	-0.000231	0.035332	-0.010844	0.025062	4757478697.502220
2020-04-22	0.020645	-0.001142	0.031189	-0.008562	0.020645	4029531589.408310
2020-04-21	0.005187	-0.000460	0.010618	-0.010077	0.005187	3954491837.678910
2020-04-20	-0.042368	0.000935	0.017383	-0.050939	-0.042368	4293209435.209890
2020-04-19	-0.038955	-0.000336	0.003245	-0.039826	-0.038955	4563334113.643230
2020-04-18	0.037849	0.000154	0.038291	-0.004948	0.037849	4508378328.651690
2020-04-17	0.001312	-0.000327	0.012316	-0.016118	0.001312	4096625537.592060
2020-04-16	0.078303	0.001380	0.086519	-0.024944	0.078303	4985504369.140960
2020-04-15	-0.035679	0.000639	0.015935	-0.039070	-0.035679	3696959520.505300
2020-04-14	-0.003653	0.000449	0.015030	-0.012778	-0.003653	3713345005.744590
2020-04-13	-0.029351	0.001154	0.001154	-0.058686	-0.029351	3998289643.772480
2020-04-12	0.003100	0.000041	0.022870	-0.007370	0.003100	3639638078.016700
2020-04-11	0.001166	-0.000309	0.016490	-0.013758	0.001166	3374908252.449260
2020-04-10	-0.088718	0.000331	0.001797	-0.108940	-0.088718	4008964132.663980
2020-04-09	0.001406	0.000608	0.005690	-0.024731	0.001406	3628019377.843300
2020-04-08	0.036982	0.000239	0.046697	-0.007099	0.036982	3831132142.351180
2020-04-07	0.006236	0.000248	0.063315	-0.006223	0.006236	4391267712.709380
2020-04-06	0.091492	-0.000279	0.094026	-0.003079	0.091492	4287968686.906170
2020-04-05	-0.000133	0.000356	0.007973	-0.018371	-0.000133	3084146014.834060
2020-04-04	0.007840	-0.000361	0.011759	-0.009780	0.007840	3229457621.908190
2020-04-03	0.012162	0.000338	0.030351	-0.004749	0.012162	3482692345.509050
2020-04-02	0.012528	-0.000440	0.057511	-0.003219	0.012528	3985953572.413780
2020-04-01	0.002079	-0.000367	0.002079	-0.047155	0.002079	3303999600.094140
2020-03-31	0.004109	-0.000489	0.005979	-0.011671	0.004109	3359087002.312950
2020-03-30	0.048369	-0.001813	0.053363	-0.001924	0.048369	3318334904.686580
2020-03-29	-0.039647	-0.000218	0.001569	-0.042784	-0.039647	2683734232.706190
2020-03-28	-0.001149	-0.001447	0.010571	-0.046664	-0.001149	3119837444.969390
2020-03-27	-0.030929	0.000566	0.010821	-0.031738	-0.030929	2962853270.050540
2020-03-26	0.025781	0.000555	0.026033	-0.009296	0.025781	2827963692.046000
2020-03-25	-0.033080	-0.000276	0.005075	-0.048033	-0.033080	3133347521.629850
2020-03-24	0.044495	-0.000458	0.051305	-0.012839	0.044495	3331925793.152840
2020-03-23	0.088069	-0.001421	0.090317	-0.005941	0.088069	3598154774.154410
2020-03-22	-0.070791	0.000767	0.029598	-0.074157	-0.070791	3148219028.929020
2020-03-21	0.005517	-0.001418	0.031580	-0.031067	0.005517	3438721430.433680
2020-03-20	-0.024103	0.000879	0.108826	-0.089264	-0.024103	4537692969.943840
2020-03-19	0.160004	0.001114	0.194325	0.000852	0.160004	4157185543.077680
2020-03-18	0.003584	-0.000245	0.017137	-0.023307	0.003584	3170415991.620480
2020-03-17	0.020916	0.000817	0.077419	-0.002724	0.020916	3289527849.078460
2020-03-16	-0.097727	0.000242	0.000242	-0.159977	-0.097727	4079630236.475440
2020-03-15	0.059323	0.000387	0.111479	-0.005594	0.059323	3434485462.827980
2020-03-14	-0.081238	0.002624	0.004287	-0.090654	-0.081238	3270465986.096080
2020-03-13	0.210375	0.002380	0.268888	-0.173218	0.210375	7552238198.433380
2020-03-12	-0.361773	-0.000300	0.001949	-0.368043	-0.361773	5417383295.733720
2020-03-11	-0.035669	0.000147	0.007074	-0.079949	-0.035669	3807551814.029160
2020-03-10	0.001759	0.006213	0.021611	-0.015402	0.001759	3945792927.083110
2020-03-09	-0.030166	-0.001749	0.011194	-0.085918	-0.030166	5097423293.579660
2020-03-08	-0.145636	0.000542	0.000970	-0.145636	-0.145636	4523736331.465500
2020-03-07	-0.039338	-0.000057	0.011617	-0.040079	-0.039338	4258036532.214710
2020-03-06	0.015797	0.000071	0.027847	-0.009442	0.015797	4766934523.747330
2020-03-05	0.027542	0.000337	0.045731	0.000337	0.027542	4712202708.542510
2020-03-04	-0.012463	-0.000016	0.006889	-0.029147	-0.012463	4429853607.712440
2020-03-03	0.002442	0.000410	0.022287	-0.016223	0.002442	5412760345.074130
2020-03-02	0.052433	0.000471	0.068751	-0.006934	0.052433	5309970237.883030
2020-03-01	-0.010020	-0.000217	0.026905	-0.032404	-0.010020	4317287190.841290
2020-02-29	-0.020425	-0.000255	0.026999	-0.023071	-0.020425	4168117351.852370
2020-02-28	-0.028353	-0.001137	0.027047	-0.059622	-0.028353	5266399748.655900
2020-02-27	0.008090	0.000223	0.059156	-0.052615	0.008090	5649302853.747260
2020-02-26	-0.142820	0.000002	0.009620	-0.177026	-0.142820	6518313483.122190
2020-02-25	-0.057660	-0.000532	0.003594	-0.072373	-0.057660	5755711245.574610
2020-02-24	-0.050304	0.000287	0.000287	-0.090017	-0.050304	6355612213.885520
2020-02-23	0.058610	-0.000786	0.062119	-0.002104	0.058610	5702486428.060940
2020-02-22	0.022902	0.000476	0.041310	-0.011934	0.022902	5547090433.510290
2020-02-21	0.054953	-0.000781	0.076331	-0.010200	0.054953	5579449655.930440
2020-02-20	-0.021242	-0.002165	0.014490	-0.051685	-0.021242	5500324692.538900
2020-02-19	-0.076579	0.000524	0.015105	-0.084255	-0.076579	5298677184.985250
2020-02-18	0.051656	-0.000897	0.065017	-0.032201	0.051656	5600214717.129770
2020-02-17	-0.025299	-0.002455	0.003072	-0.076011	-0.025299	5593944695.374600
2020-02-16	-0.017783	0.002824	0.050954	-0.090667	-0.017783	6186098306.247770
2020-02-15	-0.078046	0.000423	0.004745	-0.082990	-0.078046	5612667759.567680
2020-02-14	0.032174	-0.000347	0.038069	-0.012127	0.032174	5382846670.282340
2020-02-13	-0.010997	-0.000833	0.029419	-0.033398	-0.010997	6579062945.779520
2020-02-12	0.061360	-0.001356	0.074082	-0.001864	0.061360	5701884853.968790
2020-02-11	0.030434	0.000148	0.030889	-0.020030	0.030434	4742120918.084730
2020-02-10	-0.035768	0.000655	0.006067	-0.051469	-0.035768	5373709984.298280
2020-02-09	0.008174	-0.000242	0.022674	-0.010152	0.008174	5145711108.251170
2020-02-08	0.028396	0.000528	0.041229	-0.029811	0.028396	5496860398.609650
2020-02-07	0.013182	0.001080	0.021394	-0.002268	0.013182	5051951257.518340
2020-02-06	0.012354	0.000542	0.029846	-0.019128	0.012354	5463272393.890810
2020-02-05	0.063015	-0.001190	0.073110	-0.004663	0.063015	5169585841.426100
2020-02-04	-0.022706	-0.000154	0.007908	-0.041215	-0.022706	4449652116.980220
2020-02-03	-0.006426	-0.003402	0.030667	-0.017998	-0.006426	4965069689.685790
2020-02-02	-0.008309	-0.000250	0.034365	-0.037999	-0.008309	5482993030.011370
2020-02-01	0.043320	0.000428	0.064863	-0.003306	0.043320	6009767448.792930
2020-01-31	-0.004102	0.000293	0.017910	-0.034770	-0.004102	5718104790.660370
2020-01-30	0.134511	-0.001066	0.160793	-0.021656	0.134511	6042169956.671190
2020-01-29	-0.009788	-0.000133	0.026010	-0.014648	-0.009788	3894445882.402580
2020-01-28	0.032479	0.000090	0.040673	-0.017019	0.032479	4220742210.183930
2020-01-27	0.045373	0.001114	0.059858	-0.002381	0.045373	3832184227.860210
2020-01-26	0.046835	-0.000200	0.051724	-0.007428	0.046835	3283750798.493270
2020-01-25	-0.015294	0.000592	0.000592	-0.032322	-0.015294	2938756557.512630
2020-01-24	-0.001803	0.000248	0.014537	-0.059781	-0.001803	3532776555.523810
2020-01-23	-0.063825	-0.000074	0.002090	-0.085153	-0.063825	3348002983.336790
2020-01-22	0.012261	-0.000144	0.023297	-0.005752	0.012261	3076205980.482890
2020-01-21	0.007773	0.000529	0.013285	-0.016280	0.007773	3130143641.577300
2020-01-20	-0.010336	-0.000332	0.004972	-0.027229	-0.010336	3306438947.445470
2020-01-19	-0.027066	0.000624	0.040016	-0.054340	-0.027066	4197776578.684870
2020-01-18	-0.033804	-0.002997	0.011036	-0.048174	-0.033804	4426051529.715070
2020-01-17	0.067147	0.000429	0.091486	-0.012486	0.067147	5067456613.485220
2020-01-16	-0.007486	-0.000084	0.004293	-0.050025	-0.007486	4347723834.934700
2020-01-15	-0.007274	-0.001504	0.024707	-0.039527	-0.007274	5070738793.301090
2020-01-14	0.175826	-0.000732	0.204041	-0.000875	0.175826	5729547956.437010
2020-01-13	-0.026369	0.000814	0.006061	-0.042024	-0.026369	3336204743.565230
2020-01-12	0.036882	0.001124	0.041309	-0.005095	0.036882	3858852964.362960
2020-01-11	0.011009	-0.001918	0.053510	-0.013112	0.011009	3915781114.720540
2020-01-10	0.077658	-0.000097	0.087376	-0.026159	0.077658	3808140301.811210
2020-01-09	-0.009590	-0.000690	0.002718	-0.029423	-0.009590	2986327757.481130
2020-01-08	-0.016604	0.000512	0.038303	-0.038719	-0.016604	3633957130.077670
2020-01-07	0.013275	0.000487	0.022744	-0.023863	0.013275	3611521906.908900
2020-01-06	0.051963	0.001164	0.055212	-0.001351	0.051963	3349237768.460020
2020-01-05	0.005230	-0.000813	0.032474	-0.007572	0.005230	3017148033.371040
2020-01-04	0.021479	-0.000756	0.021858	-0.011376	0.021479	2843192896.775040
2020-01-03	0.065102	0.001007	0.065896	-0.009346	0.065102	3260961325.822000
2020-01-02	-0.052233	0.000009	0.002785	-0.055552	-0.052233	2759827138.761240
2020-01-01	0.016392	-0.000327	0.022858	-0.001259	0.016392	2782992323.320270
2019-12-31	-0.032920	0.000439	0.007337	-0.036888	-0.032920	3015923777.919910
2019-12-30	-0.021143	0.001907	0.021372	-0.028377	-0.021143	3330795171.243510
2019-12-29	0.019330	-0.001045	0.037511	-0.009409	0.019330	3573796558.165210
2019-12-28	0.040418	-0.000316	0.063958	-0.001193	0.040418	3260638655.514500
2019-12-27	0.022653	-0.000107	0.034408	-0.007492	0.022653	2949759035.981740
2019-12-26	-0.008947	-0.000520	0.018175	-0.020133	-0.008947	2848923905.894830
2019-12-25	-0.001191	0.001390	0.001949	-0.019531	-0.001191	2773383486.037090
2019-12-24	-0.004149	0.000377	0.020494	-0.015251	-0.004149	2860933776.081930
2019-12-23	-0.026634	-0.000259	0.013887	-0.029600	-0.026634	3163414128.101680
2019-12-22	0.049213	0.000332	0.056448	-0.001087	0.049213	3141032975.929860
2019-12-21	-0.007280	0.000364	0.001127	-0.013768	-0.007280	2655178487.904230
2019-12-20	0.009265	0.000491	0.016726	-0.006167	0.009265	2778859161.156500
2019-12-19	-0.021047	0.000366	0.008456	-0.041975	-0.021047	3173676634.710990
2019-12-18	0.099643	0.000886	0.108311	-0.011069	0.099643	3845534650.044190
2019-12-17	-0.081508	-0.000387	0.001031	-0.085429	-0.081508	3283924745.569200
2019-12-16	-0.077304	0.000625	0.002517	-0.084752	-0.077304	3046141448.556600
2019-12-15	0.000792	0.002830	0.013539	-0.021982	0.000792	2668105124.195120
2019-12-14	-0.016387	-0.000023	0.004675	-0.021017	-0.016387	2721787991.150970
2019-12-13	0.008357	-0.001608	0.009544	-0.008441	0.008357	2766557274.092990
2019-12-12	0.003106	-0.000523	0.007695	-0.010085	0.003106	2740797931.696450
2019-12-11	-0.015647	-0.000755	0.006441	-0.020701	-0.015647	2507211954.154410
2019-12-10	-0.006564	0.001620	0.003658	-0.018444	-0.006564	2349745527.648730
2019-12-09	-0.022060	-0.001154	0.002448	-0.026953	-0.022060	2473452707.593410
2019-12-08	0.006846	0.000915	0.019000	-0.004233	0.006846	2266427857.201780
2019-12-07	-0.000649	0.000079	0.011777	-0.005933	-0.000649	2380335462.642820
2019-12-06	0.008134	-0.000303	0.008867	-0.012097	0.008134	2585078804.245140
2019-12-05	0.002405	-0.001113	0.034368	-0.018384	0.002405	2818768679.161490
2019-12-04	-0.004157	0.000404	0.025432	-0.017597	-0.004157	2951880019.005940
2019-12-03	-0.009503	-0.000907	0.017582	-0.022996	-0.009503	2557212173.761620
2019-12-02	-0.039700	-0.001251	0.002081	-0.050047	-0.039700	2680452034.791060
2019-12-01	0.004966	-0.000243	0.017392	-0.026022	0.004966	2781413686.065120
2019-11-30	-0.028718	0.000688	0.008278	-0.036604	-0.028718	2678481167.430310
2019-11-29	0.038723	0.000731	0.048140	0.000731	0.038723	2944492392.712370
2019-11-28	-0.019827	-0.000139	0.011359	-0.020586	-0.019827	2662459126.732400
2019-11-27	0.015558	-0.002301	0.026311	-0.038754	0.015558	2979663352.205250
2019-11-26	0.031486	-0.000354	0.037305	-0.003644	0.031486	2659405400.267190
2019-11-25	0.024503	0.000796	0.056628	-0.039574	0.024503	3408224795.493100
2019-11-24	-0.081555	0.000172	0.001550	-0.081555	-0.081555	2709705879.181370
2019-11-23	0.022912	0.000143	0.022932	-0.017630	0.022912	2746902869.912120
2019-11-22	-0.064216	-0.000066	0.009958	-0.117770	-0.064216	3734545939.193820
2019-11-21	-0.079721	-0.000122	0.002622	-0.092892	-0.079721	3158748317.034640
2019-11-20	-0.005988	0.000176	0.018620	-0.009552	-0.005988	2858714058.024430
2019-11-19	-0.020721	0.000057	0.013971	-0.032730	-0.020721	3030389858.500520
2019-11-18	-0.046536	-0.000053	0.008458	-0.062365	-0.046536	3131873188.088020
2019-11-17	0.017208	0.000671	0.035925	-0.003766	0.017208	3215100477.984620
2019-11-16	0.013038	-0.000405	0.023673	-0.005891	0.013038	2841793394.700380
2019-11-15	-0.027228	0.000853	0.017529	-0.031853	-0.027228	3195878561.727010
2019-11-14	-0.027515	-0.000560	0.001717	-0.027742	-0.027515	3040274518.670950
2019-11-13	-0.003732	0.000491	0.011685	-0.007626	-0.003732	3094050321.323900
2019-11-12	-0.009028	0.000555	0.009295	-0.019537	-0.009028	3333604208.034910
2019-11-11	-0.030425	-0.000976	0.007805	-0.038751	-0.030425	3033016471.651520
2019-11-10	0.030454	-0.000929	0.042675	-0.002411	0.030454	3611586094.458610
2019-11-09	0.023539	-0.000713	0.026815	-0.002477	0.023539	2849228740.914970
2019-11-08	-0.021236	0.000555	0.009757	-0.037733	-0.021236	3414910991.025660
2019-11-07	-0.037740	-0.000463	0.002203	-0.049590	-0.037740	3557191962.944180
2019-11-06	0.015260	0.000674	0.015260	-0.005466	0.015260	3755244862.817530
2019-11-05	0.028092	0.000071	0.039368	-0.004163	0.028092	4725921529.067010
2019-11-04	0.050283	-0.000502	0.060582	-0.004130	0.050283	4164854558.800800
2019-11-03	0.000481	-0.000084	0.006312	-0.016313	0.000481	3259935586.024760
2019-11-02	0.000228	-0.000078	0.012822	-0.006216	0.000228	3353942165.872740
2019-11-01	-0.003352	-0.000585	-0.000495	-0.018060	-0.003352	3425154368.209050
2019-10-31	0.006157	-0.000985	0.028429	-0.012476	0.006157	3165801277.760740
2019-10-30	-0.024197	-0.000072	0.017051	-0.037859	-0.024197	3387114094.668780
2019-10-29	0.029982	-0.001299	0.043509	-0.001299	0.029982	3582210705.360640
2019-10-28	-0.029829	0.000097	0.033353	-0.037457	-0.029829	3793848575.645590
2019-10-27	0.055284	0.000482	0.089821	-0.015145	0.055284	4218140032.004490
2019-10-26	-0.002876	0.000122	0.084131	-0.038819	-0.002876	5234627156.823230
2019-10-25	0.137241	0.000931	0.144857	-0.009156	0.137241	3770902915.922930
2019-10-24	0.008860	0.001118	0.016956	-0.012305	0.008860	2650862714.209030
2019-10-23	-0.076592	0.000174	0.001381	-0.097669	-0.076592	3077488277.199560
2019-10-22	-0.021732	-0.000183	0.006372	-0.023571	-0.021732	2490194231.594660
2019-10-21	0.000071	-0.000333	0.011309	-0.016562	0.000071	2727253951.425670
2019-10-20	0.016652	0.000528	0.026055	-0.015111	0.016652	2612273452.868170
2019-10-19	0.010149	-0.000497	0.018181	-0.007801	0.010149	2453091267.850270
2019-10-18	-0.025377	0.000916	0.002757	-0.038070	-0.025377	2683486531.253060
2019-10-17	0.037061	-0.000489	0.041632	-0.010804	0.037061	2925315824.101130
2019-10-16	-0.036785	0.000772	0.011051	-0.050571	-0.036785	2978803243.621210
2019-10-15	-0.035650	0.000560	0.007006	-0.039732	-0.035650	2602960066.450570
2019-10-14	0.004609	0.000073	0.010855	-0.004167	0.004609	2243495396.747970
2019-10-13	0.013060	-0.000732	0.031143	-0.001899	0.013060	2235957909.148000
2019-10-12	-0.005579	0.001908	0.011262	-0.009865	-0.005579	2098404879.833580
2019-10-11	-0.025601	-0.000115	0.008071	-0.030812	-0.025601	2441054545.449560
2019-10-10	-0.027844	-0.000493	-0.000370	-0.033656	-0.027844	2440262584.757160
2019-10-09	0.035406	0.000381	0.044151	-0.007315	0.035406	2790624238.711400
2019-10-08	-0.006744	0.000088	0.009119	-0.013480	-0.006744	2417116505.698460
2019-10-07	0.042892	-0.001255	0.058508	-0.017426	0.042892	2891486028.663400
2019-10-06	-0.025197	-0.000149	0.001766	-0.039601	-0.025197	2381501439.351740
2019-10-05	-0.000164	-0.000768	0.010089	-0.017021	-0.000164	2063875680.811990
2019-10-04	0.005418	-0.000409	0.017268	-0.008888	0.005418	2292624174.621690
2019-10-03	0.000671	0.000458	0.007126	-0.029582	0.000671	2221643895.959840
2019-10-02	0.008043	-0.000797	0.014781	-0.008191	0.008043	2113331223.716420
2019-10-01	0.000021	0.000577	0.026912	-0.009823	0.000021	2325767309.877710
2019-09-30	0.031984	-0.000096	0.033873	-0.018419	0.031984	2241248500.793350
2019-09-29	-0.024473	0.000438	0.003704	-0.048212	-0.024473	1825233236.867530
2019-09-28	-0.012040	0.000989	0.003798	-0.030574	-0.012040	1975938675.780100
2019-09-27	0.014768	0.000465	0.020851	-0.031864	0.014768	2324084588.749450
2019-09-26	-0.036723	-0.000004	0.003051	-0.100826	-0.036723	2663433163.213060
2019-09-25	0.032860	0.000189	0.045390	-0.028111	0.032860	3360298410.239240
2019-09-24	-0.164965	-0.000116	0.011290	-0.164965	-0.164965	3919809840.286570
2019-09-23	-0.079379	-0.000040	0.019789	-0.114177	-0.079379	3215899051.076270
2019-09-22	-0.012248	-0.000099	0.000457	-0.023313	-0.012248	2494428147.240530
2019-09-21	-0.021724	0.000435	0.005552	-0.029834	-0.021724	2572614027.229990
2019-09-20	-0.024793	-0.001321	-0.000142	-0.041365	-0.024793	3148504140.338190
2019-09-19	-0.011665	-0.000640	0.001036	-0.058818	-0.011665	3778427056.176570
2019-09-18	0.050496	0.000098	0.073213	-0.000960	0.050496	3665577128.907920
2019-09-17	0.022710	0.000248	0.055998	-0.002123	0.022710	3104946340.901860
2019-09-16	0.032112	0.000116	0.042017	-0.002890	0.032112	2652253521.928410
2019-09-15	-0.003502	0.000353	0.009480	-0.008371	-0.003502	2330572400.021220
2019-09-14	0.022811	0.000483	0.031480	-0.007282	0.022811	2439744084.557730
2019-09-13	-0.003416	0.000117	0.007116	-0.018948	-0.003416	2368931048.109900
2019-09-12	-0.009969	0.000521	0.003238	-0.016929	-0.009969	2316445209.034600
2019-09-11	-0.012725	0.000745	0.008336	-0.026101	-0.012725	2569282757.423620
2019-09-10	0.008992	-0.000857	0.035341	-0.001695	0.008992	2893715133.132710
2019-09-09	-0.005062	0.000993	0.003676	-0.028836	-0.005062	2654086134.652020
2019-09-08	0.021881	-0.000328	0.029993	-0.001480	0.021881	2776939870.231610
2019-09-07	0.058418	0.000133	0.077676	-0.004978	0.058418	2763572249.859200
2019-09-06	-0.002559	-0.000135	0.038141	-0.007723	-0.002559	2595201216.221740
2019-09-05	-0.028090	0.000343	0.005012	-0.039677	-0.028090	2379080139.645780
2019-09-04	-0.026669	0.000683	0.001554	-0.029918	-0.026669	2696779273.834610
2019-09-03	0.032628	0.000684	0.056234	-0.004571	0.032628	2816706429.578330
2019-09-02	0.012098	-0.000470	0.021265	-0.017984	0.012098	2400017919.105090
2019-09-01	0.024292	-0.000270	0.034039	-0.001246	0.024292	2228146663.347750
2019-08-31	0.003778	0.000406	0.014508	-0.020553	0.003778	2283340831.442920
2019-08-30	0.003665	-0.000223	0.020893	-0.023144	0.003665	2377466438.176350
2019-08-29	-0.049351	-0.001041	0.000077	-0.056312	-0.049351	3092332444.466440
2019-08-28	-0.074286	0.000914	0.002916	-0.086467	-0.074286	2883041615.795510
2019-08-27	-0.013823	0.001038	0.001038	-0.020188	-0.013823	2489689273.609770
2019-08-26	0.021423	0.000167	0.037036	-0.002565	0.021423	3046136697.069590
2019-08-25	-0.015728	0.000087	0.017293	-0.031163	-0.015728	2227400266.893530
2019-08-24	-0.025718	0.000066	0.003851	-0.040883	-0.025718	2191973574.717240
2019-08-23	0.024514	-0.000289	0.028455	-0.009914	0.024514	2496513401.352710
2019-08-22	0.008684	-0.000194	0.022011	-0.022695	0.008684	2908864702.782800
2019-08-21	-0.029677	0.000634	0.003571	-0.061365	-0.029677	2878567011.298100
2019-08-20	-0.026748	0.000456	0.002315	-0.042986	-0.026748	2430165429.418440
2019-08-19	0.013023	0.000881	0.029344	-0.005095	0.013023	2346796021.416770
2019-08-18	0.047697	0.000575	0.065394	-0.015504	0.047697	2743241606.136140
2019-08-17	-0.028329	-0.000201	0.005479	-0.035377	-0.028329	2482385549.068600
2019-08-16	-0.019228	-0.000965	0.010221	-0.043468	-0.019228	3016089035.675160
2019-08-15	0.004259	0.000898	0.032114	-0.040324	0.004259	3654075558.034780
2019-08-14	-0.098822	0.000168	0.013558	-0.100044	-0.098822	3093090405.517770
2019-08-13	-0.015663	-0.000033	0.006697	-0.028012	-0.015663	2681787837.636120
2019-08-12	-0.044605	-0.000560	-0.000490	-0.045924	-0.044605	2716187718.863350
2019-08-11	0.050728	0.000366	0.065698	0.000312	0.050728	3025787942.103810
2019-08-10	0.011607	-0.000573	0.031677	-0.015435	0.011607	3088060147.259170
2019-08-09	-0.062114	0.000640	0.003615	-0.072713	-0.062114	3003278176.735330
2019-08-08	-0.009691	-0.000011	0.008907	-0.026541	-0.009691	3034717882.143910
2019-08-07	-0.023177	-0.000331	0.007191	-0.048662	-0.023177	3105989435.822020
2019-08-06	-0.038880	0.000567	0.022110	-0.053436	-0.038880	3245339848.922040
2019-08-05	0.038956	-0.001271	0.132908	-0.001271	0.038956	4134352823.003620
2019-08-04	-0.014560	0.000184	0.008587	-0.033060	-0.014560	2427608116.774520
2019-08-03	-0.003796	0.000795	0.020028	-0.008240	-0.003796	2512959054.470230
2019-08-02	-0.042735	0.000200	0.000200	-0.056823	-0.042735	2882784454.000450
2019-08-01	0.006803	0.000580	0.017743	-0.025669	0.006803	2953184688.509150
2019-07-31	0.087699	-0.001059	0.098456	-0.002562	0.087699	3051471469.171540
2019-07-30	0.001554	0.000498	0.019530	-0.015549	0.001554	2302521844.426190
2019-07-29	0.007320	0.000027	0.018102	-0.013405	0.007320	2457824867.447270
2019-07-28	0.009904	-0.000035	0.017157	-0.039765	0.009904	2460180908.048180
2019-07-27	-0.057431	0.000118	0.014283	-0.070070	-0.057431	2626517608.482160
2019-07-26	0.009189	-0.000374	0.011773	-0.028815	0.009189	2260844510.937140
2019-07-25	-0.009154	0.000532	0.016318	-0.019490	-0.009154	2690273676.721290
2019-07-24	0.040686	-0.001782	0.063968	-0.027253	0.040686	3247150969.766770
2019-07-23	-0.050250	-0.000112	0.000654	-0.062597	-0.050250	2700924025.775580
2019-07-22	-0.042259	-0.000700	0.006198	-0.073519	-0.042259	2693989249.040950
2019-07-21	-0.009764	-0.001028	0.008519	-0.036373	-0.009764	2829054214.758530
2019-07-20	0.022431	0.000551	0.063115	-0.007062	0.022431	3771308934.293370
2019-07-19	-0.026540	-0.000034	0.000925	-0.053057	-0.026540	3983990085.226260
2019-07-18	0.125538	-0.001291	0.148483	-0.026307	0.125538	4890332055.617300
2019-07-17	0.129696	-0.001165	0.170413	-0.025188	0.129696	4616360556.325180
2019-07-16	-0.125634	-0.000252	0.012508	-0.147641	-0.125634	3703346636.199680
2019-07-15	0.012838	0.000972	0.031872	-0.045554	0.012838	3570361792.935540
2019-07-14	-0.111402	0.000812	0.006529	-0.120940	-0.111402	3717531245.509470
2019-07-13	-0.040601	-0.000127	0.002768	-0.069193	-0.040601	3353538170.943520
2019-07-12	0.025873	0.001783	0.036162	-0.013948	0.025873	3611846208.262990
2019-07-11	-0.053972	0.000647	0.000647	-0.103394	-0.053972	4633853162.435350
2019-07-10	-0.091537	0.000571	0.005622	-0.130706	-0.091537	4699511837.823230
2019-07-09	-0.031250	-0.000311	0.007137	-0.041022	-0.031250	3785641024.684850
2019-07-08	0.024639	-0.000311	0.039570	-0.014314	0.024639	3803750017.352190
2019-07-07	0.021195	0.001718	0.021232	-0.001549	0.021195	3348662401.106200
2019-07-06	-0.004469	0.000221	0.024854	-0.008664	-0.004469	3484378308.292260
2019-07-05	-0.013539	-0.001161	0.005596	-0.023532	-0.013539	4110868216.692400
2019-07-04	-0.021109	-0.000501	0.033531	-0.028704	-0.021109	4564200301.104040
2019-07-03	0.027846	0.000759	0.037677	-0.007308	0.027846	4529682890.307970
2019-07-02	-0.027247	-0.000223	0.005789	-0.081053	-0.027247	4761878443.467550
2019-07-01	0.002737	-0.001104	0.030882	-0.065667	0.002737	5034162435.634600
2019-06-30	-0.085392	0.000463	0.019429	-0.098919	-0.085392	5525273220.320670
2019-06-29	0.112465	0.000042	0.129791	-0.032716	0.112465	5745785825.266240
2019-06-28	0.050219	0.000055	0.066593	-0.008199	0.050219	4683311766.215810
2019-06-27	-0.128445	-0.000321	0.005925	-0.156928	-0.128445	5588611122.230920
2019-06-26	-0.038276	-0.000091	0.013424	-0.055281	-0.038276	5565887284.843870
2019-06-25	0.007058	0.000356	0.019123	-0.034287	0.007058	4411092399.714230
2019-06-24	-0.009858	0.000283	0.013200	-0.029585	-0.009858	3907725104.565970
2019-06-23	-0.035382	0.000297	0.004630	-0.039333	-0.035382	3998980168.476850
2019-06-22	0.021740	0.001103	0.054369	-0.002909	0.021740	5488615001.823680
2019-06-21	0.025125	0.000212	0.041288	0.000212	0.025125	4378260962.932360
2019-06-20	-0.008224	-0.000007	0.003517	-0.028990	-0.008224	3880682308.142370
2019-06-19	0.010687	-0.000045	0.030940	-0.008347	0.010687	4383960510.049540
2019-06-18	0.005360	0.000253	0.011044	-0.034893	0.005360	3720828768.621630
2019-06-17	-0.019575	0.000056	0.001131	-0.029696	-0.019575	3230230842.721590
2019-06-16	-0.007275	0.000157	0.004832	-0.025963	-0.007275	4372645800.595130
2019-06-15	0.038134	0.000951	0.046094	0.000682	0.038134	4329002012.529110
2019-06-14	0.012954	-0.000287	0.013899	-0.034183	0.012954	4352005824.200090
2019-06-13	-0.031713	0.000209	0.009084	-0.048048	-0.031713	4947794845.216880
2019-06-12	-0.002764	0.000412	0.049082	-0.027874	-0.002764	5855623530.111690
2019-06-11	0.053910	0.001493	0.070328	-0.024087	0.053910	5441787587.335040
2019-06-10	0.121071	-0.001188	0.126607	-0.017045	0.121071	5449266883.897320
2019-06-09	-0.028846	0.000287	0.004902	-0.050469	-0.028846	4360301111.392100
2019-06-08	0.010033	-0.000821	0.018095	-0.024868	0.010033	4689557936.471990
2019-06-07	0.056407	-0.001189	0.085795	-0.013686	0.056407	5140908476.517750
2019-06-06	0.069889	-0.000409	0.072076	-0.016959	0.069889	4142250661.759840
2019-06-05	0.017254	0.000310	0.026998	-0.008512	0.017254	3585162871.530590
2019-06-04	-0.050068	-0.000890	-0.000890	-0.076062	-0.050068	4316694182.650410
2019-06-03	-0.063070	-0.000298	0.010487	-0.071841	-0.063070	3832352495.941990
2019-06-02	0.018501	0.000807	0.032212	-0.006278	0.018501	3434073036.502410
2019-06-01	-0.016743	-0.000617	0.009342	-0.024952	-0.016743	3807158511.105490
2019-05-31	0.052772	-0.000913	0.053609	-0.026488	0.052772	4207966340.989490
2019-05-30	-0.054619	0.000516	0.040498	-0.085009	-0.054619	4971290021.774480
2019-05-29	0.001306	-0.000050	0.025609	-0.038793	0.001306	4122926835.915890
2019-05-28	-0.026276	-0.001192	-0.001192	-0.042712	-0.026276	4171886802.274130
2019-05-27	0.059362	0.000150	0.083228	-0.002609	0.059362	6355361291.238300
2019-05-26	0.085186	0.000275	0.097406	-0.028523	0.085186	5168378348.595750
2019-05-25	0.027720	0.001426	0.042066	-0.011813	0.027720	4507357464.929760
2019-05-24	0.120281	-0.002274	0.152205	-0.009558	0.120281	5393657681.968630
2019-05-23	0.010953	-0.000147	0.017323	-0.033788	0.010953	3208807268.978030
2019-05-22	-0.036032	-0.000029	0.005409	-0.043303	-0.036032	3398528443.104610
2019-05-21	0.000154	0.000857	0.010388	-0.020829	0.000154	3145769021.028490
2019-05-20	-0.040154	0.000191	0.000191	-0.070833	-0.040154	3566921482.875640
2019-05-19	0.099435	-0.000287	0.113524	-0.006585	0.099435	4108852208.458840
2019-05-18	-0.025788	0.000166	0.009885	-0.035898	-0.025788	3317998477.507260
2019-05-17	-0.068947	0.000492	0.017503	-0.111396	-0.068947	5319840521.082990
2019-05-16	-0.060534	-0.001685	0.043846	-0.090221	-0.060534	6442000275.567270
2019-05-15	0.110501	0.000449	0.125732	-0.008766	0.110501	5168624435.913960
2019-05-14	0.040452	-0.000059	0.060355	-0.004541	0.040452	4930071295.670630
2019-05-13	0.041302	0.000793	0.092313	-0.003143	0.041302	4658762983.667690
2019-05-12	-0.052193	0.003553	0.044316	-0.060514	-0.052193	5582599422.011670
2019-05-11	0.156228	-0.000051	0.225197	-0.000744	0.156228	5491744172.816690
2019-05-10	0.040302	0.000168	0.061299	-0.015356	0.040302	3051537532.448590
2019-05-09	-0.005939	-0.000353	0.017590	-0.021850	-0.005939	2436426304.979360
2019-05-08	-0.000973	-0.000611	0.008369	-0.021307	-0.000973	2532851417.781720
2019-05-07	-0.003864	-0.000038	0.040356	-0.004218	-0.003864	3088433048.080800
2019-05-06	-0.013182	0.000587	0.005386	-0.048156	-0.013182	2933488798.691510
2019-05-05	-0.026638	-0.000764	0.001110	-0.032357	-0.026638	2650746460.759680
2019-05-04	-0.015918	-0.000234	0.033949	-0.044504	-0.015918	3502670654.946660
2019-05-03	0.075218	-0.000173	0.090029	-0.004535	0.075218	3850339791.877580
2019-05-02	0.001621	0.000339	0.011756	-0.007630	0.001621	2903392113.765200
2019-05-01	-0.008389	0.000303	0.015344	-0.026694	-0.008389	2871792311.357650
2019-04-30	0.093003	-0.000144	0.098703	-0.000144	0.093003	3065300353.640560
2019-04-29	-0.025333	0.000824	0.007206	-0.035291	-0.025333	2532498296.120340
2019-04-28	-0.033196	-0.000008	0.005018	-0.042164	-0.033196	2362638269.879270
2019-04-27	-0.013601	0.001341	0.002917	-0.015346	-0.013601	2059777054.253550
2019-04-26	0.026207	0.001617	0.045824	-0.014800	0.026207	3041612618.864740
2019-04-25	-0.028112	-0.000868	0.016352	-0.030746	-0.028112	2754712045.797300
2019-04-24	-0.020523	-0.001218	0.005219	-0.046616	-0.020523	3347048436.054490
2019-04-23	-0.027331	-0.001229	0.032668	-0.030003	-0.027331	2920088568.209130
2019-04-22	-0.004959	-0.000480	0.007216	-0.021104	-0.004959	2657300818.930010
2019-04-21	-0.051292	0.000117	0.004637	-0.079648	-0.051292	2957685725.632720
2019-04-20	-0.012798	-0.000228	0.003919	-0.027774	-0.012798	2422737856.535950
2019-04-19	0.006023	0.000292	0.013568	-0.019993	0.006023	2608961075.491350
2019-04-18	0.034634	0.000816	0.048835	-0.000251	0.034634	2616912435.610820
2019-04-17	-0.024853	0.000038	0.008021	-0.027885	-0.024853	2060101783.919080
2019-04-16	0.029025	-0.000208	0.035211	-0.012979	0.029025	2176907330.794100
2019-04-15	-0.046816	0.000933	0.010980	-0.071808	-0.046816	2742760720.771600
2019-04-14	0.060293	-0.000213	0.060293	-0.015880	0.060293	2328308745.018740
2019-04-13	-0.009405	-0.000219	0.027086	-0.028755	-0.009405	2379257754.433750
2019-04-12	-0.008961	-0.000569	0.007381	-0.040618	-0.008961	2839796022.160150
2019-04-11	-0.098438	0.000179	0.001629	-0.132624	-0.098438	3461535999.621190
2019-04-10	0.018330	-0.000146	0.041083	-0.000460	0.018330	2765900676.913110
2019-04-09	-0.030238	0.000052	0.000052	-0.050125	-0.030238	2742631078.013070
2019-04-08	-0.030541	0.000168	0.016363	-0.056853	-0.030541	3295695861.981410
2019-04-07	-0.002820	-0.001642	0.030476	-0.026876	-0.002820	3314848880.207610
2019-04-06	0.043929	0.000337	0.090930	-0.026675	0.043929	3857950928.595270
2019-04-05	0.043503	0.000671	0.054143	-0.000678	0.043503	3512861847.241270
2019-04-04	0.000694	0.002967	0.052006	-0.039487	0.000694	4195622761.033960
2019-04-03	0.114560	0.000827	0.279578	-0.002410	0.114560	6206102118.690640
2019-04-02	0.255698	0.000440	0.275779	-0.002311	0.255698	4161362861.412640
2019-04-01	-0.001274	0.000238	0.003782	-0.005621	-0.001274	1712538381.527610
2019-03-31	0.002201	0.000273	0.003767	-0.006757	0.002201	1646531871.861340
2019-03-30	-0.011087	-0.000775	0.045796	-0.015278	-0.011087	1698116592.701090
2019-03-29	0.002144	-0.000047	0.005916	-0.014888	0.002144	1977436351.128510
2019-03-28	-0.017364	-0.000465	-0.000465	-0.024190	-0.017364	1818355774.369260
2019-03-27	0.049001	0.001085	0.049619	-0.000308	0.049001	2220590688.226590
2019-03-26	-0.002575	0.000194	0.002627	-0.019527	-0.002575	2020400712.530290
2019-03-25	-0.012074	0.001308	0.011668	-0.020324	-0.012074	2057863893.589310
2019-03-24	-0.018334	-0.001723	-0.001652	-0.026657	-0.018334	2041814465.150500
2019-03-23	0.025485	-0.000543	0.031476	-0.005285	0.025485	2009701790.192600
2019-03-22	0.007506	-0.001275	0.015262	-0.008263	0.007506	1660894829.829520
2019-03-21	-0.024130	0.000344	0.003875	-0.034628	-0.024130	1766689848.006240
2019-03-20	0.003811	0.001029	0.005634	-0.033757	0.003811	1990264182.044130
2019-03-19	0.005820	-0.000672	0.011323	-0.008504	0.005820	1824124622.941490
2019-03-18	-0.015985	0.000661	0.024931	-0.028433	-0.015985	1971826810.509530
2019-03-17	-0.009717	0.000594	0.002343	-0.017175	-0.009717	1609232029.403730
2019-03-16	0.048407	0.000083	0.052623	0.000083	0.048407	1997899601.094670
2019-03-15	0.042504	-0.000752	0.049519	-0.000752	0.042504	1824454594.987760
2019-03-14	0.011639	-0.001308	0.032591	-0.002646	0.011639	1610293200.210980
2019-03-13	-0.018665	0.001379	0.003739	-0.027428	-0.018665	1465625295.043070
2019-03-12	0.028452	-0.000130	0.033254	-0.034727	0.028452	1666711996.138020
2019-03-11	-0.030808	0.000102	0.011665	-0.041181	-0.030808	1839260242.624960
2019-03-10	-0.015581	0.000200	0.002832	-0.025749	-0.015581	1778709344.414310
2019-03-09	0.035425	-0.001743	0.056795	-0.001743	0.035425	2145350394.619670
2019-03-08	-0.019051	0.004310	0.008061	-0.030348	-0.019051	1977538386.955350
2019-03-07	0.025182	0.000959	0.057637	-0.012636	0.025182	2410843753.785790
2019-03-06	0.049910	-0.002112	0.059000	-0.016105	0.049910	1998850451.835930
2019-03-05	0.144306	0.001971	0.163505	-0.006239	0.144306	2000300861.937270
2019-03-04	-0.040270	-0.000938	0.005560	-0.052231	-0.040270	1243464081.773120
2019-03-03	-0.012956	0.000134	0.007559	-0.018815	-0.012956	1102677211.351500
2019-03-02	0.032180	-0.000126	0.045349	-0.000490	0.032180	1227656624.073580
2019-03-01	0.027034	-0.000040	0.059488	-0.001889	0.027034	1175425172.056280
2019-02-28	0.014388	0.000769	0.029368	0.000356	0.014388	1119495712.294690
2019-02-27	0.001985	0.000165	0.014226	-0.023702	0.001985	1061879935.214060
2019-02-26	-0.015622	-0.000792	0.006584	-0.024217	-0.015622	1060325373.197390
2019-02-25	0.034345	-0.002297	0.056230	-0.002297	0.034345	1212141471.530280
2019-02-24	-0.135492	-0.000012	0.033569	-0.155275	-0.135492	1618048130.730560
2019-02-23	0.037650	-0.002689	0.041763	-0.022851	0.037650	1278039836.834620
2019-02-22	0.013309	-0.000380	0.017824	-0.008834	0.013309	1213665948.225450
2019-02-21	-0.050870	0.000953	0.000953	-0.059945	-0.050870	1259734341.308200
2019-02-20	0.081924	-0.000915	0.089705	-0.009480	0.081924	1582934317.719140
2019-02-19	-0.003715	0.001936	0.023729	-0.016118	-0.003715	1417050580.370760
2019-02-18	0.093671	-0.001057	0.120451	-0.001966	0.093671	1462180271.233980
2019-02-17	0.007652	-0.004553	0.024196	-0.015677	0.007652	1089205821.531150
2019-02-16	0.020963	0.001407	0.034752	-0.003091	0.020963	1017844635.339530
2019-02-15	0.025435	0.000066	0.048876	-0.000500	0.025435	1043820660.601790
2019-02-14	-0.008503	-0.002908	0.013232	-0.017396	-0.008503	997741394.160057
2019-02-13	-0.043958	-0.002169	0.013235	-0.057180	-0.043958	1087815590.055900
2019-02-12	0.017278	-0.000317	0.022249	-0.014806	0.017278	1098569293.926750
2019-02-11	-0.077836	0.001162	0.001162	-0.094604	-0.077836	1229169301.644290
2019-02-10	0.045481	-0.000595	0.051435	-0.042118	0.045481	1420578822.974720
2019-02-09	0.030497	-0.010189	0.055218	-0.027519	0.030497	1509978242.901060
2019-02-08	0.308295	0.000387	0.321501	-0.006527	0.308295	1721691113.412420
2019-02-07	0.008788	-0.000838	0.020028	-0.001655	0.008788	652002936.151053
2019-02-06	-0.038639	0.002646	0.002646	-0.050010	-0.038639	748545365.545718
2019-02-05	0.004340	-0.002916	0.008202	-0.009701	0.004340	708712283.694799
2019-02-04	0.020018	0.000751	0.029580	0.000751	0.020018	740036503.918185
2019-02-03	-0.027783	0.001058	0.005048	-0.037132	-0.027783	820461890.930779
2019-02-02	0.047758	-0.000277	0.052703	-0.003015	0.047758	829064166.229799
2019-02-01	0.037119	0.002128	0.056782	-0.016588	0.037119	825977655.561923
2019-01-31	-0.008731	-0.001256	0.015857	-0.016770	-0.008731	654137406.156270
2019-01-30	0.026814	-0.000982	0.031909	-0.007512	0.026814	694822147.737403
2019-01-29	-0.003274	0.001163	0.008278	-0.024424	-0.003274	707842399.905784
2019-01-28	-0.042757	-0.002323	0.003802	-0.063502	-0.042757	812860294.363104
2019-01-27	-0.016823	-0.002068	0.005889	-0.032278	-0.016823	678149673.481023
2019-01-26	0.005115	-0.000420	0.029356	-0.003492	0.005115	694481467.011091
2019-01-25	0.006276	0.001352	0.013226	-0.015340	0.006276	661476019.589631
2019-01-24	0.024191	0.001282	0.032503	-0.017947	0.024191	614405337.576673
2019-01-23	0.010022	-0.000486	0.022148	-0.003977	0.010022	613521887.662678
2019-01-22	0.015108	0.000014	0.025852	-0.028456	0.015108	589374366.572987
2019-01-21	0.001170	0.000393	0.006825	-0.007048	0.001170	531048792.324040
2019-01-20	-0.042221	-0.001864	0.024682	-0.049622	-0.042221	584024740.855502
2019-01-19	0.039578	0.005389	0.057515	0.001819	0.039578	585789956.569941
2019-01-18	-0.018099	0.000778	0.001629	-0.029261	-0.018099	566482194.175347
2019-01-17	0.002050	0.000839	0.003880	-0.036051	0.002050	609389196.550093
2019-01-16	0.010041	-0.002173	0.023465	-0.007586	0.010041	539347965.609445
2019-01-15	-0.026305	0.000802	0.010776	-0.039505	-0.026305	527294087.710338
2019-01-14	0.066771	0.001490	0.079157	-0.000750	0.066771	593098937.785578
2019-01-13	-0.063349	0.000352	0.023287	-0.069685	-0.063349	564244096.209336
2019-01-12	0.001757	0.003977	0.018912	-0.009191	0.001757	491524393.259194
2019-01-11	-0.045425	-0.005390	0.006872	-0.053740	-0.045425	628980636.702869
2019-01-10	-0.131319	0.000041	0.013813	-0.152718	-0.131319	701124436.918687
2019-01-09	-0.012517	-0.000843	0.020236	-0.014615	-0.012517	504601882.518513
2019-01-08	0.044264	0.002981	0.083171	0.002981	0.044264	643946958.974812
2019-01-07	-0.037980	-0.000486	0.008873	-0.042879	-0.037980	586891612.613580
2019-01-06	0.124853	-0.002566	0.143753	-0.004374	0.124853	809493170.154509
2019-01-05	0.078160	-0.001809	0.115395	-0.001832	0.078160	640607603.355792
2019-01-04	0.011786	-0.000318	0.031119	-0.018395	0.011786	391010579.349800
2019-01-03	-0.042083	-0.002396	-0.000388	-0.055070	-0.042083	345068248.590976
2019-01-02	0.045458	0.001291	0.056704	-0.006690	0.045458	414331917.881844
2019-01-01	0.049616	-0.000323	0.053477	-0.006694	0.049616	379429124.113786
2018-12-31	-0.047169	0.000022	0.000753	-0.056673	-0.047169	367746437.337979
2018-12-30	0.013037	-0.004494	0.025759	-0.012581	0.013037	405650439.747866
2018-12-29	-0.029093	0.001464	0.025463	-0.030460	-0.029093	390868406.220352
2018-12-28	0.149016	0.000215	0.179022	0.000215	0.149016	486919644.693397
2018-12-27	-0.086859	-0.000766	0.012177	-0.092105	-0.086859	442100050.644530
2018-12-26	-0.004767	-0.001313	0.034385	-0.044591	-0.004767	464721770.076756
2018-12-25	-0.062125	0.006173	0.006173	-0.082671	-0.062125	508836252.957082
2018-12-24	-0.007860	0.000416	0.092608	-0.007860	-0.007860	535897386.511421
2018-12-23	0.050344	0.004277	0.071921	-0.001683	0.050344	554317219.299127
2018-12-22	0.034396	0.000974	0.034396	-0.015019	0.034396	419546205.163077
2018-12-21	-0.061561	-0.002567	0.044688	-0.076789	-0.061561	546504525.947854
2018-12-20	0.105586	-0.002653	0.120453	-0.009175	0.105586	796645102.841487
2018-12-19	-0.015240	0.006157	0.053984	-0.022980	-0.015240	505439991.656022
2018-12-18	0.029836	-0.000081	0.029836	-0.034696	0.029836	492064385.842032
2018-12-17	0.143441	0.003343	0.187775	0.003343	0.143441	613385968.931534
2018-12-16	0.076308	0.000234	0.123739	-0.000227	0.076308	424549776.153537
2018-12-15	0.013556	-0.000062	0.027784	-0.005258	0.013556	291476162.313053
2018-12-14	-0.008641	-0.000946	0.003616	-0.035662	-0.008641	318851819.820789
2018-12-13	-0.033681	0.001503	0.006771	-0.036183	-0.033681	328942982.998451
2018-12-12	0.029049	-0.000271	0.060842	-0.003846	0.029049	367818942.598412
2018-12-11	-0.033123	-0.000703	0.013579	-0.044994	-0.033123	386533569.230734
2018-12-10	-0.051228	-0.001362	0.006891	-0.055670	-0.051228	423653342.529189
2018-12-09	0.043557	-0.002430	0.082418	-0.002430	0.043557	471979151.745712
2018-12-08	-0.016166	-0.005703	0.053622	-0.065117	-0.016166	504751039.760069
2018-12-07	-0.062021	-0.001326	-0.001326	-0.146452	-0.062021	519622321.009999
2018-12-06	-0.080272	-0.001579	0.038010	-0.081121	-0.080272	451241301.327356
2018-12-05	-0.060632	0.000953	0.006427	-0.061210	-0.060632	392132739.522863
2018-12-04	0.003647	-0.002163	0.034663	-0.021856	0.003647	398521609.618204
2018-12-03	-0.078318	0.002881	0.002881	-0.095482	-0.078318	431873523.751033
2018-12-02	-0.018275	-0.002281	0.023212	-0.026445	-0.018275	407318732.099673
2018-12-01	0.070981	0.002053	0.096370	-0.017449	0.070981	428286156.550239
2018-11-30	-0.051267	0.000051	0.013467	-0.069974	-0.051267	431153649.079434
2018-11-29	-0.023946	0.002681	0.026335	-0.040535	-0.023946	476701013.294985
2018-11-28	0.114514	0.001548	0.158020	-0.003141	0.114514	573550000.000000
2018-11-27	0.056367	-0.000048	0.065901	-0.020118	0.056367	486621000.000000
2018-11-26	-0.047947	-0.000761	0.039525	-0.081218	-0.047947	528902000.000000
2018-11-25	0.057311	0.000311	0.092287	-0.073414	0.057311	573938000.000000
2018-11-24	-0.091481	0.003109	0.030691	-0.105589	-0.091481	396969000.000000
2018-11-23	-0.001100	-0.005370	0.025777	-0.032918	-0.001100	462932000.000000
2018-11-22	-0.071401	0.000640	0.006602	-0.071401	-0.071401	468218000.000000
2018-11-21	0.049219	0.000636	0.049219	-0.034850	0.049219	504001000.000000
2018-11-20	-0.098166	-0.001872	0.034652	-0.142856	-0.098166	619356000.000000
2018-11-19	-0.134351	0.000272	0.000272	-0.150218	-0.134351	571241000.000000
2018-11-18	0.009516	0.003799	0.025057	0.001848	0.009516	352001000.000000
2018-11-17	-0.012483	0.000704	0.000704	-0.018748	-0.012483	330818000.000000
2018-11-16	-0.033890	0.000291	0.000291	-0.042361	-0.033890	411507000.000000
2018-11-15	0.007739	0.002681	0.014473	-0.064968	0.007739	588718000.000000
2018-11-14	-0.122459	-0.002368	0.012126	-0.156007	-0.122459	604639000.000000
2018-11-13	-0.018788	-0.000263	0.006304	-0.027389	-0.018788	356433000.000000
2018-11-12	-0.013953	0.002184	0.006160	-0.017436	-0.013953	388194000.000000
2018-11-11	-0.019787	-0.001582	0.001303	-0.041092	-0.019787	410262000.000000
2018-11-10	0.009746	0.000593	0.015464	-0.000998	0.009746	322713000.000000
2018-11-09	-0.009115	-0.000166	0.006700	-0.013427	-0.009115	386711000.000000
2018-11-08	-0.033503	0.000065	0.005056	-0.033512	-0.033503	351857000.000000
2018-11-07	-0.031391	0.001768	0.003789	-0.040007	-0.031391	385412000.000000
2018-11-06	0.044799	0.002917	0.044799	-0.001184	0.044799	371534000.000000
2018-11-05	-0.001235	-0.000358	0.020436	-0.009345	-0.001235	398133000.000000
2018-11-04	0.051774	0.000251	0.081676	-0.003094	0.051774	441533000.000000
2018-11-03	-0.006961	-0.000645	0.000590	-0.011103	-0.006961	325128000.000000
2018-11-02	0.021061	0.001345	0.027608	0.000865	0.021061	362726000.000000
2018-11-01	0.016796	0.002443	0.032084	-0.000512	0.016796	321492000.000000
2018-10-31	0.004111	0.002005	0.014245	-0.018638	0.004111	410734000.000000
2018-10-30	0.003417	-0.001526	0.008270	-0.005765	0.003417	295448000.000000
2018-10-29	-0.055184	-0.002018	0.001785	-0.063216	-0.055184	373076000.000000
2018-10-28	0.000106	0.002316	0.004625	-0.008613	0.000106	335237000.000000
2018-10-27	-0.003204	0.000555	0.005023	-0.006221	-0.003204	312308000.000000
2018-10-26	-0.002598	-0.000287	0.004763	-0.009628	-0.002598	292908000.000000
2018-10-25	-0.005339	-0.000512	-0.000093	-0.008662	-0.005339	241117000.000000
2018-10-24	-0.000501	-0.001614	0.008883	-0.004850	-0.000501	291042000.000000
2018-10-23	0.006463	0.000634	0.012827	-0.005051	0.006463	278025000.000000
2018-10-22	-0.013453	-0.002479	0.003749	-0.017065	-0.013453	263337000.000000
2018-10-21	-0.008377	0.001347	0.007689	-0.012183	-0.008377	273510000.000000
2018-10-20	0.006464	0.000885	0.008331	-0.004213	0.006464	258418000.000000
2018-10-19	0.009389	0.000484	0.020430	-0.005510	0.009389	272130000.000000
2018-10-18	-0.021337	0.000835	0.005862	-0.028749	-0.021337	296411000.000000
2018-10-17	-0.007326	0.003638	0.003638	-0.018179	-0.007326	295022000.000000
2018-10-16	-0.014785	0.001558	0.010971	-0.021974	-0.014785	281917000.000000
2018-10-15	0.051587	-0.000261	0.101070	-0.005222	0.051587	431765000.000000
2018-10-14	-0.023655	0.001074	0.007236	-0.026557	-0.023655	242221000.000000
2018-10-13	-0.001865	-0.001785	0.013555	-0.006302	-0.001865	237333000.000000
2018-10-12	0.045258	-0.006995	0.050524	-0.006995	0.045258	280891000.000000
2018-10-11	-0.116395	-0.000093	-0.000093	-0.120565	-0.116395	343098000.000000
2018-10-10	-0.012459	-0.000838	-0.000838	-0.021930	-0.012459	358009000.000000
2018-10-09	-0.011770	0.000552	0.001961	-0.020211	-0.011770	318545000.000000
2018-10-08	0.021532	0.001229	0.028612	-0.011663	0.021532	347408000.000000
2018-10-07	0.005466	0.001570	0.008995	-0.010993	0.005466	435270000.000000
2018-10-06	-0.015691	0.001863	0.002614	-0.025518	-0.015691	375900000.000000
2018-10-05	0.008351	0.000892	0.014545	-0.010395	0.008351	371790000.000000
2018-10-04	0.013953	0.000766	0.027341	-0.000567	0.013953	343602000.000000
2018-10-03	-0.037315	-0.002176	-0.002176	-0.044030	-0.037315	452464000.000000
2018-10-02	-0.008349	0.001546	0.017342	-0.013244	-0.008349	444830000.000000
2018-10-01	-0.015273	-0.000708	0.009614	-0.022929	-0.015273	456583000.000000
2018-09-30	-0.007548	0.000299	0.012687	-0.023653	-0.007548	463002000.000000
2018-09-29	-0.004656	-0.004065	0.002104	-0.038832	-0.004656	356028000.000000
2018-09-28	-0.017217	0.003050	0.022915	-0.034480	-0.017217	459862000.000000
2018-09-27	0.097288	0.000950	0.120210	-0.008217	0.097288	574277000.000000
2018-09-26	-0.002470	-0.001536	0.036194	-0.014528	-0.002470	294136000.000000
2018-09-25	-0.007444	0.000895	0.003079	-0.055745	-0.007444	351579000.000000
2018-09-24	-0.055361	-0.000442	-0.000442	-0.066186	-0.055361	296366000.000000
2018-09-23	0.015385	0.001848	0.045509	-0.007305	0.015385	304888000.000000
2018-09-22	-0.004713	0.001512	0.016236	-0.049044	-0.004713	298424000.000000
2018-09-21	0.072189	0.002619	0.095749	-0.003039	0.072189	398550000.000000
2018-09-20	0.042329	0.000705	0.051886	-0.012786	0.042329	260631000.000000
2018-09-19	0.004387	-0.001473	0.015265	-0.034042	0.004387	271642000.000000
2018-09-18	0.029629	-0.004695	0.048730	-0.029330	0.029629	296552000.000000
2018-09-17	-0.077795	0.000832	0.013645	-0.089922	-0.077795	261325000.000000
2018-09-16	0.004577	-0.002329	0.011549	-0.029168	0.004577	253978000.000000
2018-09-15	0.002414	-0.004235	0.032245	-0.007091	0.002414	252020000.000000
2018-09-14	0.037408	0.002039	0.071561	-0.022378	0.037408	336190000.000000
2018-09-13	0.055749	0.004389	0.065676	0.002007	0.055749	295074000.000000
2018-09-12	-0.013571	0.000414	0.000848	-0.089747	-0.013571	290357000.000000
2018-09-11	-0.040818	0.000201	0.003462	-0.064474	-0.040818	272379000.000000
2018-09-10	-0.005979	0.001265	0.020776	-0.025999	-0.005979	251240000.000000
2018-09-09	0.031545	0.000565	0.059259	-0.009905	0.031545	253320000.000000
2018-09-08	-0.052550	-0.001265	0.025063	-0.064301	-0.052550	223684000.000000
2018-09-07	-0.022412	-0.002505	0.010966	-0.034347	-0.022412	229626000.000000
2018-09-06	-0.016282	-0.001997	-0.001997	-0.060374	-0.016282	351270000.000000
2018-09-05	-0.136940	-0.000620	0.006039	-0.136940	-0.136940	409226000.000000
2018-09-04	0.035744	-0.000815	0.055130	-0.002227	0.035744	308206000.000000
2018-09-03	-0.004207	0.002562	0.008364	-0.020226	-0.004207	235034000.000000
2018-09-02	-0.004573	0.000513	0.014411	-0.024582	-0.004573	265104000.000000
2018-09-01	0.065006	-0.003015	0.085994	-0.003015	0.065006	306586000.000000
2018-08-31	0.026698	0.001784	0.032159	-0.016419	0.026698	265252000.000000
2018-08-30	-0.023508	-0.000026	0.004329	-0.046109	-0.023508	219094000.000000
2018-08-29	-0.019948	0.000076	0.005796	-0.036270	-0.019948	220637000.000000
2018-08-28	0.046050	-0.000397	0.052237	-0.010405	0.046050	246764000.000000
2018-08-27	0.050856	-0.001305	0.053900	-0.007085	0.050856	228072000.000000
2018-08-26	-0.009909	0.002482	0.003411	-0.028830	-0.009909	206572000.000000
2018-08-25	-0.000378	-0.000107	0.004916	-0.009750	-0.000378	187571000.000000
2018-08-24	0.006715	0.001057	0.012769	-0.027628	0.006715	194676000.000000
2018-08-23	0.040218	-0.002258	0.045021	-0.016723	0.040218	205125000.000000
2018-08-22	-0.018307	0.005482	0.047226	-0.034992	-0.018307	228893000.000000
2018-08-21	0.043596	-0.004160	0.051887	-0.004160	0.043596	187486000.000000
2018-08-20	-0.068051	-0.000528	0.010566	-0.068358	-0.068051	244192000.000000
2018-08-19	0.011581	-0.000925	0.025597	-0.012787	0.011581	204484000.000000
2018-08-18	-0.068906	0.000689	0.008447	-0.092848	-0.068906	243057000.000000
2018-08-17	0.111132	-0.000587	0.111132	-0.003051	0.111132	263383000.000000
2018-08-16	0.015807	0.000653	0.053699	0.000185	0.015807	211779000.000000
2018-08-15	-0.001081	0.002192	0.080435	-0.004745	-0.001081	282699000.000000
2018-08-14	-0.040262	0.002755	0.003613	-0.100086	-0.040262	250440000.000000
2018-08-13	-0.041800	0.002623	0.021401	-0.050939	-0.041800	223061000.000000
2018-08-12	0.016604	-0.002426	0.057347	-0.006895	0.016604	276383000.000000
2018-08-11	-0.017424	0.001576	0.006814	-0.062654	-0.017424	259948000.000000
2018-08-10	-0.071690	-0.000091	0.014837	-0.079988	-0.071690	259781000.000000
2018-08-09	0.023850	-0.000278	0.049400	-0.019110	0.023850	270095000.000000
2018-08-08	-0.083319	-0.000110	-0.000110	-0.088484	-0.083319	313187000.000000
2018-08-07	-0.077387	0.001554	0.018129	-0.077962	-0.077387	299418000.000000
2018-08-06	-0.009399	0.006331	0.026767	-0.024120	-0.009399	265134000.000000
2018-08-05	0.018999	0.002465	0.024623	-0.006955	0.018999	265627000.000000
2018-08-04	-0.055933	-0.001460	0.003707	-0.061552	-0.055933	262765000.000000
2018-08-03	0.018344	0.002141	0.018750	-0.021976	0.018344	298295000.000000
2018-08-02	-0.022051	-0.001816	0.008765	-0.028783	-0.022051	285466000.000000
2018-08-01	-0.023170	0.008638	0.012938	-0.041414	-0.023170	301530000.000000
2018-07-31	-0.037992	-0.001938	0.001081	-0.072897	-0.037992	319362000.000000
2018-07-30	-0.014678	0.000831	0.007478	-0.041431	-0.014678	313998000.000000
2018-07-29	0.005502	0.005143	0.018931	-0.002863	0.005502	276696000.000000
2018-07-28	-0.009940	0.000868	0.001948	-0.019328	-0.009940	279804992.000000
2018-07-27	0.005190	-0.003540	0.014172	-0.023605	0.005190	358798016.000000
2018-07-26	-0.026126	-0.000052	0.020172	-0.035873	-0.026126	286579008.000000
2018-07-25	-0.033639	-0.007034	0.007137	-0.043388	-0.033639	310156992.000000
2018-07-24	0.083122	0.003030	0.083122	-0.006080	0.083122	440572992.000000
2018-07-23	-0.008694	0.000906	0.034855	-0.010127	-0.008694	296071008.000000
2018-07-22	-0.015482	-0.002361	0.001972	-0.018848	-0.015482	245916992.000000
2018-07-21	0.020655	-0.001164	0.030094	-0.025176	0.020655	246152992.000000
2018-07-20	-0.045151	0.000165	0.000165	-0.048999	-0.045151	287448000.000000
2018-07-19	-0.003385	-0.000735	0.021473	-0.013496	-0.003385	307785984.000000
2018-07-18	-0.031668	0.000172	0.042801	-0.042072	-0.031668	375428992.000000
2018-07-17	0.061589	-0.003480	0.067542	-0.018871	0.061589	341836000.000000
2018-07-16	0.071662	0.000261	0.071662	-0.009174	0.071662	307904000.000000
2018-07-15	0.028891	-0.000232	0.038148	-0.009214	0.028891	230467008.000000
2018-07-14	-0.002861	0.000400	0.007789	-0.009929	-0.002861	197776000.000000
2018-07-13	0.001743	0.006295	0.021169	-0.009127	0.001743	256038000.000000
2018-07-12	-0.024032	-0.001344	-0.001344	-0.043066	-0.024032	267396992.000000
2018-07-11	0.034388	0.000610	0.061950	-0.000121	0.034388	284915008.000000
2018-07-10	-0.059043	-0.000931	0.000310	-0.067700	-0.059043	321614016.000000
2018-07-09	-0.018671	0.001797	0.010459	-0.020001	-0.018671	263326000.000000
2018-07-08	-0.044151	0.000701	0.005524	-0.046634	-0.044151	239655008.000000
2018-07-07	0.033867	0.000314	0.033867	-0.032096	0.033867	238936992.000000
2018-07-06	-0.004560	0.000923	0.009987	-0.029114	-0.004560	253160000.000000
2018-07-05	-0.020282	0.001862	0.013761	-0.034530	-0.020282	306121984.000000
2018-07-04	0.004615	0.000840	0.047178	-0.012690	0.004615	282222016.000000
2018-07-03	-0.001827	0.001533	0.047148	-0.006125	-0.001827	343900992.000000
2018-07-02	0.062488	0.000309	0.075122	-0.019375	0.062488	302471008.000000
2018-07-01	-0.013900	0.001598	0.002869	-0.037025	-0.013900	343401984.000000
2018-06-30	0.033073	0.002256	0.056817	0.002256	0.033073	276550016.000000
2018-06-29	0.051236	-0.001614	0.070048	-0.023450	0.051236	309339008.000000
2018-06-28	-0.071038	-0.000421	0.004704	-0.077120	-0.071038	263414000.000000
2018-06-27	0.049345	0.000850	0.058186	-0.013058	0.049345	274128000.000000
2018-06-26	-0.060693	-0.000222	0.008119	-0.060852	-0.060693	258432992.000000
2018-06-25	0.013077	-0.005082	0.065561	-0.021746	0.013077	458366016.000000
2018-06-24	-0.022113	0.001639	0.009502	-0.100669	-0.022113	449884992.000000
2018-06-23	-0.029059	0.000201	0.015108	-0.040351	-0.029059	439203008.000000
2018-06-22	-0.122255	0.000161	0.002045	-0.160222	-0.122255	458636992.000000
2018-06-21	-0.010899	-0.001146	0.008939	-0.016619	-0.010899	261544000.000000
2018-06-20	-0.008541	0.001200	0.003712	-0.029044	-0.008541	261392000.000000
2018-06-19	0.000189	-0.000928	0.020249	-0.014377	0.000189	284982016.000000
2018-06-18	0.028266	-0.003424	0.038613	-0.022815	0.028266	282937984.000000
2018-06-17	-0.015110	0.001441	0.011070	-0.020948	-0.015110	242331008.000000
2018-06-16	0.009320	-0.001010	0.017278	-0.027984	0.009320	259324992.000000
2018-06-15	-0.044269	-0.000386	-0.000386	-0.054911	-0.044269	293284992.000000
2018-06-14	0.075242	-0.000871	0.088667	-0.004932	0.075242	367742016.000000
2018-06-13	-0.066266	0.000467	0.001945	-0.093929	-0.066266	360492992.000000
2018-06-12	-0.062912	-0.000818	0.005041	-0.075723	-0.062912	333163008.000000
2018-06-11	0.004409	-0.004699	0.016844	-0.027278	0.004409	331430016.000000
2018-06-10	-0.090852	-0.001520	-0.001520	-0.116009	-0.090852	399889984.000000
2018-06-09	-0.019511	0.000200	0.007836	-0.019511	-0.019511	242235008.000000
2018-06-08	-0.011052	0.000741	0.004282	-0.022409	-0.011052	285831008.000000
2018-06-07	0.002005	0.001287	0.016463	-0.012890	0.002005	365670016.000000
2018-06-06	-0.004256	0.001537	0.003591	-0.025842	-0.004256	324158016.000000
2018-06-05	0.014995	-0.000058	0.017539	-0.028865	0.014995	300892000.000000
2018-06-04	-0.044598	-0.002303	0.006582	-0.053960	-0.044598	299780992.000000
2018-06-03	0.017785	-0.000178	0.032934	-0.007631	0.017785	322787008.000000
2018-06-02	0.028287	-0.000725	0.033182	-0.008006	0.028287	310800000.000000
2018-06-01	0.015592	-0.000390	0.017972	-0.008114	0.015592	290886016.000000
2018-05-31	0.004603	-0.001829	0.026044	-0.007615	0.004603	297183008.000000
2018-05-30	-0.017020	-0.000234	0.023485	-0.029699	-0.017020	305275008.000000
2018-05-29	0.071417	0.002204	0.092878	-0.006228	0.071417	350520000.000000
2018-05-28	-0.054190	-0.000525	0.009246	-0.055224	-0.054190	295723008.000000
2018-05-27	-0.002410	0.001919	0.004828	-0.010915	-0.002410	258727008.000000
2018-05-26	-0.009754	-0.000770	0.023518	-0.013178	-0.009754	275851008.000000
2018-05-25	-0.025862	-0.000440	0.012960	-0.039082	-0.025862	297743008.000000
2018-05-24	0.027650	-0.000997	0.042384	-0.028697	0.027650	345857984.000000
2018-05-23	-0.072756	0.001026	0.005098	-0.088019	-0.072756	373329984.000000
2018-05-22	-0.043365	-0.001851	0.008148	-0.045923	-0.043365	294447008.000000
2018-05-21	-0.037144	-0.000387	-0.000387	-0.041260	-0.037144	308376992.000000
2018-05-20	0.032353	-0.000355	0.036912	-0.011277	0.032353	324983008.000000
2018-05-19	-0.005417	-0.000676	0.010613	-0.016067	-0.005417	310963008.000000
2018-05-18	0.024734	-0.000520	0.032251	-0.023122	0.024734	371688000.000000
2018-05-17	-0.046637	0.002089	0.013628	-0.052532	-0.046637	320248992.000000
2018-05-16	-0.004375	-0.001644	0.005512	-0.032907	-0.004375	351689984.000000
2018-05-15	-0.053035	-0.001530	0.011299	-0.061903	-0.053035	415984992.000000
2018-05-14	0.021620	0.000249	0.052335	-0.058898	0.021620	584222016.000000
2018-05-13	0.019072	-0.000592	0.037806	-0.029792	0.019072	383224000.000000
2018-05-12	0.034751	0.001021	0.053254	-0.033030	0.034751	410184992.000000
2018-05-11	-0.085088	-0.002829	-0.002829	-0.101042	-0.085088	530416000.000000
2018-05-10	-0.045755	0.000611	0.020891	-0.049142	-0.045755	426694016.000000
2018-05-09	-0.016051	0.000000	0.000000	-0.043974	-0.016051	448136000.000000
2018-05-08	-0.031914	-0.000297	0.018814	-0.040763	-0.031914	466308992.000000
2018-05-07	-0.040285	-0.000239	0.000681	-0.074913	-0.040285	573281024.000000
2018-05-06	-0.033539	0.001457	0.028808	-0.065183	-0.033539	626270016.000000
2018-05-05	0.053167	-0.002595	0.076072	-0.002595	0.053167	741246016.000000
2018-05-04	0.045392	-0.006132	0.055240	-0.021814	0.045392	633054976.000000
2018-05-03	0.065195	0.001860	0.081939	-0.003727	0.065195	617984000.000000
2018-05-02	0.020803	-0.000290	0.029625	-0.010129	0.020803	354656992.000000
2018-05-01	0.000074	-0.000896	0.000458	-0.030564	0.000074	342152000.000000
2018-04-30	-0.033548	0.000104	0.002929	-0.037492	-0.033548	341396992.000000
2018-04-29	0.008766	-0.000860	0.021832	-0.022318	0.008766	388081984.000000
2018-04-28	0.043803	-0.001117	0.050862	-0.001117	0.043803	337116992.000000
2018-04-27	-0.050586	-0.001529	-0.000390	-0.050586	-0.050586	386742016.000000
2018-04-26	0.061583	-0.000449	0.062578	-0.014651	0.061583	412436992.000000
2018-04-25	-0.126776	-0.004186	-0.004186	-0.139871	-0.126776	613467008.000000
2018-04-24	0.088859	0.002121	0.089923	0.002121	0.088859	643558016.000000
2018-04-23	0.037323	-0.000695	0.040838	-0.000709	0.037323	376060000.000000
2018-04-22	-0.014503	-0.002189	0.022131	-0.024306	-0.014503	338735008.000000
2018-04-21	-0.042453	0.000952	0.006899	-0.085890	-0.042453	482924000.000000
2018-04-20	0.063137	0.001374	0.064416	-0.016787	0.063137	491945984.000000
2018-04-19	0.045022	0.000314	0.049073	-0.007422	0.045022	408736000.000000
2018-04-18	0.053179	-0.004145	0.059619	-0.004145	0.053179	381161984.000000
2018-04-17	0.035789	0.002922	0.088191	0.002922	0.035789	532336000.000000
2018-04-16	-0.028096	-0.000583	0.004400	-0.051551	-0.028096	290855008.000000
2018-04-15	0.045537	0.002969	0.045537	0.002969	0.045537	274427008.000000
2018-04-14	0.007499	-0.001037	0.031790	-0.004683	0.007499	258806000.000000
2018-04-13	-0.030781	-0.000472	0.028646	-0.040817	-0.030781	458040000.000000
2018-04-12	0.093363	0.000008	0.093363	-0.040071	0.093363	587510976.000000
2018-04-11	0.035252	0.000228	0.042280	-0.008165	0.035252	230068992.000000
2018-04-10	-0.006322	0.001939	0.003566	-0.021498	-0.006322	202879008.000000
2018-04-09	-0.022784	0.000952	0.040409	-0.036933	-0.022784	260171008.000000
2018-04-08	0.012137	0.000267	0.019697	-0.002692	0.012137	194664000.000000
2018-04-07	0.027440	-0.000177	0.055013	-0.000530	0.027440	211470000.000000
2018-04-06	-0.050163	-0.002652	0.006740	-0.053252	-0.050163	233190000.000000
2018-04-05	0.006072	-0.001714	0.024280	-0.033307	0.006072	294022016.000000
2018-04-04	-0.119417	-0.004179	0.001041	-0.133019	-0.119417	380351008.000000
2018-04-03	0.127102	0.001702	0.143673	-0.006052	0.127102	375408992.000000
2018-04-02	0.035445	0.000130	0.053757	-0.004365	0.035445	271703008.000000
2018-04-01	-0.011878	0.002556	0.010514	-0.052175	-0.011878	274182016.000000
2018-03-31	-0.016788	0.000329	0.044470	-0.020354	-0.016788	295439008.000000
2018-03-30	0.034174	0.001090	0.089144	-0.038560	0.034174	468439008.000000
2018-03-29	-0.129551	0.001351	0.006550	-0.135206	-0.129551	476804000.000000
2018-03-28	-0.029695	-0.002128	0.032008	-0.034947	-0.029695	328374016.000000
2018-03-27	-0.090081	-0.001742	0.002681	-0.090081	-0.090081	385104000.000000
2018-03-26	-0.067858	0.000506	0.005685	-0.105951	-0.067858	407135008.000000
2018-03-25	0.002838	-0.004805	0.019357	-0.013224	0.002838	241431008.000000
2018-03-24	-0.048864	0.004183	0.004892	-0.048864	-0.048864	290270016.000000
2018-03-23	0.025417	-0.000580	0.025417	-0.039158	0.025417	348056000.000000
2018-03-22	-0.031825	-0.001946	0.019249	-0.046962	-0.031825	404996992.000000
2018-03-21	0.001392	0.004383	0.038172	-0.013044	0.001392	462536000.000000
2018-03-20	0.047629	0.002352	0.075449	-0.026852	0.047629	492892000.000000
2018-03-19	0.045874	0.009093	0.058251	-0.015648	0.045874	504832992.000000
2018-03-18	0.007224	-0.002824	0.020821	-0.097739	0.007224	595955008.000000
2018-03-17	-0.075437	-0.001584	-0.001402	-0.086987	-0.075437	403808992.000000
2018-03-16	0.005922	0.002073	0.041234	-0.033348	0.005922	436628000.000000
2018-03-15	0.020950	0.000627	0.038678	-0.059726	0.020950	564609024.000000
2018-03-14	-0.083518	0.000882	0.010041	-0.097575	-0.083518	480652992.000000
2018-03-13	-0.013757	-0.003574	0.020400	-0.033535	-0.013757	468094016.000000
2018-03-12	-0.056693	0.000371	0.023255	-0.069178	-0.056693	567628992.000000
2018-03-11	0.063095	-0.001232	0.088588	-0.029606	0.063095	669377984.000000
2018-03-10	-0.050415	0.005049	0.039964	-0.056805	-0.050415	625808000.000000
2018-03-09	0.060376	-0.000170	0.075939	-0.091128	0.060376	943363968.000000
2018-03-08	-0.050194	-0.000759	0.012419	-0.052007	-0.050194	612508992.000000
2018-03-07	-0.054740	0.001144	0.013601	-0.106581	-0.054740	755924992.000000
2018-03-06	-0.069014	-0.003135	-0.003135	-0.085323	-0.069014	661078016.000000
2018-03-05	-0.012273	-0.000276	0.010192	-0.021282	-0.012273	594828992.000000
2018-03-04	0.014983	-0.001932	0.016507	-0.025061	0.014983	574675008.000000
2018-03-03	-0.009000	0.006031	0.024497	-0.014203	-0.009000	681865984.000000
2018-03-02	0.013378	-0.000930	0.016110	-0.023218	0.013378	627142016.000000
2018-03-01	0.033786	0.001104	0.058173	-0.006668	0.033786	678542016.000000
2018-02-28	-0.063269	0.003139	0.031907	-0.064142	-0.063269	761321984.000000
2018-02-27	-0.019746	0.003385	0.014695	-0.023176	-0.019746	856454016.000000
2018-02-26	0.002209	0.007543	0.063236	-0.007888	0.002209	1297080064.000000
2018-02-25	0.052779	-0.006160	0.077007	-0.033697	0.052779	1028590016.000000
2018-02-24	0.000540	0.006345	0.052544	-0.054584	0.000540	937312000.000000
2018-02-23	0.071687	-0.005709	0.106621	-0.057540	0.071687	1065680000.000000
2018-02-22	-0.084574	-0.002395	0.044134	-0.100969	-0.084574	974379008.000000
2018-02-21	-0.083740	-0.008173	0.010990	-0.102752	-0.083740	1195820032.000000
2018-02-20	0.043908	0.000134	0.138265	-0.002466	0.043908	1739670016.000000
2018-02-19	0.033935	-0.001488	0.052059	-0.001664	0.033935	767596992.000000
2018-02-18	-0.059830	0.004550	0.013854	-0.065400	-0.059830	1011120000.000000
2018-02-17	-0.002864	-0.002703	0.014457	-0.019646	-0.002864	863401024.000000
2018-02-16	0.020841	0.000328	0.047297	-0.058099	0.020841	1300089984.000000
2018-02-15	0.056557	-0.004743	0.114914	-0.010241	0.056557	2087289984.000000
2018-02-14	0.337221	0.000157	0.367756	0.000157	0.337221	2383340032.000000
2018-02-13	-0.012453	0.001294	0.005001	-0.049856	-0.012453	483468000.000000
2018-02-12	0.084408	0.007477	0.096369	0.007477	0.084408	535710016.000000
2018-02-11	-0.042438	-0.001292	0.000887	-0.083436	-0.042438	495720000.000000
2018-02-10	-0.050973	-0.002818	0.032809	-0.090308	-0.050973	576328000.000000
2018-02-09	0.096905	0.001766	0.097106	-0.046031	0.096905	722204992.000000
2018-02-08	0.081496	0.000962	0.093182	0.000962	0.081496	869206976.000000
2018-02-07	-0.033485	-0.003560	0.104251	-0.080194	-0.033485	817808000.000000
2018-02-06	0.140916	0.017482	0.165834	-0.146701	0.140916	1148409984.000000
2018-02-05	-0.153319	0.004743	0.037149	-0.201844	-0.153319	844678016.000000
2018-02-04	-0.076287	0.000817	0.084530	-0.128275	-0.076287	1006080000.000000
2018-02-03	0.219754	0.000167	0.260133	-0.077737	0.219754	687676032.000000
2018-02-02	-0.076727	0.001862	0.001862	-0.259675	-0.076727	815539968.000000
2018-02-01	-0.128888	0.002026	0.015078	-0.194691	-0.128888	539880000.000000
2018-01-31	-0.011647	0.000121	0.010842	-0.046171	-0.011647	363292992.000000
2018-01-30	-0.090211	-0.001205	-0.000804	-0.102552	-0.090211	433227008.000000
2018-01-29	-0.062936	-0.000588	0.002687	-0.075480	-0.062936	303560992.000000
2018-01-28	0.071752	0.002958	0.076252	0.002958	0.071752	363515008.000000
2018-01-27	0.023493	-0.000413	0.036326	-0.010496	0.023493	291632992.000000
2018-01-26	-0.019626	-0.002513	0.014534	-0.073156	-0.019626	375476992.000000
2018-01-25	0.001583	0.008756	0.030202	-0.020213	0.001583	363137984.000000
2018-01-24	0.012260	0.003476	0.047647	-0.022991	0.012260	375948992.000000
2018-01-23	-0.012227	0.001506	0.034987	-0.079341	-0.012227	441764992.000000
2018-01-22	-0.054684	0.007189	0.025339	-0.123610	-0.054684	494091008.000000
2018-01-21	-0.097608	0.001028	0.001028	-0.125023	-0.097608	463516000.000000
2018-01-20	0.093561	0.007328	0.112062	0.007328	0.093561	540785984.000000
2018-01-19	0.000659	-0.008531	0.047906	-0.030591	0.000659	560284032.000000
2018-01-18	0.033890	0.002322	0.109910	-0.051931	0.033890	936784000.000000
2018-01-17	-0.009637	0.009632	0.050225	-0.251281	-0.009637	1422489984.000000
2018-01-16	-0.190928	0.000185	0.000185	-0.345747	-0.190928	1405069952.000000
2018-01-15	-0.024724	-0.005807	0.026517	-0.024724	-0.024724	601769984.000000
2018-01-14	-0.079161	0.005347	0.044982	-0.096148	-0.079161	886414976.000000
2018-01-13	0.094306	0.000110	0.111203	0.000110	0.094306	961043008.000000
2018-01-12	0.032655	0.001836	0.062023	-0.019815	0.032655	691160000.000000
2018-01-11	-0.084433	0.004008	0.018083	-0.109832	-0.084433	1079389952.000000
2018-01-10	0.014091	0.004194	0.016261	-0.053344	0.014091	1009910016.000000
2018-01-09	-0.034118	-0.004524	0.010713	-0.060912	-0.034118	940825024.000000
2018-01-08	-0.113323	-0.002517	0.002143	-0.176065	-0.113323	1182080000.000000
2018-01-07	-0.026996	-0.001353	0.030605	-0.049003	-0.026996	1055400000.000000
2018-01-06	0.189284	0.001994	0.296240	0.000578	0.189284	2264740096.000000
2018-01-05	0.032734	-0.001392	0.061226	-0.014459	0.032734	1710599936.000000
2018-01-04	-0.016294	0.000436	0.000436	-0.074806	-0.016294	3481550080.000000
2018-01-03	-0.040347	0.000043	0.019782	-0.049080	-0.040347	3215280128.000000
2018-01-02	0.116363	-0.000188	0.151035	-0.000188	0.116363	1237949952.000000
2018-01-01	-0.013197	-0.001853	0.019552	-0.042625	-0.013197	633142016.000000
2017-12-31	0.059978	-0.009079	0.085987	-0.023529	0.059978	771041984.000000
2017-12-30	-0.108101	-0.001690	-0.000281	-0.151954	-0.108101	943667008.000000
2017-12-29	-0.017717	0.001689	0.032453	-0.046401	-0.017717	1392210048.000000
2017-12-28	-0.081727	-0.000176	0.003685	-0.149893	-0.081727	2593240064.000000
2017-12-27	-0.050017	0.000297	0.015497	-0.077070	-0.050017	777137984.000000
2017-12-26	0.047968	-0.001032	0.058967	-0.004126	0.047968	842993024.000000
2017-12-25	-0.009385	0.005486	0.039169	-0.023215	-0.009385	804377024.000000
2017-12-24	-0.042620	0.009512	0.009512	-0.129145	-0.042620	1122909952.000000
2017-12-23	0.088075	0.016363	0.180182	-0.012437	0.088075	1352579968.000000
2017-12-22	-0.165469	0.005654	0.008946	-0.409451	-0.165469	2938040064.000000
2017-12-21	0.009030	0.000124	0.079836	-0.047969	0.009030	1555939968.000000
2017-12-20	-0.101732	-0.001853	-0.001853	-0.118845	-0.101732	2104060032.000000
2017-12-19	-0.022557	0.002202	0.047302	-0.063240	-0.022557	2150479872.000000
2017-12-18	0.124301	0.000734	0.132449	-0.052444	0.124301	1966599936.000000
2017-12-17	0.066050	0.009406	0.112445	0.009406	0.066050	1703580032.000000
2017-12-16	-0.002692	-0.001474	0.033765	-0.032174	-0.002692	1291379968.000000
2017-12-15	0.073215	0.005871	0.132740	-0.100613	0.073215	2599940096.000000
2017-12-14	-0.076913	-0.004640	0.028807	-0.122091	-0.076913	2114880000.000000
2017-12-13	-0.042880	-0.002521	0.081086	-0.090701	-0.042880	3409789952.000000
2017-12-12	0.475978	-0.008118	0.595328	-0.021106	0.475978	6961679872.000000
2017-12-11	0.440892	-0.002704	0.515451	-0.008873	0.440892	2913979904.000000
2017-12-10	-0.042398	0.002480	0.002480	-0.161561	-0.042398	1087340032.000000
2017-12-09	0.243468	0.021090	0.374101	0.013953	0.243468	2436539904.000000
2017-12-08	0.270149	0.000363	0.353818	-0.029467	0.270149	1515559936.000000
2017-12-07	-0.020524	-0.003666	0.009875	-0.080520	-0.020524	645691008.000000
2017-12-06	-0.019971	0.000791	0.023643	-0.049633	-0.019971	547512000.000000
2017-12-05	-0.017643	0.000393	0.000643	-0.022986	-0.017643	328726016.000000
2017-12-04	0.029359	0.001313	0.029359	-0.046715	0.029359	331151008.000000
2017-12-03	0.009762	-0.000887	0.060897	-0.021762	0.009762	364022016.000000
2017-12-02	0.012932	-0.000628	0.048395	-0.006947	0.012932	402553984.000000
2017-12-01	0.120830	-0.003704	0.136773	-0.051991	0.120830	561342976.000000
2017-11-30	0.032250	0.007896	0.093126	-0.087595	0.032250	481948000.000000
2017-11-29	-0.108949	-0.000222	0.089294	-0.148549	-0.108949	786819968.000000
2017-11-28	0.048373	0.001324	0.048373	-0.013787	0.048373	388931008.000000
2017-11-27	0.066055	-0.000432	0.085647	-0.000432	0.066055	429591008.000000
2017-11-26	-0.032540	0.001378	0.001378	-0.054039	-0.032540	357456992.000000
2017-11-25	0.139141	-0.000764	0.146199	-0.005720	0.139141	487896992.000000
2017-11-24	0.064800	-0.001113	0.064800	-0.005614	0.064800	287392000.000000
2017-11-23	0.018508	0.001145	0.062649	-0.013770	0.018508	315247008.000000
2017-11-22	0.026625	0.002198	0.027456	0.002198	0.026625	157890000.000000
2017-11-21	-0.030788	-0.000775	0.003899	-0.057346	-0.030788	231664992.000000
2017-11-20	0.009268	-0.002463	0.018566	-0.011123	0.009268	188976000.000000
2017-11-19	0.027937	-0.001892	0.047917	-0.014926	0.027937	243056992.000000
2017-11-18	0.030705	-0.002424	0.032509	-0.027452	0.030705	174063008.000000
2017-11-17	-0.049130	-0.008610	0.000819	-0.074281	-0.049130	350504992.000000
2017-11-16	0.113384	-0.000227	0.135616	-0.013885	0.113384	418128992.000000
2017-11-15	0.018252	0.001525	0.045391	0.000466	0.018252	194636000.000000
2017-11-14	0.020899	0.004013	0.039349	-0.008639	0.020899	174111008.000000
2017-11-13	0.040523	0.002888	0.063706	-0.002656	0.040523	237478000.000000
2017-11-12	-0.052933	0.000095	0.000095	-0.078485	-0.052933	322820000.000000
2017-11-11	0.051353	0.001498	0.075118	-0.000302	0.051353	272494016.000000
2017-11-10	-0.077946	0.002591	0.025311	-0.114463	-0.077946	291596000.000000
2017-11-09	0.027114	-0.001334	0.068163	-0.013541	0.027114	279652992.000000
2017-11-08	0.020848	-0.002973	0.045188	-0.008242	0.020848	349454016.000000
2017-11-07	0.110950	-0.003371	0.156538	-0.003415	0.110950	402670016.000000
2017-11-06	0.007805	0.000234	0.026060	-0.014626	0.007805	133918000.000000
2017-11-05	-0.005284	-0.000209	0.007987	-0.007433	-0.005284	84302000.000000
2017-11-04	-0.020366	0.000614	0.003336	-0.022160	-0.020366	83633104.000000
2017-11-03	0.026382	-0.002907	0.028405	-0.008283	0.026382	150030000.000000
2017-11-02	0.029268	0.007115	0.039426	-0.043819	0.029268	221076992.000000
2017-11-01	-0.046154	-0.000240	-0.000240	-0.046154	-0.046154	112759000.000000
2017-10-31	-0.011286	-0.000452	0.007033	-0.011933	-0.011286	99381104.000000
2017-10-30	-0.012536	-0.004661	0.025272	-0.015245	-0.012536	129287000.000000
2017-10-29	0.044109	-0.000441	0.055913	-0.003664	0.044109	138340000.000000
2017-10-28	-0.011539	0.000938	0.014447	-0.013721	-0.011539	71063200.000000
2017-10-27	-0.007277	-0.001164	0.009258	-0.010472	-0.007277	78923104.000000
2017-10-26	-0.013387	-0.000455	0.011525	-0.021546	-0.013387	81104704.000000
2017-10-25	0.009490	-0.000206	0.011023	-0.033400	0.009490	114510000.000000
2017-10-24	0.018991	0.000716	0.076130	-0.029601	0.018991	199788992.000000
2017-10-23	-0.033230	-0.000655	-0.000655	-0.069277	-0.033230	177315008.000000
2017-10-22	-0.023949	0.001204	0.007713	-0.030307	-0.023949	96781400.000000
2017-10-21	-0.035286	-0.000444	0.003156	-0.057956	-0.035286	139503008.000000
2017-10-20	0.009891	0.001173	0.035897	-0.019690	0.009891	150542000.000000
2017-10-19	-0.016320	0.001498	0.009244	-0.033299	-0.016320	160943008.000000
2017-10-18	0.021046	0.001814	0.038141	-0.095585	0.021046	283868992.000000
2017-10-17	-0.079585	0.000794	0.001139	-0.089258	-0.079585	205363008.000000
2017-10-16	-0.012915	0.003832	0.013265	-0.042404	-0.012915	200428000.000000
2017-10-15	0.023725	0.002758	0.096069	-0.021905	0.023725	453940000.000000
2017-10-14	0.076079	-0.000392	0.113818	-0.013933	0.076079	313105984.000000
2017-10-13	-0.011291	0.007392	0.014210	-0.070984	-0.011291	357124000.000000
2017-10-12	0.181186	-0.000016	0.181186	-0.000314	0.181186	341368992.000000
2017-10-11	0.003360	0.000714	0.008267	-0.007899	0.003360	57390100.000000
2017-10-10	0.011026	-0.000195	0.030047	-0.006114	0.011026	90415504.000000
2017-10-09	-0.056049	-0.001131	0.004621	-0.087879	-0.056049	152366000.000000
2017-10-08	0.010623	-0.001721	0.036534	-0.006219	0.010623	100841000.000000
2017-10-07	0.008901	0.000334	0.012082	-0.009284	0.008901	51786200.000000
2017-10-06	0.008721	-0.000648	0.018069	-0.002690	0.008721	59355900.000000
2017-10-05	0.005253	0.000037	0.009066	-0.018658	0.005253	69594400.000000
2017-10-04	-0.018149	-0.001247	0.013305	-0.029020	-0.018149	77473400.000000
2017-10-03	-0.019230	0.000270	0.004065	-0.033524	-0.019230	88516096.000000
