2021-02-27	0.031721	0.000501	0.068486	0.000501	0.031721	1364941496.560000
2021-02-26	-0.000701	0.001175	0.035086	-0.057300	-0.000701	1888660788.490000
2021-02-25	-0.058776	-0.000214	0.039144	-0.058867	-0.058776	1421732749.840000
2021-02-24	0.072304	0.000603	0.110462	-0.030131	0.072304	2381928514.650000
2021-02-23	-0.176301	-0.000216	0.000422	-0.286889	-0.176301	3354811856.280000
2021-02-22	-0.085629	-0.000152	0.000167	-0.183672	-0.085629	2903206916.210000
2021-02-21	0.024597	-0.000804	0.053282	-0.024023	0.024597	2152212760.940000
2021-02-20	-0.048979	-0.000858	0.040045	-0.086060	-0.048979	3088402641.850000
2021-02-19	0.109864	0.000093	0.161155	-0.013844	0.109864	3547291764.820000
2021-02-18	0.045342	-0.000174	0.055532	-0.005190	0.045342	1707823235.910000
2021-02-17	0.008227	0.000334	0.029749	-0.058021	0.008227	2330164000.250000
2021-02-16	0.028144	-0.000871	0.084052	-0.022877	0.028144	2771063532.070000
2021-02-15	-0.086380	-0.000718	0.009485	-0.158211	-0.086380	3539421366.250000
2021-02-14	-0.068306	0.000003	0.005112	-0.118817	-0.068306	3066907831.270000
2021-02-13	0.077621	-0.000116	0.097563	-0.061793	0.077621	3469891543.150000
2021-02-12	-0.030528	-0.000666	0.006893	-0.086385	-0.030528	3474527931.100000
2021-02-11	0.235441	-0.000417	0.268947	-0.030542	0.235441	3849219974.200000
2021-02-10	0.003365	-0.000973	0.071414	-0.090800	0.003365	2971214151.200000
2021-02-09	0.135366	-0.000413	0.222246	-0.003680	0.135366	4192383244.270000
2021-02-08	0.127150	-0.000377	0.158320	-0.018206	0.127150	2844000479.710000
2021-02-07	0.024657	-0.000028	0.058273	-0.026771	0.024657	1871100821.050000
2021-02-06	-0.031703	-0.000328	0.000205	-0.070650	-0.031703	1882492650.420000
2021-02-05	0.092908	-0.000181	0.097745	-0.001996	0.092908	1696796527.200000
2021-02-04	-0.036733	0.000035	0.004507	-0.060699	-0.036733	1585497411.340000
2021-02-03	0.038773	0.000122	0.059271	0.000122	0.038773	1315556226.770000
2021-02-02	0.006866	0.000082	0.015307	-0.017377	0.006866	1453404853.980000
2021-02-01	0.041894	-0.000331	0.097595	-0.010421	0.041894	1907823432.270000
2021-01-31	-0.013256	0.000249	0.078167	-0.031123	-0.013256	1825939147.550000
2021-01-30	-0.038077	0.000585	0.004649	-0.075371	-0.038077	1966189340.340000
2021-01-29	0.123033	0.012857	0.445366	-0.009033	0.123033	4817781094.460000
2021-01-28	0.046704	-0.000116	0.057262	-0.009285	0.046704	765734318.660000
2021-01-27	-0.040249	-0.000028	0.000151	-0.064503	-0.040249	1150116666.689286
2021-01-26	-0.001538	-0.000262	0.012912	-0.032057	-0.001538	899192284.763139
2021-01-25	-0.015392	-0.000146	0.079343	-0.016133	-0.015392	1443220944.101627
2021-01-24	0.028556	0.000241	0.049681	-0.004980	0.028556	1013208322.249468
2021-01-23	0.019181	-0.000513	0.027936	-0.016647	0.019181	911280721.464901
2021-01-22	0.033685	-0.000365	0.044735	-0.045769	0.033685	1501863627.432010
2021-01-21	-0.091872	0.000115	0.000780	-0.091872	-0.091872	1322491373.237418
2021-01-20	-0.009258	-0.000682	0.011203	-0.050268	-0.009258	1172430541.854798
2021-01-19	-0.026104	0.000070	0.018305	-0.027308	-0.026104	1107368898.610325
2021-01-18	0.048999	0.000308	0.066361	-0.013116	0.048999	1114043434.725767
2021-01-17	-0.000419	-0.000304	0.014253	-0.029722	-0.000419	1011001495.706293
2021-01-16	0.012202	-0.000273	0.042174	-0.008783	0.012202	1279285483.233310
2021-01-15	-0.007326	0.000643	0.042245	-0.046367	-0.007326	1414993857.114630
2021-01-14	-0.006175	0.000076	0.024388	-0.026877	-0.006175	1226382495.802709
2021-01-13	0.057365	-0.000171	0.057365	-0.025386	0.057365	1188664735.058615
2021-01-12	-0.014003	-0.000268	0.046451	-0.032415	-0.014003	1940236520.912310
2021-01-11	-0.120582	-0.000288	-0.000288	-0.176891	-0.120582	1859950567.087384
2021-01-10	-0.032060	0.000207	0.078776	-0.075343	-0.032060	2238339640.032445
2021-01-09	0.111492	-0.000157	0.163514	-0.029787	0.111492	1942464522.966878
2021-01-08	-0.014645	0.000395	0.006590	-0.068569	-0.014645	1816169855.624815
2021-01-07	0.018118	0.000433	0.092250	-0.011400	0.018118	2184194025.100708
2021-01-06	0.065748	0.000212	0.080582	-0.021156	0.065748	1636410062.652519
2021-01-05	-0.071973	-0.000421	0.001408	-0.116928	-0.071973	1715256507.839291
2021-01-04	0.046051	0.001054	0.090844	-0.075546	0.046051	1768802419.987054
2021-01-03	0.083592	0.000236	0.103009	-0.022537	0.083592	1496675629.120812
2021-01-02	0.010381	-0.000208	0.036234	-0.012088	0.010381	980910323.883519
2021-01-01	0.003969	-0.000090	0.018604	-0.009532	0.003969	740550356.391838
2020-12-31	-0.004170	-0.000042	0.002069	-0.028852	-0.004170	861613319.350038
2020-12-30	-0.026876	0.000024	0.005498	-0.042453	-0.026876	1108455178.189854
2020-12-29	-0.062397	-0.000051	0.021005	-0.100458	-0.062397	1222238398.775815
2020-12-28	0.023787	0.000327	0.048416	-0.006847	0.023787	977375508.341941
2020-12-27	0.039948	0.000130	0.111045	-0.032487	0.039948	1395277093.307997
2020-12-26	-0.026640	0.000188	0.002708	-0.041457	-0.026640	841956308.325063
2020-12-25	0.028880	-0.000168	0.061321	-0.020874	0.028880	1092567728.806793
2020-12-24	0.115931	0.000342	0.115931	-0.022003	0.115931	999870119.725918
2020-12-23	-0.140997	-0.000519	0.003892	-0.164747	-0.140997	1027482137.646025
2020-12-22	-0.016545	-0.000385	0.006248	-0.051037	-0.016545	974116413.953242
2020-12-21	-0.059094	0.000130	0.018604	-0.065481	-0.059094	947004005.362062
2020-12-20	-0.002070	-0.000191	0.044296	-0.021903	-0.002070	976931378.655192
2020-12-19	0.005698	-0.000098	0.027126	-0.006780	0.005698	615092280.656882
2020-12-18	0.013186	0.000092	0.021341	-0.018457	0.013186	816502608.204450
2020-12-17	-0.015022	0.000461	0.038078	-0.022143	-0.015022	1226706408.733737
2020-12-16	0.067444	0.000136	0.067504	-0.011874	0.067444	760891772.358827
2020-12-15	0.004067	-0.000079	0.013997	-0.009790	0.004067	650311169.822609
2020-12-14	-0.003289	0.000143	0.000325	-0.017790	-0.003289	458112629.708838
2020-12-13	0.021408	0.000102	0.037624	-0.002803	0.021408	507399198.858504
2020-12-12	0.027096	-0.000179	0.033976	-0.001072	0.027096	599944338.566581
2020-12-11	-0.011624	-0.000120	0.001634	-0.030747	-0.011624	604593706.673586
2020-12-10	-0.019653	-0.000034	0.003044	-0.030362	-0.019653	581956182.839586
2020-12-09	0.030922	-0.000030	0.035858	-0.027699	0.030922	888645741.034970
2020-12-08	-0.081401	-0.000021	-0.000021	-0.088700	-0.081401	780286047.672649
2020-12-07	-0.019681	-0.000195	0.001827	-0.030580	-0.019681	614032135.095376
2020-12-06	0.011548	0.000005	0.013705	-0.015269	0.011548	716011956.892074
2020-12-05	0.034494	-0.000157	0.035078	-0.009661	0.034494	684866341.985182
2020-12-04	-0.065993	0.000054	0.001855	-0.077277	-0.065993	823071021.198820
2020-12-03	0.014265	0.000269	0.022792	-0.010968	0.014265	673624676.505349
2020-12-02	0.030338	0.000101	0.033898	-0.012051	0.030338	840203817.495479
2020-12-01	-0.063205	-0.000001	0.051843	-0.081254	-0.063205	1616257102.004050
2020-11-30	0.052820	0.000085	0.070324	-0.011084	0.052820	1234758184.742864
2020-11-29	0.008672	0.000093	0.024399	-0.026060	0.008672	893286077.732511
2020-11-28	0.036500	0.000142	0.061081	-0.021988	0.036500	1124450213.720982
2020-11-27	-0.000829	0.000366	0.026502	-0.038311	-0.000829	1242017588.391009
2020-11-26	-0.112321	-0.000227	0.021339	-0.170087	-0.112321	2248209133.664055
2020-11-25	-0.055935	0.000281	0.063215	-0.085333	-0.055935	2303332552.780286
2020-11-24	0.107183	0.000213	0.223266	-0.003707	0.107183	2856540896.528478
2020-11-23	0.103594	0.000000	0.103631	-0.014164	0.103594	1693209297.029319
2020-11-22	-0.053908	0.000000	0.011084	-0.094148	-0.053908	1963692552.223063
2020-11-21	0.154750	0.000000	0.160252	-0.002454	0.154750	1971506924.254795
2020-11-20	0.018108	0.000006	0.027944	-0.000258	0.018108	910566105.439652
2020-11-19	-0.038018	-0.000004	0.001940	-0.054091	-0.038018	843848867.220410
2020-11-18	0.013361	-0.000005	0.022984	-0.045943	0.013361	1224808278.533545
2020-11-17	0.034079	0.010705	0.040044	0.006174	0.034079	892680900.437196
2020-11-16	0.007365	0.000000	0.016888	-0.006914	0.007365	643168772.042055
2020-11-15	0.008672	0.000000	0.026327	-0.004663	0.008672	726438273.044766
2020-11-14	-0.008432	0.000000	0.000804	-0.012254	-0.008432	695044805.542441
2020-11-13	0.018753	-0.000010	0.023556	-0.002282	0.018753	653191358.788745
2020-11-12	-0.004664	-0.000011	0.006551	-0.007044	-0.004664	719747327.304951
2020-11-11	0.007332	-0.000003	0.018547	-0.000003	0.007332	711256095.028906
2020-11-10	0.002447	0.000041	0.019276	-0.004216	0.002447	707887433.161584
2020-11-09	-0.021849	-0.000001	0.010555	-0.022977	-0.021849	835050948.912852
2020-11-08	0.017873	-0.000000	0.029269	-0.009066	0.017873	636276783.881981
2020-11-07	-0.043946	0.000000	0.021676	-0.058800	-0.043946	952470345.385952
2020-11-06	0.044214	-0.000005	0.044214	-0.001679	0.044214	876674156.162933
2020-11-05	0.031617	0.000006	0.034953	-0.004418	0.031617	809301893.958034
2020-11-04	-0.009000	0.000002	0.000002	-0.025194	-0.009000	858371147.956045
2020-11-03	-0.000688	0.000000	0.001529	-0.051732	-0.000688	953218598.867081
2020-11-02	-0.050312	-0.000007	0.006390	-0.052371	-0.050312	909137322.424530
2020-11-01	-0.001634	0.002011	0.006232	-0.011062	-0.001634	740672528.177987
2020-10-31	0.005596	0.000000	0.036275	-0.007776	0.005596	934899053.033936
2020-10-30	-0.032599	0.000005	0.003261	-0.044120	-0.032599	910069439.856793
2020-10-29	-0.013495	0.000002	0.012519	-0.018402	-0.013495	942916977.712332
2020-10-28	-0.004054	0.000004	0.004660	-0.015223	-0.004054	883960291.442576
2020-10-27	0.007468	0.000009	0.014199	-0.005607	0.007468	1010406630.582749
2020-10-26	-0.006451	0.000000	0.016411	-0.018939	-0.006451	1088998065.114172
2020-10-25	-0.004259	0.000000	0.005507	-0.014998	-0.004259	915475861.736378
2020-10-24	0.013462	0.000000	0.020822	-0.004442	0.013462	923427611.438523
2020-10-23	-0.012962	0.000413	0.000633	-0.026684	-0.012962	1048646248.789619
2020-10-22	0.012015	-0.000284	0.022762	-0.000667	0.012015	1141772374.416690
2020-10-21	0.027255	-0.000168	0.043131	-0.001555	0.027255	1217457320.632634
2020-10-20	0.005844	0.000032	0.107120	-0.022068	0.005844	1752177515.901809
2020-10-19	-0.002917	0.000588	0.006236	-0.010746	-0.002917	970398127.759106
2020-10-18	0.007376	0.000284	0.008984	-0.003099	0.007376	741735959.741796
2020-10-17	0.000282	0.000144	0.011445	-0.006898	0.000282	783849475.852370
2020-10-16	-0.030050	-0.000428	0.001227	-0.045474	-0.030050	1076494689.812353
2020-10-15	-0.010837	-0.000876	-0.000876	-0.018654	-0.010837	1067720846.966816
2020-10-14	0.001464	0.001175	0.013869	-0.014009	0.001464	1135266065.581218
2020-10-13	-0.010864	0.000131	0.007103	-0.019777	-0.010864	1240301674.416760
2020-10-12	0.023235	-0.000975	0.050454	-0.029118	0.023235	1422722056.313170
2020-10-11	0.003683	-0.000380	0.016613	-0.010476	0.003683	1114292997.505738
2020-10-10	0.005608	-0.000818	0.040220	-0.001071	0.005608	1436858808.208414
2020-10-09	0.021520	0.000868	0.030656	-0.003673	0.021520	1362210230.775380
2020-10-08	0.007599	0.000253	0.014903	-0.017060	0.007599	1188282585.926168
2020-10-07	-0.004037	-0.001405	0.002529	-0.022106	-0.004037	1067116403.435409
2020-10-06	-0.032619	-0.000675	0.000692	-0.043026	-0.032619	1299750869.924687
2020-10-05	0.003089	0.000972	0.011336	-0.018041	0.003089	1179082883.594356
2020-10-04	-0.026961	0.003229	0.009650	-0.046301	-0.026961	1304048999.514990
2020-10-03	0.045145	-0.000960	0.096569	-0.010687	0.045145	1528316307.861988
2020-10-02	0.012728	0.005479	0.017724	-0.058047	0.012728	1262331644.628644
2020-10-01	-0.017771	0.000196	0.018780	-0.033412	-0.017771	1221295537.409691
2020-09-30	-0.009168	0.000948	0.004913	-0.022357	-0.009168	1147697016.203958
2020-09-29	-0.000339	-0.001909	0.003189	-0.028270	-0.000339	1138184314.866954
2020-09-28	-0.010527	0.000582	0.018942	-0.011851	-0.010527	1564086684.993843
2020-09-27	-0.024311	-0.001612	0.008490	-0.042575	-0.024311	1707161010.758717
2020-09-26	0.003713	0.000147	0.063559	-0.001456	0.003713	1742286537.166866
2020-09-25	0.036565	0.001719	0.046086	-0.023755	0.036565	1950671093.221693
2020-09-24	0.053650	0.000177	0.053670	-0.012875	0.053650	1082136388.794088
2020-09-23	-0.007378	-0.001998	0.041257	-0.013298	-0.007378	2221896912.250860
2020-09-22	0.001807	0.000240	0.020602	-0.012947	0.001807	1948134714.396310
2020-09-21	-0.072918	0.000599	0.020633	-0.084324	-0.072918	3377753024.043830
2020-09-20	-0.029417	-0.000699	0.000429	-0.045324	-0.029417	2760499756.021790
2020-09-19	-0.044923	-0.001513	0.007074	-0.049219	-0.044923	2897389598.316110
2020-09-18	0.035051	0.000000	0.060385	-0.008159	0.035051	3523907327.905650
2020-09-17	0.060748	-0.001572	0.071724	-0.002565	0.060748	2801521791.870980
2020-09-16	-0.050429	0.000285	0.046646	-0.059623	-0.050429	3463620542.237730
2020-09-15	-0.083761	-0.001608	-0.000694	-0.090353	-0.083761	3079049242.607920
2020-09-14	-0.004278	0.000302	0.032801	-0.014005	-0.004278	2776982500.179210
2020-09-13	-0.066126	0.000000	0.000032	-0.094347	-0.066126	2416138365.603610
2020-09-12	-0.022686	0.001178	0.001299	-0.037631	-0.022686	2301374667.812390
2020-09-11	0.013046	0.000000	0.040263	-0.049758	0.013046	2419591538.614480
2020-09-10	-0.027854	0.000993	0.033998	-0.038185	-0.027854	2259381039.490490
2020-09-09	-0.027891	0.003098	0.024898	-0.034514	-0.027891	2334257138.263830
2020-09-08	0.084416	0.001620	0.097716	-0.016015	0.084416	3157190948.951270
2020-09-07	0.023892	-0.001510	0.032621	-0.090910	0.023892	2401424525.765370
2020-09-06	0.050881	0.000000	0.079249	-0.060888	0.050881	3126107644.750530
2020-09-05	-0.157862	0.003631	0.029087	-0.210865	-0.157862	3631605784.012810
2020-09-04	-0.135266	-0.003950	0.080034	-0.199023	-0.135266	5318358918.271180
2020-09-03	0.195679	0.002719	0.418734	-0.004619	0.195679	6184131221.522650
2020-09-02	-0.002959	0.001860	0.102000	-0.061884	-0.002959	4058694826.622230
2020-09-01	0.179381	-0.000708	0.217566	-0.031307	0.179381	2177409507.291910
2020-08-31	0.087012	0.001449	0.102236	-0.038726	0.087012	1169223527.555570
2020-08-30	0.076455	-0.001494	0.123877	-0.001969	0.076455	907256920.165883
2020-08-29	0.044082	0.000185	0.050668	-0.007589	0.044082	548310637.087402
2020-08-28	0.038136	0.000350	0.049881	-0.012878	0.038136	563814715.155951
2020-08-27	-0.027235	-0.000052	0.030461	-0.059114	-0.027235	656715522.931638
2020-08-26	0.026556	-0.000389	0.034137	-0.010784	0.026556	584388284.440008
2020-08-25	-0.080695	0.000026	0.009709	-0.107267	-0.080695	660656191.545211
2020-08-24	0.028523	-0.000554	0.046853	-0.017016	0.028523	562364026.753707
2020-08-23	-0.027751	-0.000835	0.002725	-0.052524	-0.027751	559951528.688532
2020-08-22	0.033690	0.000245	0.045524	-0.032659	0.033690	871932825.059016
2020-08-21	-0.116232	-0.000153	0.006687	-0.120205	-0.116232	901541907.401223
2020-08-20	0.037978	-0.000670	0.044541	-0.003298	0.037978	925062329.651676
2020-08-19	-0.078660	-0.000873	0.004232	-0.109733	-0.078660	1532284594.205740
2020-08-18	-0.052171	-0.001840	0.065994	-0.061888	-0.052171	1708225951.341660
2020-08-17	0.077309	0.000000	0.104146	-0.044876	0.077309	1342730120.773140
2020-08-16	0.119309	0.000438	0.128715	-0.035956	0.119309	1128912474.970510
2020-08-15	0.018195	-0.000482	0.030621	-0.040167	0.018195	836345615.196065
2020-08-14	0.094883	0.001007	0.139004	0.001007	0.094883	1078753054.044100
2020-08-13	0.108586	-0.000114	0.138388	-0.033657	0.108586	771131136.152827
2020-08-12	0.011612	0.000167	0.025134	-0.047940	0.011612	477942728.657357
2020-08-11	-0.063204	-0.000143	0.000214	-0.086641	-0.063204	806259540.108082
2020-08-10	0.051029	0.001141	0.063424	0.001141	0.051029	596055236.762547
2020-08-09	0.002674	0.001484	0.010569	-0.010422	0.002674	383920387.080251
2020-08-08	0.024049	-0.001986	0.031868	-0.007760	0.024049	396763867.246968
2020-08-07	-0.016607	-0.000366	0.038694	-0.047580	-0.016607	800831329.063656
2020-08-06	-0.008582	-0.000097	0.004242	-0.019730	-0.008582	450623907.007936
2020-08-05	0.004844	0.000363	0.017644	-0.008828	0.004844	472602438.446561
2020-08-04	0.023369	-0.000004	0.037642	-0.000004	0.023369	535229652.445582
2020-08-03	0.044549	0.000882	0.053819	-0.005407	0.044549	530532808.208827
2020-08-02	-0.066505	0.000610	0.035605	-0.080951	-0.066505	764416764.220718
2020-08-01	0.036511	0.000000	0.050945	-0.009005	0.036511	625808105.894740
2020-07-31	0.020789	-0.000359	0.023216	-0.013399	0.020789	472882523.152562
2020-07-30	-0.002533	0.000484	0.003049	-0.026289	-0.002533	465222604.069745
2020-07-29	0.010625	-0.000089	0.037875	-0.005641	0.010625	561417583.999376
2020-07-28	0.024446	0.002770	0.041557	-0.021485	0.024446	548888123.680396
2020-07-27	0.007614	0.000021	0.028457	-0.037738	0.007614	570027397.537583
2020-07-26	-0.008472	-0.000118	0.025830	-0.018873	-0.008472	456539888.178594
2020-07-25	0.040345	-0.000496	0.042636	-0.001951	0.040345	425724567.445836
2020-07-24	0.005322	0.000106	0.021088	-0.018356	0.005322	387143586.254504
2020-07-23	-0.004980	-0.000299	0.003082	-0.009845	-0.004980	383109394.383001
2020-07-22	0.022268	0.000042	0.023512	-0.007033	0.022268	321816293.679863
2020-07-21	0.019897	-0.000151	0.024931	-0.002282	0.019897	361737984.253694
2020-07-20	-0.014776	0.000088	0.002274	-0.021607	-0.014776	339773904.844895
2020-07-19	0.004435	-0.000254	0.007606	-0.008813	0.004435	335531449.959637
2020-07-18	0.012650	-0.000034	0.016330	-0.009730	0.012650	313414179.823334
2020-07-17	0.002252	-0.000399	0.010593	-0.006133	0.002252	321094831.361135
2020-07-16	-0.023704	-0.000242	0.001920	-0.045090	-0.023704	407189008.889978
2020-07-15	-0.004537	-0.000052	0.007374	-0.008343	-0.004537	381803425.774076
2020-07-14	0.005015	-0.000861	0.011127	-0.020183	0.005015	440691747.474008
2020-07-13	-0.033090	0.000000	0.010155	-0.043020	-0.033090	496850309.034407
2020-07-12	-0.011562	0.000608	0.006250	-0.021675	-0.011562	427938227.398509
2020-07-11	0.012290	-0.000494	0.034224	-0.000494	0.012290	497162339.083153
2020-07-10	-0.016713	-0.001165	0.006557	-0.033976	-0.016713	572487094.571940
2020-07-09	0.030463	-0.000308	0.048965	-0.016871	0.030463	807804059.961144
2020-07-08	0.041616	-0.002642	0.050965	-0.019709	0.041616	766932917.075499
2020-07-07	-0.046075	-0.000834	0.002458	-0.050912	-0.046075	703321313.148047
2020-07-06	0.070071	0.000000	0.073740	0.000000	0.070071	1023605276.415220
2020-07-05	0.002178	0.000291	0.002386	-0.022414	0.002178	649642720.741987
2020-07-04	0.008488	-0.001028	0.016295	-0.003402	0.008488	640532540.921338
2020-07-03	-0.001914	-0.000341	0.020402	-0.007510	-0.001914	585485000.597977
2020-07-02	-0.010475	-0.000345	0.021015	-0.034692	-0.010475	784497063.054994
2020-07-01	0.030472	-0.000046	0.040468	-0.007409	0.030472	691472812.084266
2020-06-30	0.010442	-0.000585	0.024792	-0.001386	0.010442	670713845.539384
2020-06-29	0.024518	0.000020	0.034977	-0.001297	0.024518	715965924.112307
2020-06-28	0.019504	0.000000	0.033004	-0.011049	0.019504	524320333.494918
2020-06-27	-0.020698	-0.000029	0.014778	-0.038157	-0.020698	579087365.451256
2020-06-26	-0.005783	-0.000459	0.009977	-0.013502	-0.005783	536770367.901359
2020-06-25	-0.001980	-0.000067	0.007507	-0.022815	-0.001980	514058865.460833
2020-06-24	-0.033937	0.000340	0.017709	-0.041068	-0.033937	586064620.360711
2020-06-23	0.011891	-0.000129	0.026168	-0.012087	0.011891	782289504.917476
2020-06-22	0.031035	-0.000066	0.032582	-0.000080	0.031035	785970254.053097
2020-06-21	-0.005739	0.000212	0.007540	-0.007140	-0.005739	912842171.524029
2020-06-20	0.008314	0.000000	0.017881	-0.005576	0.008314	890585140.152359
2020-06-19	-0.016475	-0.000154	0.004075	-0.018888	-0.016475	783041745.075925
2020-06-18	-0.008379	0.000000	0.000641	-0.018757	-0.008379	800422737.844922
2020-06-17	0.003315	-0.000108	0.018820	-0.011056	0.003315	1212665543.466600
2020-06-16	0.002048	-0.000157	0.007359	-0.005806	0.002048	1204257817.933300
2020-06-15	-0.008827	0.000000	0.000000	-0.066840	-0.008827	1347052816.870390
2020-06-14	-0.026801	0.000117	0.001081	-0.031654	-0.026801	1332912266.174930
2020-06-13	0.014949	0.001010	0.016842	-0.015861	0.014949	1362642566.009040
2020-06-12	0.041258	0.000428	0.052629	-0.006067	0.041258	1431010897.107770
2020-06-11	-0.102337	-0.000166	0.005408	-0.111334	-0.102337	1479076107.852700
2020-06-10	-0.000021	-0.000064	0.003292	-0.013462	-0.000021	1453161201.961870
2020-06-09	-0.019374	-0.000136	0.000395	-0.025108	-0.019374	1527613343.469020
2020-06-08	-0.012234	0.000785	0.020875	-0.021875	-0.012234	1671492248.329770
2020-06-07	0.069778	0.000452	0.070935	-0.000097	0.069778	1796519391.667910
2020-06-06	0.003284	-0.000373	0.009344	-0.017487	0.003284	1517537231.393790
2020-06-05	0.001644	-0.000052	0.021191	-0.005549	0.001644	1509634218.323430
2020-06-04	0.002069	0.000344	0.026067	-0.024230	0.002069	1580934885.377700
2020-06-03	0.034841	0.000146	0.037299	-0.011304	0.034841	1607589690.398250
2020-06-02	-0.041197	-0.000440	0.025185	-0.065179	-0.041197	1668286861.539850
2020-06-01	0.070248	-0.001309	0.071447	-0.004733	0.070248	1709386487.058770
2020-05-31	-0.025947	0.000218	0.048276	-0.035196	-0.025947	1730497289.026840
2020-05-30	0.086798	0.000141	0.087560	-0.005505	0.086798	1646591606.484050
2020-05-29	-0.007881	-0.000743	0.012597	-0.012998	-0.007881	1366748931.884560
2020-05-28	0.027214	-0.000056	0.029022	-0.007669	0.027214	1428376208.659570
2020-05-27	0.011243	0.000187	0.022449	-0.002808	0.011243	1379206168.548870
2020-05-26	-0.011950	0.000139	0.001708	-0.028098	-0.011950	1406337763.078470
2020-05-25	0.021666	-0.002707	0.023336	-0.011892	0.021666	1472796404.346770
2020-05-24	-0.041082	-0.000263	0.014724	-0.041082	-0.041082	1484128068.054050
2020-05-23	0.012689	-0.000161	0.049109	-0.000545	0.012689	1511113355.770510
2020-05-22	0.042297	0.000123	0.056139	-0.008403	0.042297	1529285625.846740
2020-05-21	-0.049626	-0.000206	0.002758	-0.072004	-0.049626	1485466979.743600
2020-05-20	-0.032954	-0.000126	-0.000126	-0.045653	-0.032954	1549092830.174910
2020-05-19	0.010159	-0.000250	0.010159	-0.011968	0.010159	1525778976.755440
2020-05-18	0.023458	0.000447	0.034717	-0.000958	0.023458	1514322600.630460
2020-05-17	0.002801	0.000161	0.011858	-0.001489	0.002801	1507268888.769790
2020-05-16	0.003028	-0.000031	0.011043	-0.005748	0.003028	1494408339.344150
2020-05-15	-0.022691	-0.000143	0.000597	-0.031344	-0.022691	1521940437.391810
2020-05-14	0.017362	-0.000291	0.021352	-0.009748	0.017362	1642843797.473300
2020-05-13	0.030484	-0.000209	0.042856	-0.002898	0.030484	1584119641.016290
2020-05-12	0.038288	0.001247	0.062048	-0.003339	0.038288	1644365119.866290
2020-05-11	-0.018255	0.000210	0.010990	-0.055997	-0.018255	1723522613.323970
2020-05-10	-0.118242	-0.000805	-0.000805	-0.153928	-0.118242	1751400504.083090
2020-05-09	-0.007769	-0.000280	0.015038	-0.010556	-0.007769	1624909899.592790
2020-05-08	0.016762	-0.000394	0.030820	-0.005386	0.016762	1695737285.121740
2020-05-07	0.014418	-0.002290	0.025261	-0.015621	0.014418	1694644130.388260
2020-05-06	-0.004705	-0.000353	0.023486	-0.008708	-0.004705	1566060151.422330
2020-05-05	-0.024785	0.000020	0.019663	-0.031249	-0.024785	1797335085.819200
2020-05-04	0.017865	0.000277	0.023657	-0.041490	0.017865	1743677561.340330
2020-05-03	-0.021657	0.000546	0.011090	-0.035475	-0.021657	1561508724.219000
2020-05-02	0.030348	0.001096	0.033347	-0.001778	0.030348	1500824957.818760
2020-05-01	0.040264	-0.000073	0.068935	-0.000172	0.040264	1620462039.462850
2020-04-30	-0.063375	-0.000007	0.020733	-0.066979	-0.063375	1686974900.174380
2020-04-29	0.059546	-0.000366	0.066759	-0.018328	0.059546	1744485549.089880
2020-04-28	0.057753	0.000452	0.059711	-0.009880	0.057753	1536500536.972170
2020-04-27	0.021165	0.000217	0.027661	-0.000122	0.021165	1431665480.341180
2020-04-26	0.016740	-0.000330	0.018201	-0.000403	0.016740	1396232783.195950
2020-04-25	-0.000110	-0.000216	0.015997	-0.013260	-0.000110	1484554238.421310
2020-04-24	0.034361	0.000339	0.057255	-0.001107	0.034361	1538403027.339230
2020-04-23	0.044523	0.000076	0.053321	-0.006397	0.044523	1370466697.875500
2020-04-22	0.030939	0.000156	0.041791	-0.004568	0.030939	1277662807.498380
2020-04-21	0.005516	-0.000749	0.015906	-0.006156	0.005516	1285407673.132750
2020-04-20	-0.039493	-0.000052	0.012906	-0.048744	-0.039493	1366517418.250420
2020-04-19	-0.025218	0.000277	0.004558	-0.026100	-0.025218	1297116919.810240
2020-04-18	0.028047	0.000141	0.033861	-0.001227	0.028047	1358911557.646270
2020-04-17	-0.002865	-0.000145	0.005881	-0.016822	-0.002865	1294903478.475690
2020-04-16	0.066793	-0.000562	0.072395	-0.015766	0.066793	1483226073.697960
2020-04-15	-0.015100	0.000319	0.015017	-0.016395	-0.015100	1227074918.063300
2020-04-14	-0.013658	-0.000536	0.014108	-0.013779	-0.013658	1235758428.727270
2020-04-13	-0.024594	-0.000721	-0.000721	-0.050384	-0.024594	1247887207.666010
2020-04-12	0.033539	-0.000232	0.053941	-0.006862	0.033539	1058237102.616390
2020-04-11	0.001680	0.000000	0.027606	-0.008698	0.001680	1051591915.225800
2020-04-10	-0.077366	-0.000132	0.001524	-0.101164	-0.077366	1097485526.705670
2020-04-09	-0.013679	0.000042	0.005274	-0.027062	-0.013679	981287829.157348
2020-04-08	0.032288	0.000725	0.034661	-0.005762	0.032288	1079069171.979960
2020-04-07	-0.028699	-0.000238	0.021478	-0.032324	-0.028699	937935931.633885
2020-04-06	0.083721	-0.000011	0.085106	-0.000233	0.083721	1010970947.707430
2020-04-05	0.050396	0.000501	0.058804	-0.008817	0.050396	906467477.381041
2020-04-04	0.007830	0.000378	0.011877	-0.009904	0.007830	808013453.683934
2020-04-03	-0.005806	0.000261	0.015015	-0.013636	-0.005806	794179930.279843
2020-04-02	0.034495	0.000572	0.063279	-0.003170	0.034495	852662345.063941
2020-04-01	-0.004293	0.000000	0.001210	-0.039328	-0.004293	810514942.005577
2020-03-31	0.010104	0.000456	0.017254	-0.007680	0.010104	756610777.749674
2020-03-30	0.070688	0.000328	0.087048	-0.003607	0.070688	1056877618.374830
2020-03-29	-0.057238	-0.000207	0.002585	-0.057238	-0.057238	917907290.620230
2020-03-28	-0.002198	-0.000169	0.005257	-0.044218	-0.002198	1027379374.009680
2020-03-27	-0.037372	0.001024	0.010322	-0.039457	-0.037372	992171535.731882
2020-03-26	0.042642	-0.000010	0.046881	-0.005581	0.042642	1012778457.119350
2020-03-25	-0.011076	-0.000050	0.014975	-0.029588	-0.011076	1051356264.535450
2020-03-24	0.020241	0.001058	0.029338	-0.008830	0.020241	1086206946.935940
2020-03-23	0.088709	0.000000	0.090482	-0.006339	0.088709	1113460486.770120
2020-03-22	-0.076949	0.000176	0.031383	-0.080156	-0.076949	960442295.772024
2020-03-21	-0.001559	0.000581	0.022189	-0.039956	-0.001559	1084677872.355300
2020-03-20	-0.036117	-0.000057	0.085313	-0.089985	-0.036117	1193679335.739710
2020-03-19	0.174523	0.000496	0.208443	0.000496	0.174523	1253883132.008250
2020-03-18	0.004928	-0.000605	0.017953	-0.016368	0.004928	1025586853.458630
2020-03-17	0.033876	0.000292	0.075479	0.000109	0.033876	1084261693.489450
2020-03-16	-0.075692	-0.001333	-0.000811	-0.150561	-0.075692	1159919446.727870
2020-03-15	0.059674	-0.000276	0.116312	-0.008082	0.059674	1158531782.706720
2020-03-14	-0.047075	0.002144	0.029922	-0.057003	-0.047075	1142638046.777830
2020-03-13	0.165193	-0.003209	0.222996	-0.145092	0.165193	1816706172.430790
2020-03-12	-0.407377	0.000327	0.002621	-0.409558	-0.407377	1368123603.668140
2020-03-11	-0.017897	0.000440	0.009643	-0.055087	-0.017897	1269759581.036340
2020-03-10	0.007880	0.000600	0.021584	-0.019064	0.007880	1243119266.568720
2020-03-09	0.008196	-0.001983	0.014556	-0.042739	0.008196	1427631477.068450
2020-03-08	-0.128079	-0.000559	-0.000441	-0.128079	-0.128079	1363976467.119950
2020-03-07	-0.065069	0.000371	0.001316	-0.066378	-0.065069	1298740279.438700
2020-03-06	0.019221	0.001051	0.025195	0.001051	0.019221	1371421962.544190
2020-03-05	0.010238	0.001107	0.034155	0.001107	0.010238	1419888590.487830
2020-03-04	0.025476	-0.000542	0.025476	-0.008322	0.025476	1397778317.668560
2020-03-03	-0.012794	-0.000040	0.003992	-0.022346	-0.012794	1491595028.652120
2020-03-02	0.060313	0.001138	0.074184	-0.003276	0.060313	1640719067.068190
2020-03-01	-0.007815	0.000072	0.025228	-0.023956	-0.007815	1530951215.461000
2020-02-29	-0.025020	-0.002247	0.016513	-0.025307	-0.025020	1530978799.078880
2020-02-28	0.006959	0.001018	0.019935	-0.039028	0.006959	1651360028.520210
2020-02-27	0.027992	-0.000386	0.060471	-0.028512	0.027992	1817877422.408780
2020-02-26	-0.135222	-0.000952	0.004810	-0.161485	-0.135222	1983398772.651840
2020-02-25	-0.040561	-0.000195	0.000845	-0.053316	-0.040561	1702733218.190710
2020-02-24	-0.067877	0.000247	0.000384	-0.092452	-0.067877	1823897500.795170
2020-02-23	0.060685	0.000039	0.060908	-0.000937	0.060685	1638283296.846850
2020-02-22	-0.005573	0.000582	0.004266	-0.018508	-0.005573	1552695028.520260
2020-02-21	0.016422	-0.000206	0.029853	-0.007683	0.016422	1762615939.893290
2020-02-20	-0.022046	-0.000499	0.008897	-0.051957	-0.022046	1910177841.950120
2020-02-19	-0.099657	0.000397	0.000883	-0.103380	-0.099657	1691858296.801820
2020-02-18	0.038723	0.000394	0.048192	-0.047083	0.038723	1712241881.512860
2020-02-17	-0.032737	-0.001969	-0.001969	-0.094113	-0.032737	1842155294.140080
2020-02-16	-0.047579	0.000980	0.044345	-0.124903	-0.047579	1939185864.217840
2020-02-15	-0.104064	0.000987	0.006416	-0.111597	-0.104064	1768976193.236410
2020-02-14	0.103370	0.000109	0.116853	-0.002190	0.103370	2085354470.081660
2020-02-13	-0.006491	0.000023	0.070845	-0.049910	-0.006491	2007884210.437170
2020-02-12	0.058864	0.000804	0.065097	-0.000181	0.058864	1699116541.423410
2020-02-11	0.020286	0.000104	0.024874	-0.034641	0.020286	1519186216.922270
2020-02-10	0.008866	0.000329	0.013788	-0.042114	0.008866	1587320612.577490
2020-02-09	0.008319	-0.000638	0.034944	-0.013402	0.008319	1466737553.967330
2020-02-08	-0.009461	-0.001893	0.014268	-0.061584	-0.009461	1566606336.225900
2020-02-07	-0.021066	0.001301	0.041313	-0.043589	-0.021066	1757671584.265790
2020-02-06	0.084676	-0.000672	0.114486	-0.022897	0.084676	1944165321.466970
2020-02-05	0.078656	0.000815	0.078656	0.000039	0.078656	1511971142.815660
2020-02-04	0.002258	-0.000798	0.011798	-0.039020	0.002258	1407881433.302600
2020-02-03	0.004284	-0.000565	0.022495	-0.008609	0.004284	1419005610.050100
2020-02-02	0.003746	-0.000391	0.040737	-0.025357	0.003746	1482162206.316570
2020-02-01	0.020437	-0.000962	0.020715	-0.010067	0.020437	1346616385.729140
2020-01-31	-0.041874	0.000792	0.010043	-0.063357	-0.041874	1451545525.357300
2020-01-30	0.043645	-0.000867	0.055435	-0.038092	0.043645	1581901735.113500
2020-01-29	0.003713	-0.000058	0.055676	-0.001492	0.003713	1509737028.003930
2020-01-28	0.086343	0.000641	0.101204	-0.000278	0.086343	1624609028.152800
2020-01-27	0.019718	-0.000362	0.028798	-0.000362	0.019718	1323659601.031480
2020-01-26	0.037294	-0.000397	0.038815	-0.005574	0.037294	1255315356.139500
2020-01-25	-0.012903	0.000925	0.000925	-0.023640	-0.012903	1147617479.315160
2020-01-24	0.009744	0.000641	0.019161	-0.030276	0.009744	1237593967.392990
2020-01-23	-0.063424	0.000643	0.002162	-0.075349	-0.063424	1238646077.326980
2020-01-22	0.002611	-0.000100	0.007477	-0.012407	0.002611	1180207765.807650
2020-01-21	0.041046	-0.000479	0.041046	-0.005434	0.041046	1239081715.166510
2020-01-20	0.000352	-0.000434	0.007494	-0.022984	0.000352	1266246609.857160
2020-01-19	-0.061855	0.000450	0.019690	-0.082006	-0.061855	1309357591.754240
2020-01-18	0.002824	0.000435	0.024212	-0.019639	0.002824	1385173970.586550
2020-01-17	0.031925	0.004510	0.055407	-0.005845	0.031925	1420514220.353860
2020-01-16	-0.009520	0.000453	0.003599	-0.060048	-0.009520	1333108082.678510
2020-01-15	0.033719	0.000505	0.080049	-0.023680	0.033719	1462008166.887980
2020-01-14	0.136946	0.000091	0.150734	-0.000711	0.136946	1466195335.980600
2020-01-13	-0.017986	-0.000052	0.004618	-0.025721	-0.017986	1067644895.958980
2020-01-12	0.024707	0.000307	0.026656	-0.006843	0.024707	1151253020.800200
2020-01-11	0.000028	0.000669	0.021527	-0.007750	0.000028	1176009006.993220
2020-01-10	0.039198	0.000105	0.049855	-0.023518	0.039198	1156355119.776740
2020-01-09	-0.000459	-0.000173	0.002810	-0.017768	-0.000459	943917224.415951
2020-01-08	-0.021149	0.000308	0.017409	-0.033883	-0.021149	1120252260.925210
2020-01-07	-0.012021	0.003136	0.013287	-0.023272	-0.012021	1120168579.142790
2020-01-06	0.067917	-0.000401	0.067917	-0.001580	0.067917	1204485570.223980
2020-01-05	0.007550	0.000778	0.028989	0.000110	0.007550	1079591213.899780
2020-01-04	0.006413	0.001107	0.007398	-0.009293	0.006413	991868125.635604
2020-01-03	0.043865	0.001276	0.050814	-0.007600	0.043865	1109470186.563620
2020-01-02	-0.028645	0.000300	0.000300	-0.033292	-0.028645	999867627.518047
2020-01-01	-0.004213	-0.000865	0.006216	-0.008458	-0.004213	977215884.782155
2019-12-31	-0.007069	0.000399	0.006665	-0.018411	-0.007069	1065550361.298210
2019-12-30	-0.024960	0.000045	0.017855	-0.030608	-0.024960	1180670787.631660
2019-12-29	0.016914	-0.000827	0.030362	-0.006047	0.016914	1090566659.986100
2019-12-28	0.016154	-0.000204	0.036661	-0.000852	0.016154	1159949302.904550
2019-12-27	-0.008363	-0.000059	0.003135	-0.014226	-0.008363	1113460814.138490
2019-12-26	0.005514	0.000922	0.027169	-0.005987	0.005514	1111971331.069080
2019-12-25	-0.021584	0.001002	0.001002	-0.033580	-0.021584	1074051749.172600
2019-12-24	-0.015174	-0.000093	0.009444	-0.031190	-0.015174	1184108107.849570
2019-12-23	-0.071746	0.000322	0.021035	-0.075808	-0.071746	1237088083.048240
2019-12-22	0.096442	-0.000419	0.103919	-0.000419	0.096442	1319603646.536050
2019-12-21	0.010152	0.000031	0.010152	-0.009343	0.010152	1104610704.786200
2019-12-20	0.029527	0.000316	0.036258	-0.009384	0.029527	1189193476.663050
2019-12-19	-0.022290	0.000811	0.010067	-0.046408	-0.022290	1176707541.682240
2019-12-18	0.072032	-0.001433	0.080099	-0.013334	0.072032	1277690945.342490
2019-12-17	-0.074993	0.000580	0.001592	-0.085961	-0.074993	1090326003.181320
2019-12-16	-0.038420	-0.000192	0.001242	-0.048138	-0.038420	1114277014.985120
2019-12-15	0.006160	-0.000406	0.015174	-0.010630	0.006160	1025255094.274500
2019-12-14	-0.011018	-0.000543	0.034775	-0.013115	-0.011018	969812672.248083
2019-12-13	0.017015	-0.000009	0.026391	-0.010474	0.017015	973273278.005579
2019-12-12	-0.022377	0.000402	0.001463	-0.046006	-0.022377	1001541934.387240
2019-12-11	0.001836	0.000431	0.015581	-0.003555	0.001836	919584734.893543
2019-12-10	-0.021843	-0.000715	0.002033	-0.025740	-0.021843	920910087.988541
2019-12-09	-0.019289	-0.001669	0.000949	-0.024844	-0.019289	945176794.984422
2019-12-08	0.010909	0.000401	0.015561	-0.006128	0.010909	909202289.126110
2019-12-07	-0.007745	0.000123	0.009743	-0.008049	-0.007745	932823180.160536
2019-12-06	0.007019	0.000641	0.008050	-0.007680	0.007019	1016590545.510730
2019-12-05	0.012322	0.000086	0.036154	-0.009063	0.012322	1063061041.455420
2019-12-04	-0.053944	-0.000329	0.000281	-0.068329	-0.053944	1017108758.086120
2019-12-03	0.000269	0.001177	0.021751	-0.013720	0.000269	847268484.153930
2019-12-02	-0.044109	-0.000416	0.002642	-0.049186	-0.044109	1078642608.023720
2019-12-01	0.028699	0.000318	0.036143	-0.023689	0.028699	1221749577.195710
2019-11-30	-0.042445	-0.000521	0.007029	-0.049408	-0.042445	1106913967.808220
2019-11-29	0.019816	0.000633	0.028768	-0.003603	0.019816	1203702929.276910
2019-11-28	-0.016809	0.000114	0.014094	-0.022072	-0.016809	1266811965.736730
2019-11-27	0.047535	-0.001638	0.063640	-0.048372	0.047535	2021635639.705540
2019-11-26	0.078667	-0.000035	0.086265	-0.009626	0.078667	1188544727.712370
2019-11-25	0.025982	-0.000546	0.050469	-0.055371	0.025982	1304867280.597750
2019-11-24	-0.082321	0.000795	0.004875	-0.082321	-0.082321	1212567751.356050
2019-11-23	0.048190	-0.000118	0.048511	-0.026302	0.048190	1137753708.925380
2019-11-22	-0.060933	-0.000074	0.009816	-0.123844	-0.060933	1319516654.067360
2019-11-21	-0.073420	-0.000035	0.001222	-0.094607	-0.073420	1152178109.964010
2019-11-20	-0.024857	-0.000146	0.008369	-0.032607	-0.024857	1055792316.016170
2019-11-19	-0.018922	0.000119	0.009694	-0.043962	-0.018922	1091020963.630370
2019-11-18	-0.079163	-0.000244	0.001249	-0.089502	-0.079163	991930690.695392
2019-11-17	0.005233	0.000115	0.021380	-0.017370	0.005233	896891601.942319
2019-11-16	0.009524	-0.000309	0.014383	-0.004075	0.009524	884418647.623926
2019-11-15	-0.045739	-0.000840	0.001330	-0.052809	-0.045739	987509599.000492
2019-11-14	-0.029982	0.000077	0.006970	-0.043284	-0.029982	1002646257.318330
2019-11-13	0.025442	-0.000503	0.031783	-0.013017	0.025442	985820300.546589
2019-11-12	0.027112	-0.000239	0.032173	-0.000705	0.027112	1016783749.502800
2019-11-11	-0.015800	-0.000049	0.000190	-0.033974	-0.015800	984056557.331007
2019-11-10	0.023107	0.000177	0.031145	-0.002111	0.023107	1197385478.238180
2019-11-09	0.009028	0.000055	0.016415	-0.001734	0.009028	1154702393.507820
2019-11-08	-0.042215	-0.001034	0.004561	-0.056344	-0.042215	1247102504.190780
2019-11-07	-0.027989	-0.000341	0.000723	-0.043242	-0.027989	992198179.182422
2019-11-06	0.016901	-0.000274	0.036620	-0.008762	0.016901	999616731.002977
2019-11-05	0.001078	-0.000001	0.009622	-0.017766	0.001078	893103611.055835
2019-11-04	0.006650	-0.000129	0.009648	-0.041464	0.006650	968918172.441012
2019-11-03	-0.012915	0.000459	0.007741	-0.028570	-0.012915	854200817.255376
2019-11-02	0.014334	-0.000130	0.028150	-0.000692	0.014334	847828051.373056
2019-11-01	-0.011162	0.000229	0.009657	-0.027524	-0.011162	868159776.835197
2019-10-31	-0.010744	-0.000748	0.030440	-0.041570	-0.010744	1075269260.674530
2019-10-30	-0.085355	0.000521	0.037619	-0.092763	-0.085355	1452165853.569490
2019-10-29	0.089510	0.000168	0.105746	-0.006842	0.089510	1785310976.557000
2019-10-28	0.055016	0.000141	0.144112	-0.000597	0.055016	2072365497.379060
2019-10-27	0.153781	0.000433	0.179044	-0.023295	0.153781	1578939461.956790
2019-10-26	-0.059962	-0.000381	0.021264	-0.093678	-0.059962	1328873817.544900
2019-10-25	0.153063	-0.000355	0.153063	-0.011369	0.153063	1083716136.334170
2019-10-24	0.068425	0.000562	0.073822	0.000562	0.068425	810730076.338291
2019-10-23	-0.058741	-0.001092	0.002168	-0.085280	-0.058741	725581899.581767
2019-10-22	-0.024750	0.000106	0.006023	-0.027342	-0.024750	742578864.452117
2019-10-21	0.002921	0.000018	0.011219	-0.009119	0.002921	748254274.622408
2019-10-20	0.001773	0.000093	0.004014	-0.019288	0.001773	632826319.358863
2019-10-19	0.007040	0.000204	0.025200	-0.012689	0.007040	733897947.432082
2019-10-18	-0.001676	0.000000	0.007705	-0.047816	-0.001676	626283795.141671
2019-10-17	0.010177	-0.000302	0.011519	-0.039100	0.010177	644710023.042682
2019-10-16	-0.029068	-0.000171	0.008377	-0.056924	-0.029068	625699157.681383
2019-10-15	-0.059020	-0.000260	0.005448	-0.071280	-0.059020	637965137.803862
2019-10-14	0.036883	0.000072	0.037820	-0.004033	0.036883	642336082.032813
2019-10-13	0.025114	-0.000610	0.040537	-0.003492	0.025114	622543636.114960
2019-10-12	-0.015762	0.000315	0.015568	-0.020094	-0.015762	571352239.033087
2019-10-11	-0.019593	0.000372	0.022534	-0.028643	-0.019593	666304121.929653
2019-10-10	-0.039498	-0.000079	0.003295	-0.052295	-0.039498	659340342.972197
2019-10-09	-0.005512	0.000875	0.011934	-0.022229	-0.005512	777844288.795861
2019-10-08	0.044200	-0.000371	0.053732	-0.024839	0.044200	751448971.190060
2019-10-07	0.105873	-0.001386	0.120673	-0.008915	0.105873	772577284.622756
2019-10-06	-0.021449	-0.000082	0.021057	-0.024721	-0.021449	647870693.943790
2019-10-05	0.027538	0.000055	0.029757	-0.019510	0.027538	605918087.132532
2019-10-04	0.024635	-0.000345	0.032017	-0.008617	0.024635	594460352.552536
2019-10-03	-0.007784	-0.000333	0.002949	-0.028407	-0.007784	577538791.659678
2019-10-02	0.028068	-0.000276	0.028068	-0.017597	0.028068	559687304.388734
2019-10-01	-0.031062	0.001338	0.021737	-0.041891	-0.031062	615910233.236151
2019-09-30	0.083681	-0.000261	0.108516	-0.028561	0.083681	663359128.856533
2019-09-29	-0.020677	-0.000038	0.003135	-0.046587	-0.020677	523279121.007335
2019-09-28	-0.006295	-0.000532	0.008758	-0.022351	-0.006295	573461375.155859
2019-09-27	0.068931	-0.001115	0.080842	-0.012924	0.068931	730136370.924876
2019-09-26	-0.027812	-0.000294	0.025297	-0.070225	-0.027812	597128849.946442
2019-09-25	0.035796	0.000239	0.054723	-0.023628	0.035796	702110437.986405
2019-09-24	-0.204403	-0.000436	0.014417	-0.230202	-0.204403	736691185.247357
2019-09-23	-0.049604	0.000218	0.011319	-0.049604	-0.049604	618313969.214025
2019-09-22	-0.071671	0.000014	0.000014	-0.089164	-0.071671	652943017.213036
2019-09-21	0.047967	0.000117	0.064217	-0.009875	0.047967	651793485.392091
2019-09-20	-0.014631	-0.000486	0.002780	-0.031066	-0.014631	616635633.247827
2019-09-19	-0.020330	-0.000491	-0.000491	-0.076199	-0.020330	736829335.467256
2019-09-18	0.073387	0.000234	0.105296	-0.001087	0.073387	799716562.164738
2019-09-17	0.069820	0.000006	0.101793	-0.000047	0.069820	667459151.780351
2019-09-16	0.006260	-0.000045	0.015498	-0.009956	0.006260	527588255.157411
2019-09-15	-0.013635	-0.000126	0.014777	-0.021076	-0.013635	554916296.035013
2019-09-14	0.018815	0.000787	0.026154	-0.018729	0.018815	565011950.059749
2019-09-13	0.043831	0.000062	0.047143	-0.007676	0.043831	510685257.433496
2019-09-12	-0.006068	0.000144	0.003565	-0.026791	-0.006068	525523848.099089
2019-09-11	-0.042731	0.000017	0.005568	-0.048891	-0.042731	538549615.599692
2019-09-10	-0.007551	0.000046	0.026158	-0.016937	-0.007551	550196165.121248
2019-09-09	-0.006244	-0.000058	0.011365	-0.034742	-0.006244	669187813.502571
2019-09-08	0.026362	0.000184	0.042596	-0.000715	0.026362	565551912.161052
2019-09-07	0.082582	0.000383	0.099553	-0.003258	0.082582	527720264.123176
2019-09-06	-0.050150	-0.000224	0.005177	-0.063667	-0.050150	465868869.389221
2019-09-05	-0.037429	-0.000119	0.001329	-0.057815	-0.037429	441122940.550425
2019-09-04	-0.022372	0.000714	0.001427	-0.028212	-0.022372	407752909.510264
2019-09-03	0.001588	0.000675	0.010647	-0.011634	0.001588	422623093.264533
2019-09-02	0.019139	-0.001100	0.030463	-0.022748	0.019139	458500298.327067
2019-09-01	0.004197	0.000717	0.008120	-0.009300	0.004197	424372233.760644
2019-08-31	-0.002992	0.000087	0.005842	-0.022761	-0.002992	467796843.522361
2019-08-30	0.004706	0.000303	0.017685	-0.017289	0.004706	439318789.558003
2019-08-29	-0.029182	0.000004	0.000251	-0.053949	-0.029182	481464078.770944
2019-08-28	-0.091457	0.000324	0.003576	-0.101472	-0.091457	485624918.116249
2019-08-27	-0.005967	0.000150	0.000388	-0.021071	-0.005967	461705867.819541
2019-08-26	0.008517	-0.000311	0.022406	-0.005696	0.008517	491414307.647349
2019-08-25	-0.013143	-0.000640	0.029062	-0.016629	-0.013143	482224129.200518
2019-08-24	-0.015592	0.000120	0.007662	-0.035765	-0.015592	487645267.298267
2019-08-23	0.031049	-0.002165	0.047825	-0.007463	0.031049	490595580.386677
2019-08-22	0.050847	0.000149	0.077259	-0.001159	0.050847	537114538.044298
2019-08-21	-0.051720	0.000090	0.000613	-0.069846	-0.051720	469160737.063008
2019-08-20	-0.026711	-0.000173	0.001150	-0.038274	-0.026711	366355787.550091
2019-08-19	0.014031	-0.000067	0.027824	-0.007720	0.014031	398770744.364647
2019-08-18	0.052634	0.000106	0.076537	-0.010122	0.052634	386511455.996553
2019-08-17	-0.001569	0.000334	0.021906	-0.012374	-0.001569	359367689.274640
2019-08-16	-0.036361	0.000048	0.004785	-0.052054	-0.036361	444447812.016525
2019-08-15	-0.005405	0.000891	0.016529	-0.065613	-0.005405	564505966.297329
2019-08-14	-0.128978	-0.000113	0.005218	-0.130207	-0.128978	483213275.852467
2019-08-13	-0.016996	0.000071	0.002112	-0.030722	-0.016996	440513693.987327
2019-08-12	-0.001880	-0.000151	0.013697	-0.014408	-0.001880	460097012.986246
2019-08-11	0.012345	-0.000145	0.033646	-0.017855	0.012345	452209004.198474
2019-08-10	0.034038	-0.000606	0.040953	-0.006363	0.034038	493857969.654008
2019-08-09	-0.095827	0.000184	0.004998	-0.107567	-0.095827	465725220.053186
2019-08-08	0.009740	0.000050	0.031118	-0.003511	0.009740	451114467.790989
2019-08-07	0.000288	0.000108	0.018705	-0.005924	0.000288	434015911.974412
2019-08-06	-0.061457	-0.000338	-0.000338	-0.066833	-0.061457	464780300.822218
2019-08-05	0.030035	-0.000244	0.048361	-0.008030	0.030035	469772898.690366
2019-08-04	0.022163	-0.000532	0.033352	-0.020564	0.022163	410756046.044332
2019-08-03	0.007831	0.000042	0.014819	-0.005653	0.007831	377614598.134226
2019-08-02	-0.022224	0.000382	0.001918	-0.029792	-0.022224	373625483.366331
2019-08-01	-0.010064	0.000001	0.001121	-0.025113	-0.010064	431296973.763181
2019-07-31	0.013618	-0.000002	0.024573	-0.000124	0.013618	493826285.291148
2019-07-30	0.005629	0.000076	0.012676	-0.015696	0.005629	393692744.703211
2019-07-29	-0.012454	-0.000208	0.012406	-0.020806	-0.012454	411851025.630782
2019-07-28	0.017582	0.001176	0.035620	-0.016866	0.017582	438015796.334461
2019-07-27	-0.055834	0.000235	0.016674	-0.065060	-0.055834	500070946.340918
2019-07-26	0.007482	-0.000022	0.017657	-0.028943	0.007482	469799594.597707
2019-07-25	-0.035745	-0.000870	0.017595	-0.043758	-0.035745	527822927.772857
2019-07-24	-0.017903	-0.004844	0.010281	-0.070285	-0.017903	753418717.386470
2019-07-23	-0.084786	-0.001584	0.010767	-0.170071	-0.084786	1009280185.449590
2019-07-22	-0.087100	-0.000215	0.024331	-0.096696	-0.087100	620867201.789245
2019-07-21	0.000073	-0.000010	0.021873	-0.064478	0.000073	579044738.310637
2019-07-20	0.039601	0.000510	0.095427	-0.012959	0.039601	623539107.669978
2019-07-19	0.086857	0.000212	0.087612	-0.031726	0.086857	621357651.452140
2019-07-18	0.128361	0.000004	0.141577	-0.019625	0.128361	610044767.412814
2019-07-17	0.078647	-0.002921	0.117945	-0.036173	0.078647	571051869.524265
2019-07-16	-0.165343	-0.000164	0.012127	-0.173280	-0.165343	544125553.495894
2019-07-15	0.002736	-0.001292	0.016189	-0.053048	0.002736	624412206.106859
2019-07-14	-0.108213	-0.000025	0.030201	-0.113116	-0.108213	570381989.250973
2019-07-13	-0.039874	0.000025	0.002053	-0.066010	-0.039874	432108329.593992
2019-07-12	0.059194	-0.000196	0.063902	-0.006734	0.059194	549684165.990258
2019-07-11	-0.129902	-0.000174	-0.000174	-0.151930	-0.129902	688476105.022041
2019-07-10	-0.066054	-0.000052	0.005400	-0.091714	-0.066054	770045697.563273
2019-07-09	-0.003729	0.000026	0.018357	-0.020319	-0.003729	757844450.065816
2019-07-08	-0.012329	-0.000868	0.013662	-0.038288	-0.012329	856758104.307179
2019-07-07	0.090038	0.000020	0.108452	-0.001079	0.090038	761416388.189359
2019-07-06	0.006213	-0.000136	0.027777	-0.000349	0.006213	603802953.267862
2019-07-05	0.014172	0.000051	0.028364	-0.010096	0.014172	787943843.472621
2019-07-04	-0.048741	-0.000476	0.001811	-0.055308	-0.048741	659688353.515013
2019-07-03	0.033456	0.000037	0.033456	-0.001339	0.033456	813805576.296477
2019-07-02	-0.020148	-0.000441	0.009201	-0.069212	-0.020148	909205912.724479
2019-07-01	0.020734	-0.001787	0.040585	-0.030761	0.020734	912290261.778323
2019-06-30	-0.096705	-0.001822	0.004707	-0.096705	-0.096705	956413297.846037
2019-06-29	0.041697	0.000622	0.043870	-0.046520	0.041697	971687750.694817
2019-06-28	0.052479	0.000882	0.052479	-0.015968	0.052479	1060684355.120810
2019-06-27	-0.115988	0.000777	0.024549	-0.180162	-0.115988	1123269112.164120
2019-06-26	-0.053816	-0.000355	0.031490	-0.095692	-0.053816	1266096120.460020
2019-06-25	0.004749	0.000256	0.049385	-0.019720	0.004749	1026593884.572450
2019-06-24	0.026920	0.001150	0.054442	-0.027046	0.026920	918280358.083702
2019-06-23	0.001133	-0.000148	0.027490	-0.029410	0.001133	815907332.336263
2019-06-22	0.119432	0.000716	0.129281	0.000316	0.119432	964802346.277579
2019-06-21	0.018860	0.000085	0.037516	-0.000708	0.018860	572181169.614194
2019-06-20	-0.017475	0.000335	0.007991	-0.027396	-0.017475	575073618.523282
2019-06-19	0.005886	0.000156	0.016485	-0.004867	0.005886	517681766.315250
2019-06-18	-0.023740	-0.000072	0.006046	-0.046644	-0.023740	557315112.088905
2019-06-17	0.027563	-0.000265	0.032485	-0.001856	0.027563	655296485.642562
2019-06-16	0.003654	0.000245	0.027685	-0.006282	0.003654	757904532.704731
2019-06-15	0.010803	0.000475	0.020381	-0.014016	0.010803	658268516.361441
2019-06-14	-0.002530	0.000460	0.006466	-0.046986	-0.002530	777742705.137893
2019-06-13	-0.029813	-0.000986	0.005559	-0.033327	-0.029813	711198893.596051
2019-06-12	0.074466	0.000790	0.074466	-0.003488	0.074466	768394832.726774
2019-06-11	-0.012529	0.000534	0.001016	-0.045092	-0.012529	659133706.872507
2019-06-10	0.053309	0.000794	0.055190	-0.023356	0.053309	816346516.952835
2019-06-09	-0.075534	-0.000097	0.001905	-0.091945	-0.075534	717761803.759108
2019-06-08	-0.038886	-0.000093	0.003007	-0.047398	-0.038886	686969778.497078
2019-06-07	0.031396	-0.000105	0.051033	-0.010268	0.031396	755133749.968034
2019-06-06	-0.041338	-0.001915	0.004620	-0.080004	-0.041338	874644103.060884
2019-06-05	-0.021466	0.001839	0.020740	-0.055576	-0.021466	1058786144.041350
2019-06-04	0.025835	-0.002787	0.057977	-0.069345	0.025835	1432646151.445150
2019-06-03	-0.112443	-0.000662	0.017197	-0.126647	-0.112443	1452970554.382330
2019-06-02	0.027520	0.002206	0.095348	-0.007936	0.027520	1371641994.226570
2019-06-01	0.132812	0.001148	0.182681	-0.009470	0.132812	1599163697.186330
2019-05-31	0.053244	-0.001636	0.053244	-0.028374	0.053244	855746409.909087
2019-05-30	-0.069438	0.000514	0.059447	-0.098902	-0.069438	1085549023.743020
2019-05-29	-0.028875	-0.000365	0.005152	-0.072170	-0.028875	945010734.518203
2019-05-28	-0.010648	0.001380	0.041793	-0.059632	-0.010648	1300778740.902990
2019-05-27	0.115763	0.000461	0.154367	-0.005902	0.115763	1526159935.129900
2019-05-26	0.119089	0.000210	0.137758	-0.018190	0.119089	1145964555.888210
2019-05-25	0.003114	0.000556	0.038490	-0.005360	0.003114	686519146.210753
2019-05-24	0.022323	0.000811	0.045844	-0.008607	0.022323	722472479.576453
2019-05-23	0.004567	-0.000976	0.016601	-0.043458	0.004567	632341440.724161
2019-05-22	-0.056075	-0.000876	0.017611	-0.064717	-0.056075	717015280.656814
2019-05-21	0.013071	-0.000053	0.055057	-0.018896	0.013071	715128352.997511
2019-05-20	-0.026244	-0.000729	-0.000220	-0.065773	-0.026244	681144112.296657
2019-05-19	0.091493	0.000089	0.105013	-0.000916	0.091493	742466998.866548
2019-05-18	-0.014579	0.000000	0.024297	-0.023584	-0.014579	646042340.556638
2019-05-17	-0.056719	0.000591	0.013161	-0.125298	-0.056719	923659536.494131
2019-05-16	-0.079480	-0.001975	0.061618	-0.112323	-0.079480	1184973195.189040
2019-05-15	0.139058	-0.000771	0.146912	-0.001120	0.139058	1230473115.559970
2019-05-14	0.117981	-0.000588	0.122193	-0.004576	0.117981	1102232263.075970
2019-05-13	0.036324	0.000000	0.075474	-0.003391	0.036324	865064756.891523
2019-05-12	-0.060102	0.000409	0.015913	-0.073683	-0.060102	833444362.145996
2019-05-11	0.070294	-0.000135	0.119480	-0.009915	0.070294	959045066.854693
2019-05-10	0.010474	-0.001161	0.015183	-0.041249	0.010474	757106700.376362
2019-05-09	-0.051505	0.000000	0.000328	-0.057229	-0.051505	679478099.094866
2019-05-08	0.033393	0.001117	0.050825	-0.011699	0.033393	794016009.089195
2019-05-07	-0.001392	-0.000570	0.022682	-0.003804	-0.001392	714212081.909903
2019-05-06	0.019336	0.000126	0.035707	-0.022284	0.019336	735203031.068538
2019-05-05	0.000145	-0.003763	0.008827	-0.018558	0.000145	661532212.134741
2019-05-04	-0.027211	0.000000	0.024018	-0.044707	-0.027211	709321145.223105
2019-05-03	0.017788	0.000015	0.034169	-0.001896	0.017788	751948314.493035
2019-05-02	-0.005221	0.001250	0.010461	-0.012024	-0.005221	669483907.531195
2019-05-01	-0.008124	-0.000099	0.018753	-0.022072	-0.008124	649588397.892841
2019-04-30	0.049598	-0.000270	0.063459	-0.010086	0.049598	681165084.166126
2019-04-29	-0.031942	0.000568	0.005342	-0.043516	-0.031942	662954530.135049
2019-04-28	-0.002160	0.000145	0.009004	-0.012491	-0.002160	585265493.115737
2019-04-27	-0.010408	0.000258	0.003549	-0.021385	-0.010408	570435237.539336
2019-04-26	0.038796	0.001606	0.041589	-0.022858	0.038796	694049170.601832
2019-04-25	-0.017785	0.000431	0.077901	-0.019418	-0.017785	642529371.469442
2019-04-24	-0.042948	-0.000137	-0.000137	-0.061740	-0.042948	498834584.708347
2019-04-23	-0.027279	-0.000262	0.009204	-0.027279	-0.027279	454414123.810999
2019-04-22	0.006707	0.000704	0.018315	-0.014018	0.006707	386932498.214476
2019-04-21	-0.045924	-0.000477	0.007453	-0.067749	-0.045924	369120035.338573
2019-04-20	-0.013975	0.000041	0.002053	-0.024030	-0.013975	335704353.044620
2019-04-19	-0.014600	0.000560	0.000577	-0.024992	-0.014600	338855780.872681
2019-04-18	0.006625	-0.000322	0.019373	-0.001813	0.006625	335721876.289748
2019-04-17	-0.009667	0.000218	0.006297	-0.016975	-0.009667	310344059.496308
2019-04-16	0.020583	0.000113	0.021925	-0.013735	0.020583	288436396.706432
2019-04-15	-0.021076	0.000000	0.019667	-0.033913	-0.021076	347818728.004879
2019-04-14	0.028285	-0.000034	0.032769	-0.006891	0.028285	318773006.986148
2019-04-13	-0.009070	-0.000319	0.015761	-0.017887	-0.009070	306242489.906921
2019-04-12	-0.005835	-0.001615	0.014756	-0.042603	-0.005835	348382390.777223
2019-04-11	-0.112515	-0.000039	0.001422	-0.147452	-0.112515	523780925.906701
2019-04-10	0.004917	-0.000466	0.034488	-0.005754	0.004917	451232025.051921
2019-04-09	-0.025315	0.000007	0.009806	-0.051538	-0.025315	612987559.626716
2019-04-08	0.063579	0.000626	0.097787	-0.037259	0.063579	769629474.539293
2019-04-07	0.075768	-0.000624	0.096913	-0.006735	0.075768	552496052.552030
2019-04-06	-0.013937	0.000081	0.006963	-0.027153	-0.013937	396057876.079251
2019-04-05	0.048380	-0.000496	0.062009	-0.000628	0.048380	453160617.879855
2019-04-04	0.001470	0.002588	0.038574	-0.028768	0.001470	432565534.004229
2019-04-03	-0.034968	-0.000528	0.083779	-0.057017	-0.034968	641811997.646720
2019-04-02	0.104509	0.000034	0.110341	0.000034	0.104509	671204433.214943
2019-04-01	0.034727	-0.000685	0.059904	-0.005265	0.034727	331600219.912205
2019-03-31	0.009914	0.000028	0.013019	-0.006056	0.009914	190106148.218657
2019-03-30	-0.001125	-0.001076	0.041526	-0.022374	-0.001125	227044994.601418
2019-03-29	-0.002720	0.000465	0.022858	-0.016416	-0.002720	273806472.016807
2019-03-28	-0.010184	-0.000385	0.000217	-0.020410	-0.010184	214311280.548740
2019-03-27	0.043905	0.001925	0.045917	-0.002349	0.043905	241360970.152449
2019-03-26	-0.005182	0.000691	0.003856	-0.025408	-0.005182	226574961.092878
2019-03-25	-0.026479	0.001640	0.005334	-0.042166	-0.026479	259384297.085229
2019-03-24	-0.042529	0.001488	0.005148	-0.051652	-0.042529	270254346.284891
2019-03-23	0.072758	-0.000544	0.076849	-0.005122	0.072758	364384765.530789
2019-03-22	0.012308	-0.001116	0.020041	-0.002987	0.012308	174571200.078233
2019-03-21	-0.026389	0.000147	0.000727	-0.034690	-0.026389	185021969.511422
2019-03-20	-0.000427	0.000402	0.001476	-0.015596	-0.000427	166565927.532860
2019-03-19	0.003811	0.001749	0.007018	-0.010946	0.003811	164337836.964982
2019-03-18	-0.005891	0.000936	0.013138	-0.016103	-0.005891	180460923.362903
2019-03-17	-0.010029	-0.000205	0.001425	-0.015831	-0.010029	155662771.525387
2019-03-16	0.008774	-0.000209	0.020712	-0.003652	0.008774	195407917.292484
2019-03-15	0.023078	-0.000985	0.026288	-0.005026	0.023078	141062816.291635
2019-03-14	0.009216	-0.002423	0.025406	-0.003851	0.009216	150611750.175258
2019-03-13	0.001881	0.000146	0.009564	-0.013702	0.001881	102721070.838138
2019-03-12	0.006910	0.001166	0.019879	-0.017499	0.006910	103129813.320821
2019-03-11	-0.035772	-0.007747	0.006138	-0.041148	-0.035772	150553429.891931
2019-03-10	0.008543	0.003163	0.014482	-0.013952	0.008543	148100618.515585
2019-03-09	0.013820	-0.000678	0.020198	-0.014762	0.013820	156377581.304458
2019-03-08	-0.026930	0.000788	0.001039	-0.028239	-0.026930	157215770.770760
2019-03-07	-0.010375	-0.000233	0.012202	-0.013263	-0.010375	140664451.063300
2019-03-06	-0.023588	-0.001150	-0.000385	-0.032175	-0.023588	161164628.382661
2019-03-05	0.046221	0.005726	0.048382	-0.029071	0.046221	233979256.827342
2019-03-04	0.009427	-0.002145	0.022943	-0.073919	0.009427	230202985.435103
2019-03-03	-0.009353	-0.000130	0.010926	-0.014757	-0.009353	114553316.057437
2019-03-02	-0.033242	-0.002324	-0.001077	-0.051069	-0.033242	201484006.263041
2019-03-01	-0.005920	0.000450	0.006022	-0.008447	-0.005920	128326436.823488
2019-02-28	-0.010915	0.000059	0.008623	-0.016313	-0.010915	150484767.702162
2019-02-27	-0.011545	-0.001117	0.002251	-0.031671	-0.011545	152193561.796253
2019-02-26	-0.001545	-0.004355	0.009405	-0.020120	-0.001545	159243420.823582
2019-02-25	0.026936	-0.003970	0.035790	-0.003970	0.026936	193452747.584235
2019-02-24	-0.064672	0.000393	0.067888	-0.104122	-0.064672	352101653.764007
2019-02-23	0.011826	-0.001057	0.015162	-0.009256	0.011826	152106378.988962
2019-02-22	0.014256	-0.000555	0.014346	-0.003112	0.014256	127494150.270006
2019-02-21	-0.016788	-0.001042	0.005426	-0.023188	-0.016788	148824563.720937
2019-02-20	0.009388	-0.000464	0.017399	-0.021643	0.009388	144523655.764948
2019-02-19	0.000376	0.000990	0.040186	0.000376	0.000376	200614926.704989
2019-02-18	0.048939	0.000651	0.057058	0.000651	0.048939	218788419.974327
2019-02-17	-0.005672	0.000373	0.006264	-0.016301	-0.005672	129569495.198502
2019-02-16	-0.004232	-0.000571	0.002490	-0.011304	-0.004232	123247151.183142
2019-02-15	0.013899	0.001722	0.037384	0.000913	0.013899	131747206.103891
2019-02-14	-0.019959	-0.000124	0.009315	-0.032429	-0.019959	133232135.939065
2019-02-13	-0.013192	0.001106	0.029293	-0.022665	-0.013192	143707398.459179
2019-02-12	-0.007848	-0.003594	0.003891	-0.018601	-0.007848	156849554.061841
2019-02-11	-0.042102	0.000677	0.011613	-0.052649	-0.042102	224477576.502492
2019-02-10	-0.017174	0.000433	0.001848	-0.043069	-0.017174	217842435.922697
2019-02-09	-0.019986	0.000406	0.023477	-0.021594	-0.019986	195675256.148865
2019-02-08	0.042729	0.000572	0.061888	-0.004847	0.042729	228499103.227675
2019-02-07	0.004979	-0.000635	0.021023	-0.002623	0.004979	155638483.615661
2019-02-06	-0.023058	0.000303	0.018355	-0.029896	-0.023058	213275336.525582
2019-02-05	-0.032519	-0.006425	0.019311	-0.035053	-0.032519	235468419.460772
2019-02-04	0.063539	0.001402	0.125833	-0.009525	0.063539	354502264.414418
2019-02-03	-0.025661	-0.000145	0.001094	-0.031226	-0.025661	174803441.012507
2019-02-02	-0.006071	-0.001492	0.004033	-0.020583	-0.006071	189382943.419203
2019-02-01	0.033092	-0.004122	0.047562	-0.045050	0.033092	266911186.054158
2019-01-31	-0.068180	0.000815	0.009959	-0.068180	-0.068180	288020365.379298
2019-01-30	-0.001837	-0.000825	0.028680	-0.013433	-0.001837	263325495.846819
2019-01-29	0.016829	0.004257	0.035818	-0.026239	0.016829	284671371.667909
2019-01-28	-0.081763	-0.001168	-0.000968	-0.119931	-0.081763	470040283.834341
2019-01-27	0.021765	0.002172	0.070778	-0.011184	0.021765	395857212.870531
2019-01-26	0.070667	-0.000318	0.084133	-0.006969	0.070667	287822262.162556
2019-01-25	-0.005293	0.003008	0.007230	-0.013705	-0.005293	207081805.678471
2019-01-24	0.013251	-0.002505	0.024900	-0.013306	0.013251	171347506.734605
2019-01-23	0.006541	-0.001631	0.033866	-0.019851	0.006541	263548454.590420
2019-01-22	0.030247	-0.001646	0.042954	-0.010915	0.030247	247836123.975781
2019-01-21	0.072905	-0.000345	0.073944	-0.007003	0.072905	230873326.520738
2019-01-20	-0.028404	-0.000944	0.007601	-0.047725	-0.028404	130983395.352544
2019-01-19	-0.009411	-0.001263	0.009734	-0.040484	-0.009411	149301841.638920
2019-01-18	-0.020510	-0.000975	0.012309	-0.021312	-0.020510	138895642.916260
2019-01-17	0.005591	-0.000587	0.034555	-0.035478	0.005591	193853594.245134
2019-01-16	0.025313	-0.003138	0.032375	-0.016986	0.025313	172007502.554382
2019-01-15	-0.043352	0.017920	0.031873	-0.068424	-0.043352	269270597.475056
2019-01-14	0.205806	0.000688	0.218086	-0.006509	0.205806	447035750.873475
2019-01-13	-0.094054	0.001012	0.005084	-0.102991	-0.094054	170493613.485337
2019-01-12	-0.064803	-0.001259	-0.000476	-0.079223	-0.064803	228910148.803252
2019-01-11	-0.027807	-0.003718	0.078835	-0.037701	-0.027807	377913706.268487
2019-01-10	-0.090468	0.004432	0.204349	-0.135787	-0.090468	972801038.875568
2019-01-09	0.079044	0.001423	0.128615	-0.022079	0.079044	313368063.999989
2019-01-08	0.115868	0.004915	0.129754	-0.017682	0.115868	320028398.908946
2019-01-07	0.025945	0.002134	0.048154	-0.008946	0.025945	150320430.520045
2019-01-06	0.031886	0.001293	0.058558	-0.019389	0.031886	151845151.578330
2019-01-05	0.037293	-0.004254	0.091991	-0.004254	0.037293	213153343.908657
2019-01-04	0.069912	-0.002636	0.086068	-0.011649	0.069912	157943635.862190
2019-01-03	-0.006619	-0.002966	0.029716	-0.022542	-0.006619	110250990.566433
2019-01-02	0.033763	0.001681	0.042179	-0.015995	0.033763	94380029.822464
2019-01-01	0.039054	0.003500	0.043929	-0.004227	0.039054	72033015.891642
2018-12-31	-0.056200	0.001306	0.002705	-0.056200	-0.056200	65808387.974189
2018-12-30	-0.002845	0.002112	0.021919	-0.014764	-0.002845	71517430.282013
2018-12-29	-0.041407	0.001009	0.007650	-0.041407	-0.041407	97614432.696951
2018-12-28	0.128757	0.001340	0.136887	-0.018445	0.128757	125947732.659496
2018-12-27	-0.095848	-0.000523	0.003906	-0.100453	-0.095848	101383039.452004
2018-12-26	0.021987	0.000159	0.045603	-0.020708	0.021987	126978262.570274
2018-12-25	-0.050419	-0.000599	-0.000599	-0.111360	-0.050419	134753601.503459
2018-12-24	0.007596	-0.000148	0.132007	-0.010619	0.007596	189212251.333477
2018-12-23	-0.002641	0.003308	0.049291	-0.016466	-0.002641	137162933.799989
2018-12-22	0.047219	0.000484	0.068485	-0.066504	0.047219	205134522.632384
2018-12-21	0.151653	-0.003542	0.296873	-0.012714	0.151653	297256275.930837
2018-12-20	0.109754	-0.008725	0.119068	-0.010978	0.109754	153780390.908284
2018-12-19	0.056255	0.004884	0.183470	0.003460	0.056255	154903028.512811
2018-12-18	0.042902	-0.000429	0.044586	-0.021243	0.042902	85124713.371195
2018-12-17	0.092072	0.000981	0.116817	-0.000072	0.092072	76507901.981277
2018-12-16	0.018577	-0.000135	0.042781	-0.002560	0.018577	50617473.104869
2018-12-15	0.000711	0.001073	0.012134	-0.014466	0.000711	40979879.980612
2018-12-14	-0.021660	-0.000254	0.009030	-0.034403	-0.021660	57158874.242616
2018-12-13	-0.022071	-0.001238	0.008364	-0.027403	-0.022071	84620147.482325
2018-12-12	0.004630	0.000000	0.026881	-0.004549	0.004630	65379207.002258
2018-12-11	-0.001906	-0.001863	0.011836	-0.017137	-0.001906	67716703.491556
2018-12-10	-0.022641	-0.001267	0.011019	-0.036214	-0.022641	58353051.668299
2018-12-09	0.011752	-0.003777	0.038912	-0.009953	0.011752	58390961.622412
2018-12-08	0.018309	0.001206	0.040617	-0.025368	0.018309	69080664.767379
2018-12-07	0.031830	0.001268	0.045472	-0.038924	0.031830	97661556.570039
2018-12-06	-0.081366	-0.001012	0.039093	-0.081366	-0.081366	82841981.230316
2018-12-05	-0.031927	0.001857	0.020650	-0.031927	-0.031927	69577290.066247
2018-12-04	0.039273	-0.002336	0.099801	-0.023811	0.039273	77358762.070445
2018-12-03	-0.071484	0.001562	0.002470	-0.088958	-0.071484	73121094.622590
2018-12-02	-0.016367	-0.001772	0.023713	-0.029032	-0.016367	62667775.719047
2018-12-01	0.055138	0.004361	0.079085	-0.030135	0.055138	87112117.684532
2018-11-30	-0.083101	0.005383	0.005383	-0.135588	-0.083101	109408267.881731
2018-11-29	0.071344	0.003259	0.152675	-0.015008	0.071344	179257156.916231
2018-11-28	0.235673	-0.000818	0.322528	-0.000818	0.235673	144929000.000000
2018-11-27	0.016706	0.000703	0.026594	-0.033463	0.016706	55086700.000000
2018-11-26	-0.057577	-0.004768	0.038107	-0.089138	-0.057577	71673900.000000
2018-11-25	-0.013970	-0.003164	0.011794	-0.132177	-0.013970	79478000.000000
2018-11-24	-0.082042	0.000293	0.023768	-0.115993	-0.082042	68651200.000000
2018-11-23	-0.014881	-0.003445	0.003308	-0.046605	-0.014881	61201000.000000
2018-11-22	-0.057726	-0.000020	0.006173	-0.057726	-0.057726	58052500.000000
2018-11-21	0.064092	0.009755	0.080206	-0.024575	0.064092	101730000.000000
2018-11-20	-0.124255	-0.003309	0.031323	-0.187800	-0.124255	131001000.000000
2018-11-19	-0.161587	-0.000159	0.000345	-0.167486	-0.161587	103267000.000000
2018-11-18	0.002137	0.002116	0.017226	-0.006428	0.002137	82353500.000000
2018-11-17	-0.004625	0.000328	0.000778	-0.020692	-0.004625	58196600.000000
2018-11-16	-0.009457	-0.000896	0.021786	-0.020345	-0.009457	66279000.000000
2018-11-15	-0.014654	0.002061	0.010470	-0.093678	-0.014654	86974800.000000
2018-11-14	-0.119940	-0.002391	-0.002391	-0.165229	-0.119940	92991300.000000
2018-11-13	-0.021045	-0.002421	0.001638	-0.023933	-0.021045	60343200.000000
2018-11-12	-0.014896	0.002455	0.005396	-0.025843	-0.014896	60384600.000000
2018-11-11	-0.009208	-0.000421	0.000916	-0.018229	-0.009208	46834800.000000
2018-11-10	-0.000204	0.000304	0.008190	-0.012685	-0.000204	50249500.000000
2018-11-09	-0.003747	-0.001259	0.008155	-0.011616	-0.003747	52900400.000000
2018-11-08	-0.027753	-0.000332	0.020173	-0.031265	-0.027753	59261300.000000
2018-11-07	-0.026497	-0.002432	0.057892	-0.031874	-0.026497	124654000.000000
2018-11-06	0.028482	0.002144	0.065209	-0.008520	0.028482	117452000.000000
2018-11-05	0.020285	-0.001134	0.030937	-0.008589	0.020285	77425400.000000
2018-11-04	0.025220	-0.000388	0.034418	-0.011951	0.025220	85125200.000000
2018-11-03	-0.006956	0.000210	0.000210	-0.015525	-0.006956	65167000.000000
2018-11-02	0.012607	0.000199	0.023863	-0.002427	0.012607	72574300.000000
2018-11-01	0.017254	0.000099	0.068773	-0.003605	0.017254	59714000.000000
2018-10-31	0.000054	0.001451	0.002970	-0.024988	0.000054	61235400.000000
2018-10-30	0.000275	-0.001023	0.008015	-0.006897	0.000275	59288100.000000
2018-10-29	-0.058174	-0.002709	0.001240	-0.068287	-0.058174	71341500.000000
2018-10-28	0.012078	0.006183	0.013281	0.001328	0.012078	68048500.000000
2018-10-27	-0.013212	0.002171	0.007132	-0.032596	-0.013212	68108100.000000
2018-10-26	0.019085	-0.002519	0.023829	-0.010966	0.019085	82337400.000000
2018-10-25	-0.014306	-0.000119	0.000319	-0.023774	-0.014306	81264400.000000
2018-10-24	0.000115	-0.003403	0.014704	-0.003514	0.000115	63083100.000000
2018-10-23	-0.014015	0.000349	0.002852	-0.031960	-0.014015	80184600.000000
2018-10-22	-0.015940	-0.000285	0.005889	-0.021900	-0.015940	81313000.000000
2018-10-21	0.001648	-0.000770	0.020131	-0.007915	0.001648	92125200.000000
2018-10-20	0.003431	0.000744	0.008017	-0.004806	0.003431	87168500.000000
2018-10-19	-0.008117	-0.001005	0.002295	-0.015253	-0.008117	83554800.000000
2018-10-18	0.001535	0.000186	0.029042	-0.009338	0.001535	113584000.000000
2018-10-17	-0.005115	0.002623	0.006138	-0.024312	-0.005115	103220000.000000
2018-10-16	-0.028842	0.001997	0.001997	-0.034220	-0.028842	103826000.000000
2018-10-15	0.061780	-0.004788	0.092107	-0.026369	0.061780	197544000.000000
2018-10-14	0.002449	0.002088	0.042963	-0.002618	0.002449	146316000.000000
2018-10-13	0.036371	-0.001614	0.051153	-0.001614	0.036371	149554000.000000
2018-10-12	0.086410	-0.008094	0.128767	-0.011888	0.086410	183447000.000000
2018-10-11	-0.174544	-0.001933	-0.001933	-0.176768	-0.174544	172387000.000000
2018-10-10	-0.026994	-0.004590	-0.004567	-0.054570	-0.026994	165671000.000000
2018-10-09	-0.020089	-0.000722	0.007600	-0.049383	-0.020089	188256000.000000
2018-10-08	-0.010530	0.005083	0.043709	-0.028930	-0.010530	302834000.000000
2018-10-07	0.133271	0.002547	0.147870	-0.002214	0.133271	299132000.000000
2018-10-06	0.018896	0.004331	0.042952	-0.013014	0.018896	162799000.000000
2018-10-05	0.025213	0.001524	0.025684	-0.011483	0.025213	139745000.000000
2018-10-04	0.051056	0.000898	0.084524	0.000671	0.051056	148666000.000000
2018-10-03	-0.022306	-0.001616	-0.001616	-0.038221	-0.022306	107097000.000000
2018-10-02	0.001850	0.000227	0.014883	-0.006825	0.001850	111868000.000000
2018-10-01	-0.005094	0.002224	0.007453	-0.020709	-0.005094	110444000.000000
2018-09-30	0.005886	0.000626	0.025255	-0.005596	0.005886	117217000.000000
2018-09-29	0.002616	-0.002034	0.007585	-0.029767	0.002616	108096000.000000
2018-09-28	-0.023526	-0.000013	0.020234	-0.046590	-0.023526	114936000.000000
2018-09-27	0.070360	0.003281	0.084166	-0.013354	0.070360	124196000.000000
2018-09-26	-0.011870	-0.000273	0.032420	-0.042110	-0.011870	110081000.000000
2018-09-25	-0.036607	-0.002689	-0.002689	-0.082105	-0.036607	126284000.000000
2018-09-24	-0.071568	-0.002207	0.012689	-0.076780	-0.071568	116603000.000000
2018-09-23	0.026571	0.000967	0.061647	-0.003525	0.026571	138225000.000000
2018-09-22	-0.070388	-0.000951	0.017617	-0.101334	-0.070388	173243000.000000
2018-09-21	0.164270	0.004357	0.205684	-0.002662	0.164270	283823000.000000
2018-09-20	0.084027	0.000440	0.099691	-0.000663	0.084027	135790000.000000
2018-09-19	0.018763	-0.001707	0.040264	-0.019408	0.018763	114381000.000000
2018-09-18	0.047085	-0.002122	0.057481	-0.006572	0.047085	100841000.000000
2018-09-17	-0.072967	-0.000946	0.015419	-0.081297	-0.072967	109688000.000000
2018-09-16	0.002117	-0.000381	0.009346	-0.027467	0.002117	102132000.000000
2018-09-15	0.005062	-0.000479	0.028015	-0.000479	0.005062	94169900.000000
2018-09-14	-0.005680	0.001795	0.036976	-0.033667	-0.005680	117114000.000000
2018-09-13	0.093359	0.002565	0.118646	0.002565	0.093359	124862000.000000
2018-09-12	-0.023238	0.000177	0.005654	-0.077081	-0.023238	109120000.000000
2018-09-11	-0.036365	0.001765	0.014137	-0.065089	-0.036365	106212000.000000
2018-09-10	0.000857	0.037372	0.047989	-0.012161	0.000857	101717000.000000
2018-09-09	0.002744	-0.000021	0.048525	-0.016865	0.002744	97726800.000000
2018-09-08	-0.062320	-0.000049	0.016460	-0.075586	-0.062320	98754400.000000
2018-09-07	-0.048466	-0.002093	0.011273	-0.056902	-0.048466	110765000.000000
2018-09-06	-0.007602	-0.006942	-0.004434	-0.063127	-0.007602	142361000.000000
2018-09-05	-0.136412	0.000578	0.007899	-0.136412	-0.136412	150148000.000000
2018-09-04	0.008699	0.000883	0.028390	-0.001630	0.008699	96674400.000000
2018-09-03	-0.020894	0.002753	0.005291	-0.034687	-0.020894	91449300.000000
2018-09-02	-0.038289	-0.000605	0.000038	-0.061821	-0.038289	104754000.000000
2018-09-01	0.049114	0.001491	0.066933	0.001491	0.049114	109153000.000000
2018-08-31	0.017998	-0.000129	0.022758	-0.019978	0.017998	106949000.000000
2018-08-30	-0.020798	-0.000228	0.017986	-0.077170	-0.020798	119155000.000000
2018-08-29	-0.052952	-0.002943	0.012284	-0.067769	-0.052952	143515000.000000
2018-08-28	0.097596	0.000801	0.122351	-0.007424	0.097596	166567000.000000
2018-08-27	0.074499	0.000874	0.075228	-0.010578	0.074499	107457000.000000
2018-08-26	0.012611	-0.001935	0.023100	-0.047165	0.012611	97504300.000000
2018-08-25	0.040479	-0.001250	0.047561	-0.017537	0.040479	88818800.000000
2018-08-24	0.040215	0.001622	0.042473	-0.011381	0.040215	90424900.000000
2018-08-23	0.053708	-0.001192	0.054287	-0.002963	0.053708	82585900.000000
2018-08-22	-0.061467	-0.000243	0.057877	-0.078851	-0.061467	96828800.000000
2018-08-21	0.016538	-0.003267	0.030356	-0.021359	0.016538	98379000.000000
2018-08-20	-0.071949	-0.001199	0.019871	-0.082670	-0.071949	99473200.000000
2018-08-19	0.029798	-0.002239	0.055114	-0.028198	0.029798	97137100.000000
2018-08-18	-0.071373	0.005305	0.054595	-0.115556	-0.071373	141608000.000000
2018-08-17	0.192594	-0.000266	0.196656	-0.004923	0.192594	152305000.000000
2018-08-16	0.004007	-0.000144	0.031389	-0.012117	0.004007	103582000.000000
2018-08-15	0.020164	0.005252	0.093417	0.005252	0.020164	136496000.000000
2018-08-14	-0.015675	0.004261	0.008057	-0.139251	-0.015675	108349000.000000
2018-08-13	-0.142537	0.002422	0.021160	-0.148569	-0.142537	124043000.000000
2018-08-12	-0.001486	0.000783	0.025126	-0.006942	-0.001486	101854000.000000
2018-08-11	-0.050693	-0.000113	0.002070	-0.071959	-0.050693	119307000.000000
2018-08-10	-0.081700	-0.002968	0.005536	-0.095843	-0.081700	134155000.000000
2018-08-09	0.059615	0.001981	0.082534	-0.024773	0.059615	142877000.000000
2018-08-08	-0.121445	-0.001267	-0.001267	-0.145496	-0.121445	147343000.000000
2018-08-07	-0.046586	-0.000486	0.025787	-0.051434	-0.046586	116330000.000000
2018-08-06	-0.036309	0.001642	0.023021	-0.046949	-0.036309	118348000.000000
2018-08-05	0.048268	-0.000017	0.059086	-0.020029	0.048268	124479000.000000
2018-08-04	-0.054552	-0.000154	0.018999	-0.064571	-0.054552	128197000.000000
2018-08-03	-0.029703	-0.000336	0.003805	-0.063627	-0.029703	154910000.000000
2018-08-02	-0.033842	0.001023	0.020859	-0.050531	-0.033842	148160000.000000
2018-08-01	-0.037809	0.001206	0.003225	-0.061826	-0.037809	140270000.000000
2018-07-31	-0.069299	0.001270	0.001270	-0.079548	-0.069299	211254000.000000
2018-07-30	-0.070953	-0.003563	0.004753	-0.098104	-0.070953	254606000.000000
2018-07-29	0.066723	0.000171	0.102426	-0.001172	0.066723	310647008.000000
2018-07-28	0.007607	0.000047	0.009977	-0.016395	0.007607	183664000.000000
2018-07-27	0.014118	-0.001625	0.029151	-0.021772	0.014118	218420992.000000
2018-07-26	-0.030330	-0.000741	0.037390	-0.045092	-0.030330	190784992.000000
2018-07-25	-0.025848	-0.008090	0.017643	-0.047669	-0.025848	221752992.000000
2018-07-24	0.118778	0.000558	0.141325	-0.033948	0.118778	323728992.000000
2018-07-23	-0.030239	-0.000840	0.028112	-0.030797	-0.030239	194284000.000000
2018-07-22	-0.013482	-0.001677	0.020689	-0.015215	-0.013482	189920992.000000
2018-07-21	0.019968	0.000819	0.040302	-0.026199	0.019968	210056992.000000
2018-07-20	-0.079403	-0.000377	-0.000377	-0.087679	-0.079403	225139008.000000
2018-07-19	-0.043980	-0.005171	-0.005146	-0.054403	-0.043980	259096992.000000
2018-07-18	-0.002465	-0.002862	0.083435	-0.015833	-0.002465	284600992.000000
2018-07-17	0.059658	-0.001767	0.080651	-0.036409	0.059658	228396992.000000
2018-07-16	0.091857	0.001152	0.091857	-0.005416	0.091857	211212000.000000
2018-07-15	0.027979	-0.000233	0.045622	-0.007849	0.027979	180511008.000000
2018-07-14	0.002681	-0.001389	0.014694	-0.020201	0.002681	170704000.000000
2018-07-13	0.034498	0.001573	0.069118	0.001573	0.034498	179488000.000000
2018-07-12	-0.040220	-0.000250	-0.000235	-0.064911	-0.040220	162156992.000000
2018-07-11	-0.000280	-0.001899	0.028120	-0.021139	-0.000280	173036992.000000
2018-07-10	-0.061744	0.000782	0.007210	-0.083312	-0.061744	132760000.000000
2018-07-09	-0.035102	0.000062	0.001730	-0.035533	-0.035102	144390000.000000
2018-07-08	-0.032175	-0.000621	0.006647	-0.033592	-0.032175	104921000.000000
2018-07-07	0.036741	-0.001295	0.036741	-0.023473	0.036741	96368304.000000
2018-07-06	-0.023406	-0.000475	0.001706	-0.067660	-0.023406	119639000.000000
2018-07-05	-0.026577	0.007824	0.022419	-0.038293	-0.026577	118836000.000000
2018-07-04	0.000715	-0.000399	0.035331	-0.035992	0.000715	132730000.000000
2018-07-03	-0.016737	-0.000008	0.030623	-0.026163	-0.016737	182019008.000000
2018-07-02	0.043386	-0.006385	0.068151	-0.022075	0.043386	174376992.000000
2018-07-01	-0.014010	0.000403	0.007704	-0.038724	-0.014010	112292000.000000
2018-06-30	0.031864	0.001133	0.074252	-0.001732	0.031864	182466000.000000
2018-06-29	0.015595	-0.002714	0.026060	-0.053421	0.015595	149928992.000000
2018-06-28	-0.059549	0.002578	0.018445	-0.067795	-0.059549	104241000.000000
2018-06-27	0.018948	-0.001965	0.037330	-0.015073	0.018948	99853600.000000
2018-06-26	-0.096521	0.001247	0.002354	-0.096521	-0.096521	93775000.000000
2018-06-25	-0.002602	-0.001613	0.024595	-0.029312	-0.002602	146474000.000000
2018-06-24	-0.038912	0.000394	0.003613	-0.127373	-0.038912	235740000.000000
2018-06-23	0.024189	0.003308	0.036756	-0.014019	0.024189	151474000.000000
2018-06-22	-0.112800	-0.000191	0.006436	-0.131066	-0.112800	242306000.000000
2018-06-21	-0.015670	-0.003802	0.015929	-0.038746	-0.015670	214723008.000000
2018-06-20	-0.002206	0.001568	0.002875	-0.088275	-0.002206	400321984.000000
2018-06-19	0.097725	0.001816	0.133285	-0.006382	0.097725	360852000.000000
2018-06-18	0.057395	-0.001845	0.071046	-0.026960	0.057395	173063008.000000
2018-06-17	-0.013111	-0.001196	0.009027	-0.015194	-0.013111	114357000.000000
2018-06-16	0.008038	-0.001666	0.019009	-0.024763	0.008038	137208000.000000
2018-06-15	-0.056074	0.004410	0.014462	-0.063479	-0.056074	210247008.000000
2018-06-14	0.093519	-0.001765	0.101096	-0.023273	0.093519	283351008.000000
2018-06-13	-0.055689	0.000591	0.009674	-0.114417	-0.055689	242384000.000000
2018-06-12	-0.099272	-0.001184	-0.000340	-0.122631	-0.099272	199435008.000000
2018-06-11	0.017222	-0.002969	0.023186	-0.048051	0.017222	254203008.000000
2018-06-10	-0.160163	-0.000338	-0.000338	-0.197679	-0.160163	330216000.000000
2018-06-09	-0.007282	0.002489	0.028555	-0.007282	-0.007282	171568992.000000
2018-06-08	-0.021124	-0.002365	-0.000474	-0.034443	-0.021124	176148000.000000
2018-06-07	-0.009919	0.000407	0.015828	-0.017127	-0.009919	164796000.000000
2018-06-06	-0.019293	0.000731	0.001197	-0.035366	-0.019293	188314000.000000
2018-06-05	0.023627	0.000689	0.027787	-0.031118	0.023627	220480992.000000
2018-06-04	-0.045169	0.000641	0.008219	-0.060014	-0.045169	216791008.000000
2018-06-03	0.012980	-0.000441	0.036153	-0.006696	0.012980	250455008.000000
2018-06-02	0.042194	0.001872	0.077166	-0.016495	0.042194	297120992.000000
2018-06-01	-0.030293	0.001179	0.017568	-0.068145	-0.030293	268287008.000000
2018-05-31	-0.029827	0.000542	0.025627	-0.047325	-0.029827	371256992.000000
2018-05-30	-0.040102	0.001546	0.047284	-0.072786	-0.040102	463945984.000000
2018-05-29	0.071816	0.007305	0.087220	-0.053873	0.071816	569742976.000000
2018-05-28	-0.140901	0.000710	0.002108	-0.147231	-0.140901	493598016.000000
2018-05-27	-0.035003	-0.002477	0.003946	-0.051689	-0.035003	311443008.000000
2018-05-26	0.026423	-0.002973	0.070790	-0.011177	0.026423	334004992.000000
2018-05-25	-0.024844	0.001451	0.002519	-0.049633	-0.024844	301519008.000000
2018-05-24	0.046485	0.003417	0.064981	-0.016428	0.046485	587902016.000000
2018-05-23	-0.066570	0.003246	0.024947	-0.093787	-0.066570	608060032.000000
2018-05-22	-0.091629	-0.001517	0.010123	-0.098403	-0.091629	498436000.000000
2018-05-21	0.066113	0.005577	0.096534	0.001456	0.066113	802233024.000000
2018-05-20	0.117512	0.001814	0.130926	-0.009693	0.117512	470467008.000000
2018-05-19	-0.003501	0.001356	0.016969	-0.025488	-0.003501	206880992.000000
2018-05-18	0.028913	-0.006142	0.031033	-0.036480	0.028913	263304992.000000
2018-05-17	-0.062780	-0.000581	0.020673	-0.079187	-0.062780	304225984.000000
2018-05-16	0.049423	-0.005460	0.052763	-0.065551	0.049423	492396000.000000
2018-05-15	-0.058324	0.000365	0.011085	-0.072202	-0.058324	287628000.000000
2018-05-14	-0.037040	0.006553	0.006553	-0.065346	-0.037040	463712000.000000
2018-05-13	0.100131	0.006146	0.120470	-0.010896	0.100131	601064000.000000
2018-05-12	0.042431	0.003772	0.086494	-0.080345	0.042431	615174016.000000
2018-05-11	-0.103849	0.000368	0.049410	-0.131400	-0.103849	836388992.000000
2018-05-10	-0.091751	0.000007	0.007436	-0.096902	-0.091751	352612992.000000
2018-05-09	-0.024856	-0.001105	-0.001105	-0.050350	-0.024856	357911008.000000
2018-05-08	-0.000183	0.003832	0.035496	-0.028003	-0.000183	372063008.000000
2018-05-07	-0.019956	0.002214	0.002214	-0.059703	-0.019956	412406016.000000
2018-05-06	-0.026684	-0.000048	-0.000048	-0.059647	-0.026684	388707008.000000
2018-05-05	0.003360	-0.006893	0.046817	-0.007187	0.003360	476743008.000000
2018-05-04	-0.006067	-0.002928	0.017474	-0.071644	-0.006067	727056000.000000
2018-05-03	-0.044383	-0.000822	0.000451	-0.075103	-0.044383	789150976.000000
2018-05-02	-0.021031	-0.006385	-0.003455	-0.034135	-0.021031	401505984.000000
2018-05-01	-0.004439	-0.000335	0.005356	-0.074681	-0.004439	1043369984.000000
2018-04-30	0.051955	0.005730	0.135193	-0.034138	0.051955	1749639936.000000
2018-04-29	0.091635	0.000413	0.106151	-0.011979	0.091635	1161459968.000000
2018-04-28	0.102992	-0.003105	0.137579	-0.003105	0.102992	718297984.000000
2018-04-27	-0.007094	0.004401	0.061533	-0.036562	-0.007094	717529984.000000
2018-04-26	0.065005	-0.000451	0.065005	-0.046628	0.065005	759337024.000000
2018-04-25	-0.045603	-0.022883	0.109492	-0.093957	-0.045603	2124440064.000000
2018-04-24	0.253043	-0.003353	0.323222	-0.022629	0.253043	1561020032.000000
2018-04-23	0.116854	0.000193	0.116854	-0.000691	0.116854	472464000.000000
2018-04-22	-0.023412	-0.005032	0.015521	-0.034272	-0.023412	319432000.000000
2018-04-21	0.000065	-0.000259	0.054890	-0.073635	0.000065	715849024.000000
2018-04-20	0.086676	-0.005226	0.086676	-0.024160	0.086676	477675008.000000
2018-04-19	0.039370	-0.001930	0.090185	-0.012853	0.039370	587153984.000000
2018-04-18	0.128341	-0.002612	0.128341	-0.002852	0.128341	475425984.000000
2018-04-17	0.020843	0.000465	0.051963	-0.013479	0.020843	359111008.000000
2018-04-16	-0.039908	-0.001699	0.021684	-0.064006	-0.039908	296337984.000000
2018-04-15	0.073990	0.001290	0.081686	0.000060	0.073990	306262016.000000
2018-04-14	0.025763	-0.008227	0.064324	-0.011245	0.025763	307575008.000000
2018-04-13	-0.014119	-0.003786	0.092543	-0.033871	-0.014119	484566016.000000
2018-04-12	0.090797	-0.003540	0.099231	-0.028458	0.090797	415956992.000000
2018-04-11	-0.017781	-0.002077	0.015314	-0.025100	-0.017781	301439008.000000
2018-04-10	0.032761	0.000990	0.039504	-0.020936	0.032761	303561984.000000
2018-04-09	-0.049846	0.000356	0.009410	-0.087524	-0.049846	295115008.000000
2018-04-08	0.015336	-0.002323	0.043730	-0.008877	0.015336	215712992.000000
2018-04-07	0.003936	-0.001059	0.033374	-0.017774	0.003936	245334000.000000
2018-04-06	-0.077356	-0.017989	0.102258	-0.104015	-0.077356	661966976.000000
2018-04-05	0.327754	-0.001351	0.663462	-0.036886	0.327754	1488739968.000000
2018-04-04	-0.134034	-0.003359	0.010276	-0.146109	-0.134034	157468992.000000
2018-04-03	-0.026687	-0.001796	0.002003	-0.063893	-0.026687	240608000.000000
2018-04-02	0.112075	0.003707	0.112075	-0.035155	0.112075	241103008.000000
2018-04-01	-0.053585	-0.000509	0.025603	-0.157927	-0.053585	219372992.000000
2018-03-31	-0.176983	0.000126	0.041032	-0.186208	-0.176983	358492000.000000
2018-03-30	-0.040112	-0.008644	0.060622	-0.090118	-0.040112	349432992.000000
2018-03-29	-0.119118	0.003046	0.036714	-0.119118	-0.119118	483100992.000000
2018-03-28	0.133307	-0.005121	0.149281	-0.011037	0.133307	280836000.000000
2018-03-27	-0.029363	-0.000110	0.039522	-0.088050	-0.029363	274910016.000000
2018-03-26	-0.020584	0.000656	0.025087	-0.129119	-0.020584	327374016.000000
2018-03-25	-0.089770	-0.007260	-0.003365	-0.098818	-0.089770	320430016.000000
2018-03-24	0.210084	0.014097	0.288094	-0.001121	0.210084	706931008.000000
2018-03-23	0.084719	-0.001883	0.084719	-0.074997	0.084719	230134000.000000
2018-03-22	0.022042	0.001415	0.053104	-0.069637	0.022042	227472000.000000
2018-03-21	-0.026396	-0.000722	0.050558	-0.046268	-0.026396	232926000.000000
2018-03-20	0.177624	0.011256	0.246877	-0.028878	0.177624	250396992.000000
2018-03-19	0.130775	0.012201	0.152818	-0.013983	0.130775	183591008.000000
2018-03-18	0.009271	-0.002560	0.036272	-0.184818	0.009271	127381000.000000
2018-03-17	-0.058455	0.001501	0.006328	-0.070269	-0.058455	116472000.000000
2018-03-16	-0.000007	-0.002327	0.037375	-0.038677	-0.000007	149356000.000000
2018-03-15	-0.030190	-0.000306	0.004305	-0.086932	-0.030190	169547008.000000
2018-03-14	-0.130713	-0.000725	0.016699	-0.153662	-0.130713	197406000.000000
2018-03-13	-0.011223	-0.004525	0.027405	-0.044470	-0.011223	200526000.000000
2018-03-12	-0.066738	-0.003991	0.020470	-0.105159	-0.066738	228564992.000000
2018-03-11	0.108453	-0.005056	0.125771	-0.041116	0.108453	266342000.000000
2018-03-10	-0.055513	-0.001076	0.032498	-0.067503	-0.055513	253447008.000000
2018-03-09	0.015250	-0.001694	0.026830	-0.153628	0.015250	295228992.000000
2018-03-08	-0.056374	-0.002945	0.025730	-0.086088	-0.056374	236262000.000000
2018-03-07	-0.121866	-0.000316	0.021398	-0.207975	-0.121866	290193984.000000
2018-03-06	-0.060246	-0.000701	0.018172	-0.068607	-0.060246	262251008.000000
2018-03-05	-0.021437	-0.000962	0.002172	-0.029527	-0.021437	284713984.000000
2018-03-04	-0.022832	-0.002633	0.015477	-0.035899	-0.022832	314648992.000000
2018-03-03	-0.076088	-0.007965	-0.003953	-0.098131	-0.076088	399204992.000000
2018-03-02	0.083930	-0.003007	0.156151	-0.025637	0.083930	824566016.000000
2018-03-01	0.126787	0.003772	0.135512	-0.022689	0.126787	318231008.000000
2018-02-28	0.014493	0.000117	0.085979	-0.047888	0.014493	298758016.000000
2018-02-27	0.023046	0.000553	0.031859	-0.013936	0.023046	219795008.000000
2018-02-26	0.047270	0.000404	0.075478	-0.022155	0.047270	189976000.000000
2018-02-25	-0.025554	-0.002636	0.016460	-0.044504	-0.025554	182260000.000000
2018-02-24	-0.045381	-0.000441	0.063748	-0.081649	-0.045381	194792992.000000
2018-02-23	0.054100	-0.009829	0.070742	-0.037744	0.054100	159880992.000000
2018-02-22	-0.087609	-0.002669	0.035130	-0.111911	-0.087609	162732992.000000
2018-02-21	-0.048676	0.001026	0.029319	-0.083782	-0.048676	179052992.000000
2018-02-20	-0.090819	-0.000105	0.010324	-0.096657	-0.090819	198212992.000000
2018-02-19	0.039032	-0.001018	0.062384	-0.004883	0.039032	178480992.000000
2018-02-18	-0.096659	0.000381	0.007233	-0.113006	-0.096659	195043008.000000
2018-02-17	0.047000	-0.005604	0.047000	-0.028218	0.047000	231988000.000000
2018-02-16	0.128024	-0.000157	0.141638	-0.002512	0.128024	310512992.000000
2018-02-15	0.012195	-0.000292	0.054877	-0.018484	0.012195	178912992.000000
2018-02-14	0.059508	-0.001400	0.078255	-0.007708	0.059508	186660000.000000
2018-02-13	-0.059860	-0.000286	0.007943	-0.078450	-0.059860	178960992.000000
2018-02-12	0.087625	0.004776	0.120092	0.004776	0.087625	219120000.000000
2018-02-11	-0.129332	-0.002782	-0.002782	-0.177274	-0.129332	273583008.000000
2018-02-10	0.015256	-0.011329	0.166235	-0.066441	0.015256	470408992.000000
2018-02-09	0.306120	0.001634	0.306120	-0.048302	0.306120	176363008.000000
2018-02-08	0.121524	-0.002379	0.161905	-0.002379	0.121524	193436992.000000
2018-02-07	-0.102304	-0.006653	0.067957	-0.125348	-0.102304	204200000.000000
2018-02-06	0.209437	0.006850	0.225803	-0.167479	0.209437	271110016.000000
2018-02-05	-0.204893	-0.003770	0.025569	-0.260412	-0.204893	167296992.000000
2018-02-04	-0.147038	0.001183	0.034802	-0.189411	-0.147038	169960992.000000
2018-02-03	0.090026	0.005777	0.160278	-0.140177	0.090026	241928992.000000
2018-02-02	-0.117426	-0.004004	-0.004004	-0.327429	-0.117426	363928992.000000
2018-02-01	-0.151074	0.005496	0.075460	-0.207384	-0.151074	288656000.000000
2018-01-31	0.012885	0.003661	0.012885	-0.076737	0.012885	251080992.000000
2018-01-30	-0.159991	0.001002	0.001859	-0.194050	-0.159991	267126000.000000
2018-01-29	-0.022811	-0.000970	0.019453	-0.036366	-0.022811	256876000.000000
2018-01-28	-0.042779	0.007221	0.035857	-0.049302	-0.042779	276320992.000000
2018-01-27	0.026893	-0.002031	0.041965	-0.024866	0.026893	282556992.000000
2018-01-26	-0.031058	-0.002413	0.033291	-0.122244	-0.031058	381401984.000000
2018-01-25	-0.023503	0.011800	0.046296	-0.048261	-0.023503	362497984.000000
2018-01-24	0.026966	0.000360	0.083835	-0.023816	0.026966	505468992.000000
2018-01-23	-0.039769	-0.002822	0.036736	-0.119321	-0.039769	409592000.000000
2018-01-22	0.003169	0.010692	0.163280	-0.103328	0.003169	623766976.000000
2018-01-21	-0.164495	-0.003910	0.005825	-0.196944	-0.164495	561259008.000000
2018-01-20	0.058412	0.008185	0.102172	0.001352	0.058412	626438976.000000
2018-01-19	-0.032218	-0.009264	0.059556	-0.122439	-0.032218	706521984.000000
2018-01-18	0.099919	0.010704	0.466051	-0.027542	0.099919	1392329984.000000
2018-01-17	0.387884	-0.012691	0.547309	-0.180539	0.387884	1326569984.000000
2018-01-16	-0.280155	0.004634	0.008940	-0.464294	-0.280155	695308992.000000
2018-01-15	-0.107198	0.001264	0.154683	-0.201236	-0.107198	1013430016.000000
2018-01-14	-0.177150	-0.003892	0.001301	-0.182109	-0.177150	714278976.000000
2018-01-13	-0.053492	-0.001507	0.095179	-0.080435	-0.053492	819091008.000000
2018-01-12	-0.002035	0.006619	0.035194	-0.038403	-0.002035	679499008.000000
2018-01-11	-0.158028	0.009834	0.009834	-0.247992	-0.158028	1074579968.000000
2018-01-10	0.038235	0.017935	0.096128	-0.219159	0.038235	1729920000.000000
2018-01-09	-0.179028	0.014290	0.029442	-0.302843	-0.179028	1262109952.000000
2018-01-08	-0.238722	0.027748	0.027748	-0.340953	-0.238722	1532320000.000000
2018-01-07	0.142211	-0.006402	0.142211	-0.166479	0.142211	1750349952.000000
2018-01-06	-0.207468	0.017882	0.052672	-0.350960	-0.207468	2437349888.000000
2018-01-05	0.060493	0.007717	0.444233	-0.150317	0.060493	3864399872.000000
2018-01-04	1.196070	0.002295	1.292583	0.002295	1.196070	4089410048.000000
2018-01-03	0.203619	-0.000423	0.203622	-0.131872	0.203619	1136850048.000000
2018-01-02	0.522049	0.007270	0.682746	0.007270	0.522049	1604039936.000000
2018-01-01	0.155145	-0.001562	0.180143	-0.030202	0.155145	516798016.000000
2017-12-31	0.229014	-0.007800	0.242913	-0.047561	0.229014	375152000.000000
2017-12-30	0.001766	0.000242	0.067326	-0.143938	0.001766	256698000.000000
2017-12-29	-0.134016	0.000808	0.028304	-0.171932	-0.134016	246896992.000000
2017-12-28	0.139624	-0.002962	0.139624	-0.124173	0.139624	261940992.000000
2017-12-27	-0.026446	-0.000042	0.092349	-0.065266	-0.026446	173156000.000000
2017-12-26	0.075449	0.016218	0.292682	-0.066514	0.075449	263744992.000000
2017-12-25	-0.028479	0.013743	0.154193	-0.080431	-0.028479	189610000.000000
2017-12-24	-0.300872	-0.006140	-0.000940	-0.357716	-0.300872	230931008.000000
2017-12-23	0.325462	0.031384	0.460383	-0.079306	0.325462	503996992.000000
2017-12-22	-0.149994	-0.006687	0.008715	-0.508011	-0.149994	494380000.000000
2017-12-21	-0.059610	0.022157	0.450562	-0.187161	-0.059610	460308000.000000
2017-12-20	0.043443	0.000098	0.043443	-0.217278	0.043443	317193984.000000
2017-12-19	0.050665	-0.003292	0.210143	-0.099666	0.050665	235095008.000000
2017-12-18	0.232066	0.005029	0.296274	-0.098267	0.232066	369401984.000000
2017-12-17	-0.002217	0.038571	0.141067	-0.046090	-0.002217	338444992.000000
2017-12-16	0.967635	-0.001557	1.024971	-0.001557	0.967635	336496000.000000
2017-12-15	0.042035	-0.015280	0.042035	-0.175834	0.042035	139710000.000000
2017-12-14	0.074727	-0.000930	0.218925	-0.081780	0.074727	192816992.000000
2017-12-13	1.162023	0.000074	1.376649	-0.103831	1.162023	174319008.000000
2017-12-12	0.441484	-0.019794	0.453183	-0.071756	0.441484	48699100.000000
2017-12-11	0.198243	0.006330	0.198243	-0.005545	0.198243	20137200.000000
2017-12-10	-0.014654	-0.004717	0.035104	-0.220051	-0.014654	18145200.000000
2017-12-09	0.017943	0.010609	0.089855	-0.020394	0.017943	17520500.000000
2017-12-08	0.028043	0.008504	0.106797	-0.138681	0.028043	21605600.000000
2017-12-07	0.399279	0.025844	0.901140	-0.026391	0.399279	44215300.000000
2017-12-06	0.465160	-0.008168	0.955309	-0.008168	0.465160	33314700.000000
2017-12-05	-0.027496	-0.002467	0.018723	-0.040132	-0.027496	8749920.000000
2017-12-04	0.013209	0.003592	0.024967	-0.031617	0.013209	10447300.000000
2017-12-03	0.020837	0.003469	0.063325	-0.018941	0.020837	7261200.000000
2017-12-02	-0.021387	-0.003682	0.044304	-0.040664	-0.021387	5760180.000000
2017-12-01	-0.056030	-0.001248	0.001235	-0.083336	-0.056030	6294070.000000
2017-11-30	0.084873	0.010603	0.112190	-0.018131	0.084873	4155450.000000
2017-11-29	-0.103877	0.000923	0.130692	-0.161545	-0.103877	7852660.000000
2017-11-28	0.119528	0.000029	0.159536	-0.034459	0.119528	6065010.000000
2017-11-27	-0.035797	0.005842	0.040418	-0.060450	-0.035797	6405580.000000
2017-11-26	0.044044	0.000801	0.069255	-0.037516	0.044044	6245890.000000
2017-11-25	0.011383	0.001126	0.041676	-0.015779	0.011383	4704770.000000
2017-11-24	-0.038048	0.000304	0.027516	-0.064585	-0.038048	4204470.000000
2017-11-23	-0.085753	0.003922	0.054838	-0.112734	-0.085753	4402340.000000
2017-11-22	0.074176	0.001050	0.185147	-0.010007	0.074176	4119730.000000
2017-11-21	0.004527	0.006753	0.030734	-0.060367	0.004527	3417520.000000
2017-11-20	0.066032	-0.004471	0.091487	-0.004471	0.066032	3909200.000000
2017-11-19	-0.013018	-0.003812	0.041751	-0.037895	-0.013018	4289470.000000
2017-11-18	0.022157	-0.002046	0.029541	-0.039500	0.022157	5709820.000000
2017-11-17	-0.101911	-0.010044	-0.009257	-0.117555	-0.101911	5720510.000000
2017-11-16	-0.048718	0.000487	0.006657	-0.215130	-0.048718	5082450.000000
2017-11-15	-0.065499	-0.016418	0.006028	-0.119513	-0.065499	5008060.000000
2017-11-14	0.176758	-0.000284	0.215005	-0.023004	0.176758	4040400.000000
2017-11-13	0.184666	0.007175	0.203953	-0.006670	0.184666	2889150.000000
2017-11-12	-0.110136	0.001268	0.001268	-0.159191	-0.110136	2174370.000000
2017-11-11	-0.004646	0.006807	0.141648	-0.060668	-0.004646	1748460.000000
2017-11-10	-0.141382	-0.003797	0.002428	-0.151544	-0.141382	2193620.000000
2017-11-09	0.002549	-0.014589	0.042809	-0.022476	0.002549	2924350.000000
2017-11-08	0.070766	-0.004809	0.079294	-0.004809	0.070766	2839470.000000
2017-11-07	0.027360	0.009203	0.064803	-0.012238	0.027360	1497470.000000
2017-11-06	-0.042026	-0.002321	0.031795	-0.065140	-0.042026	1719120.000000
2017-11-05	0.042604	-0.001034	0.080298	-0.003731	0.042604	1762660.000000
2017-11-04	-0.044623	0.000283	0.043940	-0.046800	-0.044623	1696040.000000
2017-11-03	-0.036526	-0.003409	0.026469	-0.084999	-0.036526	1588360.000000
2017-11-02	-0.079141	0.005246	0.045314	-0.147136	-0.079141	1429590.000000
2017-11-01	-0.107712	-0.011032	-0.005854	-0.131921	-0.107712	1398750.000000
2017-10-31	0.010607	-0.008657	0.166032	-0.031448	0.010607	1805800.000000
2017-10-30	-0.058308	-0.001928	0.074632	-0.177292	-0.058308	1347640.000000
2017-10-29	-0.014290	-0.003734	0.062309	-0.022289	-0.014290	1605430.000000
2017-10-28	-0.017026	0.002612	0.018976	-0.079301	-0.017026	1031720.000000
2017-10-27	0.074072	-0.000243	0.131381	-0.020801	0.074072	1589480.000000
2017-10-26	-0.063250	-0.001141	0.005039	-0.146569	-0.063250	794428.000000
2017-10-25	0.152022	0.008855	0.248532	0.000984	0.152022	715742.000000
2017-10-24	0.084230	-0.001367	0.120986	-0.025866	0.084230	297411.000000
2017-10-23	-0.060058	-0.002989	0.015981	-0.112109	-0.060058	221618.000000
2017-10-22	0.123820	0.003233	0.133692	0.003233	0.123820	244796.000000
2017-10-21	0.183417	0.005504	0.200624	-0.041134	0.183417	243113.000000
2017-10-20	0.014050	0.000345	0.109786	-0.007341	0.014050	211546.000000
2017-10-19	-0.085707	-0.000554	0.020322	-0.099226	-0.085707	325575.000000
2017-10-18	0.077749	-0.000391	0.083501	-0.058589	0.077749	189768.000000
2017-10-17	-0.098649	-0.000352	0.040298	-0.115547	-0.098649	116008.000000
2017-10-16	-0.056519	0.000389	0.022559	-0.121281	-0.056519	152645.000000
2017-10-15	-0.045184	-0.006730	0.027546	-0.132101	-0.045184	116033.000000
2017-10-14	0.133012	0.000544	0.182284	-0.012254	0.133012	121404.000000
2017-10-13	-0.098941	-0.000047	0.070456	-0.137640	-0.098941	184709.000000
2017-10-12	-0.050686	0.000332	0.031442	-0.110489	-0.050686	136756.000000
2017-10-11	0.109846	0.028497	0.147025	0.014689	0.109846	289055.000000
2017-10-10	0.020352	0.002471	0.047811	-0.100129	0.020352	215705.000000
2017-10-09	-0.137906	0.014518	0.074740	-0.231879	-0.137906	350960.000000
2017-10-08	0.028773	0.043184	0.160437	-0.054066	0.028773	239490.000000
2017-10-07	-0.179040	-0.000197	0.393051	-0.252315	-0.179040	352974.000000
2017-10-06	-0.097789	0.000130	0.010192	-0.152213	-0.097789	478330.000000
2017-10-05	0.021531	0.005846	0.073290	-0.094913	0.021531	704167.000000
2017-10-04	0.328521	0.009238	0.439328	-0.018978	0.328521	1072200.000000
2017-10-03	-0.127185	-0.019461	0.136692	-0.240952	-0.127185	822107.000000
