2021-02-27	0.101778	0.000855	0.175363	0.000855	0.101778	2799346117.700000
2021-02-26	0.050906	0.002457	0.052009	-0.061457	0.050906	1387062138.230000
2021-02-25	-0.063773	-0.000382	0.045541	-0.063773	-0.063773	1320643982.120000
2021-02-24	0.053579	0.000687	0.119768	-0.041721	0.053579	1862049592.100000
2021-02-23	-0.172238	-0.000889	-0.000889	-0.310325	-0.172238	2962479689.470000
2021-02-22	-0.063779	-0.000285	0.048670	-0.198579	-0.063779	2952779388.510000
2021-02-21	0.022052	-0.001304	0.041830	-0.019794	0.022052	1691495132.560000
2021-02-20	-0.049836	-0.000113	0.035982	-0.089305	-0.049836	2152043634.710000
2021-02-19	0.032350	0.000181	0.047822	-0.022353	0.032350	1683567104.080000
2021-02-18	0.001017	-0.000343	0.037152	-0.021549	0.001017	1663443587.100000
2021-02-17	0.021356	-0.000171	0.043864	-0.056277	0.021356	1859433187.950000
2021-02-16	-0.014485	-0.000642	0.040763	-0.042808	-0.014485	2101777438.570000
2021-02-15	-0.046136	-0.002373	0.037564	-0.156167	-0.046136	3202896143.440000
2021-02-14	-0.075550	0.001739	0.025263	-0.109328	-0.075550	3078578193.150000
2021-02-13	0.060823	-0.001873	0.138265	-0.024007	0.060823	5519338626.400000
2021-02-12	0.165443	-0.000027	0.172301	-0.026782	0.165443	3705074297.400000
2021-02-11	0.098184	-0.001523	0.125585	-0.001523	0.098184	3244799993.390000
2021-02-10	0.039527	-0.000288	0.105418	-0.032520	0.039527	3501396593.970000
2021-02-09	0.002859	-0.000868	0.013170	-0.030347	0.002859	1818075316.940000
2021-02-08	0.031641	-0.000350	0.040150	-0.027491	0.031641	2542466582.360000
2021-02-07	0.019062	-0.000674	0.106875	-0.029059	0.019062	5026694577.750000
2021-02-06	0.076352	-0.000918	0.120695	-0.037986	0.076352	2538410913.670000
2021-02-05	0.074954	-0.000279	0.098758	-0.000511	0.074954	2146857566.680000
2021-02-04	-0.049457	0.000125	0.009054	-0.082579	-0.049457	1554404274.760000
2021-02-03	0.016431	0.000828	0.024863	-0.023330	0.016431	1486186862.720000
2021-02-02	0.045941	0.000027	0.075387	-0.014890	0.045941	2229603871.120000
2021-02-01	0.052772	0.000154	0.175818	-0.034426	0.052772	3711837884.540000
2021-01-31	-0.058990	0.000390	0.036942	-0.085297	-0.058990	2305438899.340000
2021-01-30	0.102458	-0.001798	0.199834	-0.049304	0.102458	3891286886.650000
2021-01-29	0.008326	0.041690	0.254939	-0.014912	0.008326	5357767875.660000
2021-01-28	0.222407	-0.000626	0.260278	-0.022033	0.222407	1470789190.470000
2021-01-27	-0.086007	0.000127	0.001354	-0.113852	-0.086007	669146235.598432
2021-01-26	-0.002334	-0.000658	0.010247	-0.044852	-0.002334	670565995.386406
2021-01-25	-0.034533	-0.000309	0.018070	-0.037486	-0.034533	713468708.502718
2021-01-24	0.006677	-0.000263	0.045066	-0.021723	0.006677	806028759.338674
2021-01-23	-0.002759	-0.002098	0.027451	-0.022253	-0.002759	875595181.318071
2021-01-22	0.070858	-0.000823	0.109393	-0.091891	0.070858	1392207581.611025
2021-01-21	-0.141831	0.000156	0.001156	-0.163571	-0.141831	1083947046.357739
2021-01-20	-0.016880	-0.001050	0.005955	-0.074459	-0.016880	1160924327.937580
2021-01-19	-0.013854	0.000465	0.045421	-0.022617	-0.013854	1530976794.352986
2021-01-18	0.000147	-0.000658	0.012767	-0.028096	0.000147	1011246741.630537
2021-01-17	0.039542	-0.000379	0.090331	-0.013644	0.039542	1884116937.061486
2021-01-16	0.024841	-0.000544	0.086559	-0.021376	0.024841	1576551020.960054
2021-01-15	-0.058419	0.000256	0.026781	-0.129403	-0.058419	1546747797.185522
2021-01-14	-0.004613	0.000568	0.050346	-0.052081	-0.004613	1746390817.536473
2021-01-13	0.079077	-0.000796	0.093018	-0.014824	0.079077	1932760185.923790
2021-01-12	0.034912	-0.000511	0.142078	-0.056427	0.034912	2951493959.968733
2021-01-11	-0.057180	-0.001448	-0.001448	-0.256936	-0.057180	2510439297.133860
2021-01-10	-0.074331	0.000739	0.046344	-0.142883	-0.074331	1949483668.040404
2021-01-09	0.030047	-0.000418	0.090293	-0.053894	0.030047	2262748352.108424
2021-01-08	-0.041042	-0.000551	0.046528	-0.147461	-0.041042	3650270361.506659
2021-01-07	-0.073347	0.006940	0.180596	-0.127288	-0.073347	6253336842.255177
2021-01-06	0.749241	-0.000783	0.968349	-0.003011	0.749241	10408578426.598703
2021-01-05	0.179461	-0.000521	0.271132	-0.079806	0.179461	2558465428.702858
2021-01-04	0.210794	0.001618	0.216441	-0.040566	0.210794	1650893149.731677
2021-01-03	0.067305	0.000208	0.087261	-0.025733	0.067305	694141229.003155
2021-01-02	-0.034650	0.000473	0.016688	-0.036605	-0.034650	463295709.309307
2021-01-01	0.031459	-0.000376	0.089052	-0.007810	0.031459	493194344.833910
2020-12-31	-0.026860	0.000577	0.001877	-0.056895	-0.026860	484196978.006290
2020-12-30	-0.049723	-0.000395	0.003250	-0.064288	-0.049723	555793351.259663
2020-12-29	-0.038510	-0.000106	0.030430	-0.106128	-0.038510	762785955.981868
2020-12-28	-0.004126	0.000873	0.063730	-0.019578	-0.004126	578664860.467996
2020-12-27	-0.014106	-0.000018	0.053610	-0.079472	-0.014106	758476186.168353
2020-12-26	-0.036309	-0.000448	0.016653	-0.050834	-0.036309	532755621.222472
2020-12-25	-0.044060	-0.002662	0.043542	-0.067558	-0.044060	864019522.170062
2020-12-24	0.262109	0.002763	0.306927	-0.011054	0.262109	1571608568.521932
2020-12-23	-0.220205	0.000171	0.000348	-0.302195	-0.220205	1192456989.547579
2020-12-22	-0.025078	-0.001075	0.020248	-0.073761	-0.025078	661299925.154264
2020-12-21	-0.060019	-0.000029	0.016587	-0.089992	-0.060019	509445346.307032
2020-12-20	-0.026719	-0.000032	0.000825	-0.033545	-0.026719	459139596.369428
2020-12-19	-0.017769	-0.000299	0.014739	-0.025171	-0.017769	483210984.128116
2020-12-18	-0.004347	0.000195	0.016407	-0.044592	-0.004347	822786726.788415
2020-12-17	-0.028559	-0.000684	0.078693	-0.055079	-0.028559	1664078484.492351
2020-12-16	0.149167	-0.000327	0.151651	-0.039896	0.149167	1059791079.899130
2020-12-15	-0.018880	0.000153	0.038277	-0.025157	-0.018880	469193893.966169
2020-12-14	-0.029109	0.001996	0.018438	-0.044962	-0.029109	522592210.001595
2020-12-13	0.100044	0.000057	0.127437	-0.019188	0.100044	689055367.240275
2020-12-12	0.051396	-0.000319	0.085058	-0.003076	0.051396	509594961.498167
2020-12-11	-0.061591	0.000063	0.019831	-0.061591	-0.061591	608768064.469876
2020-12-10	-0.064576	0.000414	0.026632	-0.064576	-0.064576	770957773.481666
2020-12-09	0.127092	-0.000189	0.137725	-0.080904	0.127092	935284782.895045
2020-12-08	-0.092939	0.000069	0.000069	-0.108498	-0.092939	432945451.548907
2020-12-07	-0.040827	0.000010	0.001850	-0.056127	-0.040827	317729160.230152
2020-12-06	0.022782	0.000070	0.046013	-0.021113	0.022782	410343063.203694
2020-12-05	0.054427	-0.000932	0.080087	-0.014306	0.054427	428643561.334353
2020-12-04	-0.116380	0.000131	0.020099	-0.127960	-0.116380	575389418.940146
2020-12-03	-0.004574	0.000533	0.022989	-0.025993	-0.004574	489435451.854245
2020-12-02	0.003933	0.000261	0.019284	-0.032928	0.003933	588076706.492194
2020-12-01	-0.087423	0.000331	0.007130	-0.119479	-0.087423	917146766.653058
2020-11-30	0.040514	-0.000150	0.053073	-0.023576	0.040514	1061790831.186391
2020-11-29	-0.029865	0.000476	0.010664	-0.052423	-0.029865	987586583.252378
2020-11-28	-0.030067	0.001215	0.061276	-0.048463	-0.030067	2016734577.667485
2020-11-27	0.231941	0.001533	0.231941	-0.021892	0.231941	2262645472.442461
2020-11-26	-0.141668	-0.001232	0.045756	-0.242088	-0.141668	2426960774.848731
2020-11-25	-0.001421	-0.002160	0.175465	-0.060969	-0.001421	3400050500.702363
2020-11-24	0.496791	0.000398	0.504603	0.000398	0.496791	3759466315.191269
2020-11-23	0.261509	0.000001	0.266343	-0.017225	0.261509	881252331.229276
2020-11-22	-0.045004	0.000000	0.050867	-0.100574	-0.045004	689900728.129325
2020-11-21	0.227586	0.000000	0.233533	0.000000	0.227586	646627498.197598
2020-11-20	0.052453	0.000022	0.052486	-0.001563	0.052453	177052671.627381
2020-11-19	0.003480	0.000009	0.024414	-0.023727	0.003480	159838550.485681
2020-11-18	-0.028581	-0.000041	0.005232	-0.047815	-0.028581	200409055.551512
2020-11-17	0.051035	0.025230	0.072232	0.019110	0.051035	234814749.813042
2020-11-16	0.019945	-0.000000	0.025019	-0.008800	0.019945	144088170.905712
2020-11-15	-0.010645	-0.000000	0.012641	-0.023777	-0.010645	130851375.559264
2020-11-14	-0.014084	0.000000	0.021140	-0.015622	-0.014084	171038960.795717
2020-11-13	0.020476	-0.000032	0.021322	-0.008006	0.020476	141302910.768760
2020-11-12	-0.000318	-0.000035	0.002354	-0.016927	-0.000318	135597875.697360
2020-11-11	0.010818	-0.000008	0.027849	-0.001710	0.010818	142374410.387186
2020-11-10	0.001890	0.000120	0.031507	-0.004508	0.001890	151230471.219317
2020-11-09	-0.022824	0.000015	0.006424	-0.040274	-0.022824	151868374.578104
2020-11-08	0.024174	0.000000	0.039597	-0.009179	0.024174	137449751.214877
2020-11-07	-0.050796	0.000000	0.024689	-0.063071	-0.050796	207531867.168291
2020-11-06	0.046141	-0.000088	0.061882	-0.000124	0.046141	197958332.770492
2020-11-05	0.074836	0.000020	0.100852	-0.011923	0.074836	180475299.477089
2020-11-04	-0.009539	0.000113	0.004339	-0.031719	-0.009539	118999480.158202
2020-11-03	-0.004615	-0.000002	0.008667	-0.027888	-0.004615	126769720.583659
2020-11-02	-0.035900	-0.000033	0.010200	-0.036910	-0.035900	129525551.606188
2020-11-01	0.010363	0.000000	0.011815	-0.013098	0.010363	115500840.551848
2020-10-31	0.011849	0.000000	0.035505	-0.002111	0.011849	137580783.913409
2020-10-30	-0.008904	0.000011	0.013158	-0.032188	-0.008904	118612988.079100
2020-10-29	-0.014489	0.000004	0.004983	-0.035898	-0.014489	143150634.483842
2020-10-28	-0.039323	0.000006	0.003517	-0.050495	-0.039323	166210480.361753
2020-10-27	0.011150	-0.000002	0.026043	-0.000002	0.011150	173073309.781974
2020-10-26	-0.026896	0.000001	0.013071	-0.035182	-0.026896	181364927.520210
2020-10-25	-0.026852	0.000000	0.002327	-0.033355	-0.026852	139158126.949132
2020-10-24	0.019588	0.000001	0.025965	-0.003785	0.019588	143789489.205668
2020-10-23	-0.017409	0.001903	0.012384	-0.025144	-0.017409	153182270.435887
2020-10-22	0.017911	-0.000472	0.042364	-0.000472	0.017911	195477498.431140
2020-10-21	0.035516	0.000106	0.065731	-0.001239	0.035516	234581977.127714
2020-10-20	-0.050938	0.000409	0.015175	-0.052807	-0.050938	216687519.034367
2020-10-19	0.071626	0.000386	0.096936	-0.000519	0.071626	306021432.516596
2020-10-18	-0.028878	-0.002124	0.003126	-0.031040	-0.028878	165059604.446068
2020-10-17	0.040834	0.003192	0.061763	-0.010281	0.040834	268590382.220453
2020-10-16	0.062960	0.000096	0.063563	-0.020716	0.062960	160931239.669054
2020-10-15	-0.003255	-0.001128	0.001239	-0.027862	-0.003255	115219952.483448
2020-10-14	-0.027013	0.000276	0.004989	-0.031158	-0.027013	120454176.110119
2020-10-13	-0.017224	-0.000478	-0.000400	-0.025552	-0.017224	125542355.698957
2020-10-12	0.005876	-0.000856	0.024157	-0.013639	0.005876	133171633.810588
2020-10-11	-0.001855	-0.000283	0.016627	-0.005040	-0.001855	120268596.372079
2020-10-10	0.029664	-0.000631	0.041663	-0.000889	0.029664	145849674.583649
2020-10-09	0.028024	0.000459	0.035976	-0.006490	0.028024	156460920.497083
2020-10-08	0.010979	0.001131	0.014858	-0.022732	0.010979	131279734.417441
2020-10-07	-0.002747	0.000204	0.008520	-0.020802	-0.002747	133649894.122473
2020-10-06	-0.012505	-0.000664	0.021068	-0.019747	-0.012505	161623396.753640
2020-10-05	0.006356	0.000506	0.015271	-0.005345	0.006356	126663685.810250
2020-10-04	0.025264	0.000911	0.031686	-0.005665	0.025264	106843418.420114
2020-10-03	0.000843	-0.000326	0.016277	-0.003976	0.000843	100791477.960064
2020-10-02	-0.028353	0.000423	0.009705	-0.046310	-0.028353	158118756.709416
2020-10-01	-0.022084	0.000958	0.020099	-0.038483	-0.022084	158828555.845066
2020-09-30	0.009235	-0.000055	0.011538	-0.023857	0.009235	119624630.131371
2020-09-29	0.008153	-0.001935	0.020517	-0.014974	0.008153	120859330.149501
2020-09-28	0.002784	0.001201	0.033661	-0.000455	0.002784	137705134.797289
2020-09-27	-0.008470	-0.000027	0.011428	-0.029126	-0.008470	119041431.918679
2020-09-26	-0.006663	0.001547	0.023893	-0.022249	-0.006663	124619606.913667
2020-09-25	0.058108	0.001070	0.074502	-0.014074	0.058108	175265521.573332
2020-09-24	0.041365	-0.001357	0.045332	-0.008174	0.041365	148195539.519231
2020-09-23	-0.061300	-0.002793	0.003824	-0.065366	-0.061300	120676954.212239
2020-09-22	0.018165	-0.000563	0.025586	-0.009720	0.018165	108176092.455950
2020-09-21	-0.086600	0.000160	0.003766	-0.093451	-0.086600	124951989.195330
2020-09-20	-0.019931	-0.000023	0.000933	-0.037645	-0.019931	101725308.275536
2020-09-19	0.006615	0.000186	0.035713	-0.008577	0.006615	102880671.988644
2020-09-18	-0.024407	0.000000	0.002277	-0.030957	-0.024407	110248243.954065
2020-09-17	0.002811	0.001315	0.023356	-0.022184	0.002811	154219418.728286
2020-09-16	0.024821	0.000502	0.042202	-0.029347	0.024821	183746302.492402
2020-09-15	-0.027292	0.000416	0.014267	-0.029146	-0.027292	168607726.430740
2020-09-14	0.004883	0.000033	0.033628	-0.007860	0.004883	150757355.112033
2020-09-13	-0.048084	0.000000	0.006571	-0.053970	-0.048084	140385590.655939
2020-09-12	0.003543	0.000982	0.017527	-0.009581	0.003543	130594675.132699
2020-09-11	0.030546	0.000000	0.038047	-0.023693	0.030546	142072516.367216
2020-09-10	0.034317	-0.000184	0.060535	-0.000547	0.034317	161477830.872473
2020-09-09	0.014045	0.000045	0.030199	-0.019552	0.014045	118253396.196780
2020-09-08	-0.014661	-0.000103	0.011266	-0.037356	-0.014661	149705922.012953
2020-09-07	0.010646	-0.000034	0.018817	-0.041037	0.010646	163474090.443930
2020-09-06	0.031123	0.000000	0.048130	-0.038862	0.031123	198268219.727694
2020-09-05	-0.072932	-0.000961	0.021153	-0.090954	-0.072932	227987351.226032
2020-09-04	0.025239	-0.001668	0.045908	-0.040865	0.025239	299460315.038535
2020-09-03	-0.142507	-0.000493	0.004133	-0.149814	-0.142507	278190195.362190
2020-09-02	-0.067704	-0.000263	0.004400	-0.090713	-0.067704	270916413.984802
2020-09-01	0.021249	-0.000284	0.036491	-0.008166	0.021249	261417047.870416
2020-08-31	-0.009527	0.000692	0.007352	-0.028416	-0.009527	200377295.126896
2020-08-30	0.015612	-0.000239	0.018128	-0.001383	0.015612	194696528.471840
2020-08-29	0.009574	-0.000233	0.016343	-0.009711	0.009574	176461129.364083
2020-08-28	0.020254	0.000093	0.029043	-0.007791	0.020254	185494719.775451
2020-08-27	-0.045729	-0.000563	0.004486	-0.069184	-0.045729	251313086.680788
2020-08-26	0.003113	-0.000333	0.023694	-0.014484	0.003113	235648982.799785
2020-08-25	-0.052074	0.000157	0.000157	-0.066200	-0.052074	226110547.880292
2020-08-24	0.004381	-0.000747	0.027890	-0.015437	0.004381	170036739.875352
2020-08-23	0.005743	-0.000610	0.005743	-0.031737	0.005743	162138540.664557
2020-08-22	0.020155	0.000012	0.020314	-0.019203	0.020155	206985738.824991
2020-08-21	-0.062863	0.000491	0.020132	-0.063372	-0.062863	267403131.960417
2020-08-20	0.045122	-0.000267	0.045681	-0.012913	0.045122	199755664.095187
2020-08-19	-0.057206	0.000298	0.006699	-0.079713	-0.057206	252993404.247236
2020-08-18	-0.042973	-0.000045	0.020796	-0.050207	-0.042973	256529526.135030
2020-08-17	-0.008414	0.000000	0.038117	-0.033844	-0.008414	419680339.685053
2020-08-16	0.073213	-0.000346	0.077953	-0.022403	0.073213	286171648.175862
2020-08-15	0.017405	0.000151	0.034401	-0.012143	0.017405	258271148.175748
2020-08-14	0.027756	0.000382	0.059197	-0.008182	0.027756	269518942.883832
2020-08-13	-0.000412	-0.000332	0.010151	-0.039199	-0.000412	231325306.993619
2020-08-12	0.012363	0.000332	0.027009	-0.038319	0.012363	223009012.493216
2020-08-11	-0.047761	0.000297	0.023591	-0.075859	-0.047761	531368378.787949
2020-08-10	0.008637	0.000942	0.017354	-0.011434	0.008637	235437879.787083
2020-08-09	0.020653	0.001853	0.037651	0.001340	0.020653	219371825.863459
2020-08-08	-0.001559	0.000544	0.011865	-0.012480	-0.001559	179081363.469178
2020-08-07	-0.031111	-0.000050	0.012183	-0.059938	-0.031111	425365420.235886
2020-08-06	-0.013930	-0.000673	0.000821	-0.021498	-0.013930	217021091.419358
2020-08-05	-0.018506	-0.000542	0.009489	-0.023296	-0.018506	236900060.393057
2020-08-04	0.046754	-0.000022	0.058426	-0.000022	0.046754	322228935.580154
2020-08-03	0.024460	0.000875	0.053969	-0.007998	0.024460	307978252.370005
2020-08-02	-0.041545	0.000095	0.073681	-0.074901	-0.041545	499258062.092326
2020-08-01	0.103829	0.000000	0.111651	-0.000528	0.103829	400852491.450269
2020-07-31	0.002984	0.000288	0.005082	-0.012499	0.002984	176835285.670864
2020-07-30	0.014218	0.000149	0.022773	-0.004736	0.014218	180339488.427052
2020-07-29	-0.017667	-0.000260	0.021644	-0.020021	-0.017667	241946097.770431
2020-07-28	0.026032	-0.000121	0.031645	-0.009885	0.026032	298863221.823407
2020-07-27	-0.042454	-0.000520	0.008762	-0.087292	-0.042454	347516202.335553
2020-07-26	-0.014437	-0.000632	0.048799	-0.027250	-0.014437	328857054.918004
2020-07-25	0.048303	0.001045	0.053479	-0.002435	0.048303	237008046.500737
2020-07-24	-0.022517	0.000001	0.001705	-0.025656	-0.022517	221044089.353934
2020-07-23	0.005552	0.000376	0.038829	-0.003239	0.005552	259146414.365483
2020-07-22	0.010393	-0.000566	0.013202	-0.018143	0.010393	188477645.946811
2020-07-21	0.016320	-0.000831	0.034612	-0.006332	0.016320	222225814.826599
2020-07-20	-0.052044	0.000206	0.013973	-0.058294	-0.052044	238907305.749348
2020-07-19	-0.008081	0.000161	0.012495	-0.032781	-0.008081	215208318.183083
2020-07-18	-0.031061	-0.001381	0.001322	-0.044357	-0.031061	266646099.558747
2020-07-17	0.032282	0.000887	0.060638	-0.009852	0.032282	505735317.507152
2020-07-16	0.070466	0.000231	0.089990	-0.050250	0.070466	505630696.101376
2020-07-15	0.020995	-0.001654	0.038050	-0.046966	0.020995	391047540.325416
2020-07-14	0.020121	-0.000792	0.022492	-0.044891	0.020121	305049007.602546
2020-07-13	-0.049581	0.000000	0.024661	-0.068935	-0.049581	389748251.788613
2020-07-12	0.007107	0.000031	0.031085	-0.037996	0.007107	382865013.701573
2020-07-11	0.060942	0.000151	0.124977	-0.001776	0.060942	604044703.473470
2020-07-10	-0.018489	-0.000702	0.001209	-0.083681	-0.018489	529828869.851428
2020-07-09	0.065704	-0.001514	0.143067	-0.019597	0.065704	845893278.431419
2020-07-08	0.160157	0.000261	0.160157	-0.008335	0.160157	471290003.310366
2020-07-07	0.019561	-0.002683	0.029367	-0.021131	0.019561	257005979.539776
2020-07-06	0.069757	0.000000	0.071528	-0.007934	0.069757	279337235.476440
2020-07-05	-0.010173	-0.000191	0.003659	-0.031117	-0.010173	202429384.969806
2020-07-04	0.009196	-0.000219	0.017367	-0.010490	0.009196	218498800.286791
2020-07-03	-0.016923	0.000049	0.000049	-0.023899	-0.016923	204165763.888319
2020-07-02	-0.001199	0.000538	0.034885	-0.018107	-0.001199	290632980.685989
2020-07-01	0.021183	0.000555	0.037417	-0.012308	0.021183	316808164.295104
2020-06-30	0.027643	-0.002878	0.035471	-0.015771	0.027643	289552122.759064
2020-06-29	0.013750	0.001384	0.017177	-0.018940	0.013750	291925173.001706
2020-06-28	0.018829	0.000000	0.031898	-0.015590	0.018829	220022782.242034
2020-06-27	-0.058246	-0.000141	0.005572	-0.087117	-0.058246	283951205.156398
2020-06-26	-0.010829	0.000315	0.013520	-0.019590	-0.010829	314879212.826696
2020-06-25	-0.019398	0.002078	0.020047	-0.041359	-0.019398	331356547.305950
2020-06-24	-0.028730	0.001031	0.021598	-0.037050	-0.028730	372491014.870497
2020-06-23	-0.009081	0.000246	0.005518	-0.025075	-0.009081	377047280.992051
2020-06-22	0.045305	-0.000024	0.046018	-0.000354	0.045305	414440267.266835
2020-06-21	-0.016656	-0.001307	0.007709	-0.017479	-0.016656	329921805.674815
2020-06-20	0.009384	0.000000	0.015844	-0.008169	0.009384	373213605.049855
2020-06-19	-0.023477	0.000048	0.001522	-0.029490	-0.023477	409199951.873505
2020-06-18	-0.013300	0.000105	0.005055	-0.028236	-0.013300	396472624.382981
2020-06-17	0.009069	0.001598	0.036346	-0.015261	0.009069	460635041.161734
2020-06-16	0.001928	-0.001204	0.013583	-0.013953	0.001928	422477438.437921
2020-06-15	-0.004256	0.000000	0.005828	-0.073741	-0.004256	475868940.433275
2020-06-14	-0.038796	0.001202	0.001202	-0.043129	-0.038796	389719568.221301
2020-06-13	0.017353	-0.000496	0.019633	-0.014185	0.017353	388991889.430849
2020-06-12	0.021590	-0.000790	0.046987	-0.007967	0.021590	463002956.581276
2020-06-11	-0.091176	0.000729	0.009470	-0.110294	-0.091176	590529751.688887
2020-06-10	0.001036	-0.000477	0.007349	-0.011031	0.001036	462922722.797401
2020-06-09	-0.017925	-0.000374	0.004514	-0.029016	-0.017925	431553013.004297
2020-06-08	0.012778	-0.000326	0.019554	-0.009168	0.012778	394984022.058098
2020-06-07	-0.011046	-0.000244	0.012855	-0.047399	-0.011046	497548453.803503
2020-06-06	0.004591	-0.000300	0.022216	-0.009899	0.004591	499450886.762499
2020-06-05	-0.035873	-0.000849	0.007771	-0.038805	-0.035873	643282514.228399
2020-06-04	-0.001888	0.000917	0.042796	-0.034780	-0.001888	728954391.563107
2020-06-03	0.042234	0.000816	0.048157	-0.028855	0.042234	625675419.723891
2020-06-02	0.049870	-0.001430	0.111786	-0.002350	0.049870	798043368.060005
2020-06-01	0.069250	0.000061	0.078538	-0.006522	0.069250	620504741.129556
2020-05-31	-0.024974	-0.000515	0.049688	-0.040712	-0.024974	636177470.450849
2020-05-30	0.067178	-0.000500	0.069492	-0.012298	0.067178	510303238.112974
2020-05-29	-0.014357	-0.000595	0.013464	-0.025133	-0.014357	440276089.829598
2020-05-28	0.039429	0.000657	0.054153	-0.004133	0.039429	453361150.168232
2020-05-27	0.017019	-0.000384	0.038830	-0.001806	0.017019	437929644.719305
2020-05-26	-0.014440	0.001775	0.005421	-0.029461	-0.014440	371589056.050525
2020-05-25	0.019086	-0.003298	0.019470	-0.010030	0.019086	450549233.413240
2020-05-24	-0.040647	-0.000872	0.011690	-0.041616	-0.040647	390536762.996049
2020-05-23	-0.008197	-0.000101	0.013920	-0.021356	-0.008197	400282441.850976
2020-05-22	0.022013	0.000435	0.036266	-0.013493	0.022013	473521124.348476
2020-05-21	-0.060475	0.000060	0.005617	-0.090621	-0.060475	504379553.669714
2020-05-20	0.023106	0.000264	0.036382	-0.011181	0.023106	530728876.737643
2020-05-19	-0.010071	-0.000517	0.000888	-0.021063	-0.010071	427647345.000238
2020-05-18	0.014393	-0.000548	0.029636	-0.005438	0.014393	594262834.930545
2020-05-17	0.014539	-0.002108	0.049649	-0.002524	0.014539	530947004.811919
2020-05-16	0.010445	-0.000047	0.013111	-0.008325	0.010445	433441328.142026
2020-05-15	-0.024268	0.000028	0.009064	-0.028670	-0.024268	589459284.784808
2020-05-14	-0.010220	-0.002161	0.012954	-0.034647	-0.010220	667445361.573571
2020-05-13	-0.001570	0.000345	0.009680	-0.022998	-0.001570	668016410.416261
2020-05-12	0.113273	0.000033	0.117457	-0.007017	0.113273	717258192.758379
2020-05-11	-0.023707	-0.000158	0.011639	-0.048712	-0.023707	676862243.410506
2020-05-10	-0.106345	-0.000054	-0.000054	-0.150933	-0.106345	820471097.570879
2020-05-09	-0.016015	-0.002973	0.005106	-0.021106	-0.016015	615949071.802602
2020-05-08	0.011359	0.000591	0.025769	-0.018080	0.011359	615940984.732528
2020-05-07	0.015817	0.000015	0.033301	-0.006139	0.015817	676902337.159507
2020-05-06	-0.017253	-0.000792	0.010414	-0.017253	-0.017253	634319026.185832
2020-05-05	-0.017533	0.000090	0.007836	-0.027136	-0.017533	572848080.777658
2020-05-04	0.008640	-0.000295	0.013434	-0.060715	0.008640	701073657.989567
2020-05-03	-0.031070	0.001674	0.014503	-0.038823	-0.031070	755013660.533354
2020-05-02	0.030428	-0.001546	0.039922	-0.015294	0.030428	721153690.926161
2020-05-01	0.081611	0.001245	0.085788	0.001245	0.081611	764134317.878728
2020-04-30	-0.064310	0.000487	0.022642	-0.077158	-0.064310	859662107.055296
2020-04-29	0.048229	0.000286	0.059673	-0.021059	0.048229	929790800.665360
2020-04-28	0.024558	-0.001389	0.050036	-0.004917	0.024558	820842386.742273
2020-04-27	0.077867	-0.006611	0.095757	-0.012130	0.077867	711801195.987245
2020-04-26	0.005591	-0.002311	0.015439	-0.010147	0.005591	550894044.370160
2020-04-25	0.008785	-0.000002	0.034462	-0.004926	0.008785	526584849.544519
2020-04-24	-0.002040	0.001403	0.060923	-0.011595	-0.002040	671248452.180380
2020-04-23	0.126344	0.000418	0.183419	-0.000530	0.126344	993914720.518420
2020-04-22	0.070087	-0.000270	0.074037	-0.004944	0.070087	561155181.464250
2020-04-21	0.024515	-0.001440	0.037289	-0.006690	0.024515	495416209.229814
2020-04-20	0.016005	-0.000214	0.084606	-0.003866	0.016005	742154168.036188
2020-04-19	-0.025577	-0.000027	0.006646	-0.029117	-0.025577	523219784.718419
2020-04-18	0.029161	-0.000586	0.034956	-0.001928	0.029161	534672463.697060
2020-04-17	-0.001120	0.001698	0.007603	-0.010505	-0.001120	478450043.052678
2020-04-16	0.058530	-0.000919	0.065641	-0.021727	0.058530	628082821.584947
2020-04-15	-0.037463	-0.004310	0.011607	-0.039043	-0.037463	468836578.163294
2020-04-14	-0.002575	-0.000142	0.017173	-0.011486	-0.002575	507234997.252320
2020-04-13	-0.022282	0.001787	0.001787	-0.057787	-0.022282	530770068.667815
2020-04-12	-0.002213	-0.000132	0.029904	-0.017687	-0.002213	411810328.135953
2020-04-11	0.036875	0.001341	0.042402	-0.001955	0.036875	426515997.706461
2020-04-10	-0.081688	-0.000582	0.003850	-0.114650	-0.081688	461485326.024234
2020-04-09	0.020730	0.000893	0.022714	-0.036414	0.020730	420784745.370117
2020-04-08	0.055162	0.000287	0.057402	-0.005128	0.055162	355554036.126730
2020-04-07	-0.023390	0.000608	0.036357	-0.036270	-0.023390	535973253.848800
2020-04-06	0.137656	0.000250	0.141501	-0.000193	0.137656	528856126.047230
2020-04-05	0.036836	0.000026	0.037101	-0.008423	0.036836	330675376.704727
2020-04-04	0.008961	-0.003704	0.009312	-0.013904	0.008961	331158440.223761
2020-04-03	0.006472	0.000567	0.029933	-0.010209	0.006472	381441115.174220
2020-04-02	0.011933	-0.000960	0.050240	-0.007079	0.011933	409126334.061565
2020-04-01	-0.000731	0.000219	0.000219	-0.038348	-0.000731	302527865.167376
2020-03-31	0.015833	-0.000337	0.016600	-0.001618	0.015833	327644886.468409
2020-03-30	0.054570	-0.000725	0.068869	-0.004113	0.054570	315377994.913371
2020-03-29	-0.045739	-0.000056	0.002238	-0.046827	-0.045739	266559124.496891
2020-03-28	-0.029538	-0.000680	-0.000680	-0.053338	-0.029538	340909984.894938
2020-03-27	-0.032107	0.000593	0.007670	-0.032107	-0.032107	308504165.347782
2020-03-26	0.048291	0.000057	0.050755	-0.007667	0.048291	305069104.628837
2020-03-25	0.006798	0.000179	0.012139	-0.022982	0.006798	312768243.502007
2020-03-24	0.026599	-0.000530	0.031086	-0.006491	0.026599	366272224.270874
2020-03-23	0.055437	-0.000189	0.056622	-0.022389	0.055437	359628965.335171
2020-03-22	-0.061025	0.000177	0.021928	-0.064478	-0.061025	329105985.065731
2020-03-21	-0.007604	0.000976	0.016276	-0.035037	-0.007604	356478473.647463
2020-03-20	-0.037953	-0.000492	0.063000	-0.107536	-0.037953	403266374.389568
2020-03-19	0.153283	-0.001101	0.176828	-0.001457	0.153283	457344868.863004
2020-03-18	-0.022826	-0.002114	0.015003	-0.051777	-0.022826	337020832.480539
2020-03-17	0.047174	0.001605	0.066541	0.001605	0.047174	330129255.530586
2020-03-16	-0.081523	0.000987	0.001106	-0.145336	-0.081523	422559303.406886
2020-03-15	0.026410	-0.001364	0.083209	-0.007644	0.026410	362487211.431847
2020-03-14	-0.056530	0.000599	0.023372	-0.065112	-0.056530	375613371.067292
2020-03-13	0.182135	0.001049	0.229309	-0.147971	0.182135	747877049.083633
2020-03-12	-0.336318	-0.000144	0.001757	-0.336318	-0.336318	526211821.821089
2020-03-11	-0.030811	0.000337	0.009569	-0.072807	-0.030811	408137347.123955
2020-03-10	0.001324	0.005353	0.022474	-0.019673	0.001324	416858439.770803
2020-03-09	0.023174	-0.001822	0.025403	-0.056028	0.023174	549172784.355788
2020-03-08	-0.131227	0.000406	0.000406	-0.131227	-0.131227	488233342.378463
2020-03-07	-0.045320	-0.000271	0.003289	-0.045451	-0.045320	411529338.636040
2020-03-06	0.023824	0.000131	0.023824	-0.005045	0.023824	428300798.650073
2020-03-05	0.019869	-0.000293	0.039254	-0.000293	0.019869	421868545.476920
2020-03-04	0.004134	0.000106	0.013457	-0.007715	0.004134	381787288.623755
2020-03-03	-0.014427	0.000283	0.015735	-0.022552	-0.014427	407088468.822538
2020-03-02	0.052527	-0.000520	0.062722	-0.005844	0.052527	397777572.284119
2020-03-01	-0.020967	-0.001631	0.018462	-0.034367	-0.020967	360604910.296500
2020-02-29	-0.014559	-0.000449	0.025883	-0.015676	-0.014559	318679470.917595
2020-02-28	-0.028429	0.000198	0.022389	-0.049855	-0.028429	419431446.023372
2020-02-27	0.011948	0.000005	0.052954	-0.042683	0.011948	452957398.594254
2020-02-26	-0.092195	0.000217	0.002108	-0.120819	-0.092195	505300519.110642
2020-02-25	-0.058440	0.000412	0.009703	-0.063643	-0.058440	461517993.119829
2020-02-24	-0.057913	-0.001877	-0.000997	-0.066616	-0.057913	465871327.529231
2020-02-23	0.061315	0.001139	0.062624	-0.004793	0.061315	432366513.846207
2020-02-22	-0.035621	0.000154	0.006534	-0.041226	-0.035621	398582854.488252
2020-02-21	0.011018	-0.000582	0.030761	-0.005413	0.011018	467029257.310917
2020-02-20	0.006349	-0.000630	0.017148	-0.023160	0.006349	496888762.432123
2020-02-19	-0.052535	0.011101	0.053164	-0.062097	-0.052535	438696624.631378
2020-02-18	0.038841	0.000970	0.078792	-0.015840	0.038841	521725957.032917
2020-02-17	-0.042992	-0.002328	-0.000655	-0.094961	-0.042992	619668936.530818
2020-02-16	-0.052591	0.001949	0.026052	-0.126562	-0.052591	632562189.260704
2020-02-15	-0.076342	0.000195	0.017183	-0.091735	-0.076342	577812167.589756
2020-02-14	0.038006	-0.000452	0.047206	-0.028327	0.038006	640075025.200125
2020-02-13	0.032674	0.000005	0.082923	-0.011175	0.032674	849232918.346263
2020-02-12	0.085416	-0.000120	0.109756	-0.000120	0.085416	733460110.829594
2020-02-11	0.040727	0.000488	0.047794	-0.021431	0.040727	518483532.583755
2020-02-10	-0.026993	0.002314	0.010438	-0.048009	-0.026993	514592414.418118
2020-02-09	0.027769	-0.000516	0.049989	-0.011050	0.027769	477162368.458878
2020-02-08	-0.010777	-0.000165	0.009155	-0.044519	-0.010777	479921993.936742
2020-02-07	0.015381	-0.000205	0.032777	-0.004484	0.015381	519263943.013302
2020-02-06	0.026287	0.000427	0.035437	-0.016412	0.026287	516539220.320842
2020-02-05	0.036846	0.000428	0.042628	-0.006206	0.036846	520288060.583174
2020-02-04	0.034813	-0.000162	0.041242	-0.030061	0.034813	435813335.581955
2020-02-03	0.010954	0.000290	0.032758	-0.004233	0.010954	386201629.471427
2020-02-02	0.047899	0.001188	0.087460	-0.006243	0.047899	459980665.728665
2020-02-01	-0.017607	-0.000131	0.017713	-0.035644	-0.017607	351749271.352383
2020-01-31	0.005674	0.001025	0.039854	-0.021924	0.005674	365221347.518143
2020-01-30	-0.008619	-0.000928	0.020271	-0.027228	-0.008619	382600193.247138
2020-01-29	0.023818	0.000407	0.038013	-0.020849	0.023818	408058901.899368
2020-01-28	0.011028	-0.000647	0.035533	-0.008140	0.011028	435796279.787793
2020-01-27	0.018317	0.001505	0.049333	-0.016626	0.018317	354309857.984930
2020-01-26	0.045208	0.001295	0.062598	-0.005293	0.045208	325709372.811468
2020-01-25	-0.022062	-0.000797	0.010062	-0.025513	-0.022062	319119540.409805
2020-01-24	-0.032666	0.002762	0.003671	-0.086281	-0.032666	382153105.397877
2020-01-23	-0.010869	0.001768	0.021403	-0.051032	-0.010869	383108494.929705
2020-01-22	-0.040553	-0.000394	0.021768	-0.042039	-0.040553	334827929.406728
2020-01-21	0.006064	-0.000303	0.030607	-0.007139	0.006064	404072680.107502
2020-01-20	0.033300	-0.000886	0.076538	-0.010222	0.033300	570944248.778181
2020-01-19	-0.018154	-0.000172	0.073003	-0.037446	-0.018154	557236013.411707
2020-01-18	0.018356	-0.001374	0.076550	-0.050073	0.018356	619953487.693267
2020-01-17	0.117300	0.001497	0.167744	-0.019217	0.117300	519487809.142283
2020-01-16	-0.019000	0.000518	0.003724	-0.054849	-0.019000	316566306.995238
2020-01-15	0.051303	-0.001449	0.064377	-0.020584	0.051303	334258693.134276
2020-01-14	0.082986	-0.000751	0.111352	-0.001158	0.082986	325107090.747206
2020-01-13	-0.004076	-0.001863	0.002884	-0.040054	-0.004076	224390628.526882
2020-01-12	0.016228	0.000700	0.029533	-0.016504	0.016228	207151685.098918
2020-01-11	0.024680	-0.000505	0.060269	-0.006145	0.024680	216830961.393668
2020-01-10	-0.001209	-0.004077	0.039468	-0.014892	-0.001209	211752195.136153
2020-01-09	-0.046368	-0.022603	0.010868	-0.062383	-0.046368	171728899.424201
2020-01-08	-0.022500	0.001555	0.005121	-0.062841	-0.022500	213522155.971280
2020-01-07	0.014530	-0.002018	0.023144	-0.024765	0.014530	239407285.996167
2020-01-06	0.083022	0.001624	0.086714	-0.002523	0.083022	248276597.579018
2020-01-05	-0.019731	-0.002302	0.009095	-0.032413	-0.019731	165956087.382625
2020-01-04	0.022947	-0.000153	0.023053	-0.019932	0.022947	152253766.070370
2020-01-03	0.025416	-0.002524	0.040670	-0.012891	0.025416	168931017.927554
2020-01-02	-0.029440	-0.001154	0.003379	-0.041104	-0.029440	151848962.706719
2020-01-01	0.005010	-0.002344	0.012023	-0.039502	0.005010	168402204.245628
2019-12-31	-0.015886	0.002149	0.003494	-0.057059	-0.015886	157108041.008640
2019-12-30	-0.005660	-0.000281	0.014845	-0.042482	-0.005660	167585185.313947
2019-12-29	0.023570	-0.000293	0.043430	-0.023797	0.023570	148653161.382614
2019-12-28	-0.020272	-0.001531	0.009773	-0.041625	-0.020272	158028355.606649
2019-12-27	0.021840	-0.000191	0.036498	-0.009221	0.021840	186418572.448130
2019-12-26	0.038213	0.003016	0.052246	0.001633	0.038213	159865551.641053
2019-12-25	-0.036438	-0.001212	0.011263	-0.041987	-0.036438	160886227.391051
2019-12-24	0.005229	-0.000935	0.032092	-0.010009	0.005229	190571245.162178
2019-12-23	-0.051738	0.000935	0.007900	-0.056127	-0.051738	188544968.149216
2019-12-22	0.022024	0.000979	0.026859	-0.043205	0.022024	192185818.205507
2019-12-21	0.000159	-0.001417	0.044164	-0.033844	0.000159	178466491.427054
2019-12-20	0.029034	0.000469	0.048487	-0.016122	0.029034	196248518.556986
2019-12-19	-0.022810	0.000415	0.008988	-0.043283	-0.022810	210750074.639580
2019-12-18	0.044500	0.004391	0.060844	-0.022825	0.044500	253895322.565529
2019-12-17	-0.092613	0.000187	0.007124	-0.114599	-0.092613	223440074.081679
2019-12-16	-0.055428	0.000075	0.011821	-0.057934	-0.055428	188173196.712923
2019-12-15	-0.005324	0.000695	0.014038	-0.039151	-0.005324	184576351.342186
2019-12-14	-0.024848	0.001550	0.006528	-0.034822	-0.024848	178719117.591387
2019-12-13	0.005102	0.000062	0.018945	-0.010341	0.005102	166277796.183284
2019-12-12	0.000556	0.000339	0.021112	-0.009772	0.000556	207030753.361507
2019-12-11	-0.017076	0.000258	0.021448	-0.017076	-0.017076	200779619.859667
2019-12-10	-0.015472	0.000488	0.009224	-0.025442	-0.015472	187877397.738030
2019-12-09	-0.029974	-0.000711	0.004515	-0.034192	-0.029974	184029266.128795
2019-12-08	0.019327	-0.000484	0.026802	-0.008541	0.019327	159244878.273164
2019-12-07	0.000726	0.000308	0.021069	-0.004240	0.000726	161472546.308283
2019-12-06	-0.008820	0.001703	0.005505	-0.017613	-0.008820	177492285.371475
2019-12-05	0.001778	-0.001307	0.039791	-0.017665	0.001778	190568914.425685
2019-12-04	-0.010024	-0.001127	0.007888	-0.027936	-0.010024	207789246.373922
2019-12-03	-0.001736	-0.000634	0.013255	-0.011778	-0.001736	150835452.022516
2019-12-02	-0.034508	0.000284	0.002278	-0.036087	-0.034508	204095721.788105
2019-12-01	-0.026143	0.001853	0.003956	-0.051995	-0.026143	214999369.896037
2019-11-30	0.008273	0.002604	0.021351	-0.031595	0.008273	228259885.894083
2019-11-29	0.015921	-0.000218	0.046502	-0.001017	0.015921	241666195.997587
2019-11-28	-0.014097	0.002551	0.024191	-0.014868	-0.014097	224143848.285457
2019-11-27	0.008610	-0.002724	0.023901	-0.040768	0.008610	260781106.637482
2019-11-26	0.016629	-0.000929	0.026177	-0.018669	0.016629	218983843.915622
2019-11-25	0.012550	-0.001583	0.044088	-0.055043	0.012550	548798088.003971
2019-11-24	-0.057688	0.003955	0.023520	-0.057688	-0.057688	795594527.539902
2019-11-23	0.014478	-0.001629	0.037208	-0.029400	0.014478	262945614.211382
2019-11-22	-0.035351	0.000872	0.002998	-0.088281	-0.035351	304545334.066144
2019-11-21	-0.058307	0.000307	0.003039	-0.068013	-0.058307	251644441.447355
2019-11-20	-0.003794	-0.000918	0.008643	-0.018424	-0.003794	219882275.057692
2019-11-19	-0.037368	-0.000187	0.005493	-0.051149	-0.037368	287651893.241901
2019-11-18	-0.053134	-0.000053	0.001720	-0.071737	-0.053134	245433021.724143
2019-11-17	0.003215	-0.000798	0.016546	-0.001688	0.003215	197097973.864356
2019-11-16	-0.005931	0.000171	0.006510	-0.008114	-0.005931	173395846.512120
2019-11-15	-0.032189	0.001005	0.003092	-0.037536	-0.032189	222062024.233275
2019-11-14	-0.023976	-0.000922	0.000448	-0.033294	-0.023976	217039030.380030
2019-11-13	-0.006424	0.000265	0.007220	-0.011568	-0.006424	240329082.229403
2019-11-12	-0.034296	0.000052	0.027686	-0.049154	-0.034296	359731187.297211
2019-11-11	0.020201	0.000070	0.030734	-0.023419	0.020201	290695867.258760
2019-11-10	0.074389	0.000891	0.095539	-0.001083	0.074389	343258930.154490
2019-11-09	0.012855	-0.000599	0.021575	-0.003727	0.012855	187035480.797762
2019-11-08	-0.041681	-0.000109	0.017175	-0.059512	-0.041681	271749982.200919
2019-11-07	-0.043614	-0.001171	0.000743	-0.053942	-0.043614	332631177.340798
2019-11-06	-0.045381	0.000884	0.012493	-0.052689	-0.045381	352059614.281394
2019-11-05	0.075588	0.005594	0.115514	0.005480	0.075588	762923850.238008
2019-11-04	0.105638	0.001068	0.105638	-0.016709	0.105638	347400348.971982
2019-11-03	-0.030495	0.000258	0.008507	-0.044665	-0.030495	310422868.806133
2019-11-02	0.029367	-0.000213	0.029727	-0.000216	0.029367	287438283.642462
2019-11-01	0.061587	-0.000389	0.092095	-0.006386	0.061587	412594573.483463
2019-10-31	0.010015	0.000678	0.013564	-0.024946	0.010015	279328070.936389
2019-10-30	-0.024430	0.001378	0.006429	-0.042408	-0.024430	271281035.792470
2019-10-29	0.021727	-0.000144	0.053682	-0.001178	0.021727	279077969.122090
2019-10-28	0.004105	0.000560	0.041074	-0.003109	0.004105	325857618.095183
2019-10-27	0.031258	0.000441	0.032461	-0.010148	0.031258	287822040.317822
2019-10-26	-0.018873	-0.000332	0.044672	-0.024513	-0.018873	347428869.301487
2019-10-25	0.051957	0.000503	0.065765	-0.008810	0.051957	302338873.945725
2019-10-24	0.010464	0.001226	0.029257	-0.012968	0.010464	235695882.852282
2019-10-23	-0.045016	0.001970	0.012645	-0.064907	-0.045016	257731071.255064
2019-10-22	-0.018192	0.001082	0.008381	-0.019227	-0.018192	191351126.455543
2019-10-21	0.011514	0.000202	0.014412	-0.003501	0.011514	189287650.282435
2019-10-20	0.002492	0.000192	0.009296	-0.008736	0.002492	228457502.358658
2019-10-19	-0.009835	0.000654	0.001584	-0.013400	-0.009835	212225224.942878
2019-10-18	-0.012870	-0.000165	0.000906	-0.033375	-0.012870	258071461.861765
2019-10-17	0.034391	0.000457	0.034782	-0.007585	0.034391	258080003.474358
2019-10-16	-0.028983	0.000862	0.008914	-0.041286	-0.028983	234805478.703742
2019-10-15	-0.010183	-0.000094	0.009276	-0.027281	-0.010183	231975479.563104
2019-10-14	0.079632	0.000848	0.079943	0.000821	0.079632	212625323.923284
2019-10-13	0.008498	-0.000638	0.038885	-0.008364	0.008498	168514765.406162
2019-10-12	-0.019596	-0.000544	0.019458	-0.029395	-0.019596	160068975.492867
2019-10-11	-0.018164	0.001200	0.013301	-0.046032	-0.018164	188990156.185474
2019-10-10	-0.022238	-0.000390	0.000755	-0.028642	-0.022238	193649300.822634
2019-10-09	0.023737	-0.000078	0.034651	-0.008885	0.023737	277951501.165889
2019-10-08	0.007965	-0.000227	0.019496	-0.004244	0.007965	214910502.058177
2019-10-07	0.039005	-0.000220	0.053165	-0.006124	0.039005	257114960.662564
2019-10-06	0.000738	-0.000015	0.008723	-0.010488	0.000738	166037941.169331
2019-10-05	-0.000785	-0.000679	0.004085	-0.010349	-0.000785	101952262.521686
2019-10-04	0.003736	-0.000778	0.018029	-0.008466	0.003736	111323954.471698
2019-10-03	-0.015332	-0.000372	0.000777	-0.024523	-0.015332	125596787.414088
2019-10-02	0.011656	-0.000381	0.011785	-0.016864	0.011656	143895582.304922
2019-10-01	-0.038039	0.001621	0.010097	-0.047057	-0.038039	163726395.202371
2019-09-30	0.056993	-0.000317	0.061121	-0.013183	0.056993	214887043.208885
2019-09-29	-0.009081	0.000185	0.027327	-0.025104	-0.009081	162849826.849928
2019-09-28	-0.020695	-0.001712	0.023028	-0.036789	-0.020695	205415431.111215
2019-09-27	0.023809	0.000164	0.027614	-0.025947	0.023809	233545826.306830
2019-09-26	0.026092	-0.000047	0.085091	-0.031516	0.026092	301698500.584007
2019-09-25	0.046144	-0.003233	0.084733	-0.019386	0.046144	256568953.103323
2019-09-24	-0.128608	0.002595	0.062143	-0.131954	-0.128608	291704553.607849
2019-09-23	-0.092454	0.000695	0.018072	-0.092454	-0.092454	250065643.555341
2019-09-22	-0.030918	0.001197	0.010893	-0.073761	-0.030918	205953711.301368
2019-09-21	-0.037787	-0.000200	0.014112	-0.043838	-0.037787	253088728.594429
2019-09-20	-0.091852	0.000456	0.000996	-0.128550	-0.091852	354516894.322271
2019-09-19	-0.020827	0.000161	0.057598	-0.112546	-0.020827	576321168.160553
2019-09-18	0.303913	-0.001500	0.357221	-0.030439	0.303913	483022971.670811
2019-09-17	0.087409	0.000322	0.110669	-0.002680	0.087409	206732127.364969
2019-09-16	0.008565	0.000821	0.018047	-0.001020	0.008565	134036402.703994
2019-09-15	0.006635	0.000307	0.018295	-0.018444	0.006635	92378655.479880
2019-09-14	0.014057	-0.001217	0.031216	-0.004279	0.014057	154528512.686030
2019-09-13	-0.026145	-0.049391	0.002086	-0.049875	-0.026145	147493876.765038
2019-09-12	-0.022003	0.001141	0.005066	-0.077746	-0.022003	100813825.502340
2019-09-11	0.024180	0.000241	0.032571	-0.026434	0.024180	148593461.334088
2019-09-10	-0.024623	-0.000412	0.021403	-0.038646	-0.024623	138086879.783706
2019-09-09	-0.017008	0.000151	0.013882	-0.042359	-0.017008	174615382.451576
2019-09-08	0.024879	0.003100	0.050237	-0.036629	0.024879	162947636.638485
2019-09-07	0.012942	-0.000851	0.049763	-0.001825	0.012942	163818895.019828
2019-09-06	-0.030047	0.000073	0.009165	-0.035670	-0.030047	131869516.756374
2019-09-05	-0.027614	0.000173	0.002440	-0.029725	-0.027614	115399203.975836
2019-09-04	-0.016311	0.000213	0.000888	-0.021500	-0.016311	110306690.741385
2019-09-03	-0.000373	0.000298	0.011360	-0.009696	-0.000373	116050339.608847
2019-09-02	0.012235	0.000024	0.016597	-0.011520	0.012235	77297229.024180
2019-09-01	-0.007352	0.000041	0.017017	-0.019440	-0.007352	72357367.332032
2019-08-31	0.010147	0.000071	0.023712	-0.004133	0.010147	94063205.479830
2019-08-30	-0.010407	0.001588	0.014363	-0.020023	-0.010407	83811218.476086
2019-08-29	-0.050818	0.001218	0.003536	-0.083049	-0.050818	99453293.479123
2019-08-28	-0.035781	-0.000248	0.046335	-0.050984	-0.035781	114989101.806112
2019-08-27	-0.019987	0.000315	0.024642	-0.034256	-0.019987	104867452.195043
2019-08-26	-0.020748	-0.001803	0.020541	-0.066531	-0.020748	118501190.779458
2019-08-25	0.065622	-0.000117	0.078401	-0.009359	0.065622	116852501.320964
2019-08-24	-0.024127	0.000540	0.009804	-0.033954	-0.024127	116818090.356931
2019-08-23	0.042151	0.000204	0.050198	-0.008513	0.042151	111043772.208582
2019-08-22	-0.023040	-0.000611	0.026576	-0.054865	-0.023040	110588268.200111
2019-08-21	-0.035653	0.001553	0.001783	-0.045808	-0.035653	110167825.881904
2019-08-20	-0.022208	0.000483	0.002594	-0.037748	-0.022208	89078887.501594
2019-08-19	0.014256	0.000050	0.016070	-0.005651	0.014256	58818262.658095
2019-08-18	0.042683	0.000557	0.053274	-0.003450	0.042683	66660569.375836
2019-08-17	-0.014994	0.000231	0.005222	-0.026777	-0.014994	55150616.807323
2019-08-16	-0.019070	0.000239	0.000757	-0.039245	-0.019070	78485092.768174
2019-08-15	0.015582	0.000221	0.023162	-0.039091	0.015582	90818715.673778
2019-08-14	-0.067139	0.000213	0.001190	-0.080137	-0.067139	120226159.476538
2019-08-13	-0.016608	-0.000277	0.000982	-0.032382	-0.016608	66931104.012520
2019-08-12	-0.031172	0.000048	0.001812	-0.032751	-0.031172	59481831.818233
2019-08-11	0.055476	-0.000021	0.081127	-0.001238	0.055476	78355613.544797
2019-08-10	0.021421	0.000395	0.027457	-0.004632	0.021421	86727142.599940
2019-08-09	-0.060555	-0.000165	0.000334	-0.062771	-0.060555	84929046.702827
2019-08-08	-0.022684	-0.000075	0.000740	-0.029591	-0.022684	88983461.329088
2019-08-07	0.005486	0.000087	0.009915	-0.013220	0.005486	78756127.748083
2019-08-06	-0.053337	0.000761	0.000761	-0.064481	-0.053337	97389157.177438
2019-08-05	0.005952	-0.000334	0.026677	-0.007448	0.005952	102754846.833371
2019-08-04	-0.003211	0.000135	0.004147	-0.018272	-0.003211	74352871.285077
2019-08-03	0.004949	-0.000144	0.016254	-0.002836	0.004949	75229978.090192
2019-08-02	-0.012493	0.000375	0.005750	-0.013610	-0.012493	84985502.052323
2019-08-01	-0.010798	0.000601	0.003255	-0.023945	-0.010798	89880667.579598
2019-07-31	0.004429	-0.000303	0.017947	-0.003746	0.004429	93426573.360829
2019-07-30	0.000596	-0.000030	0.010450	-0.017348	0.000596	94791853.656280
2019-07-29	-0.001979	-0.001101	0.020249	-0.009103	-0.001979	80197265.835206
2019-07-28	-0.007651	0.000243	0.005460	-0.032589	-0.007651	70283125.082556
2019-07-27	-0.041403	-0.000271	0.012993	-0.053858	-0.041403	115718523.464635
2019-07-26	0.026556	-0.000089	0.041542	-0.021179	0.026556	114644440.153209
2019-07-25	-0.003635	0.000843	0.019984	-0.007804	-0.003635	127081012.328893
2019-07-24	0.018167	-0.000096	0.021787	-0.033178	0.018167	149224672.981411
2019-07-23	-0.049604	-0.000733	-0.000088	-0.062584	-0.049604	139738991.693923
2019-07-22	-0.025497	0.000071	0.005911	-0.046215	-0.025497	147558601.410435
2019-07-21	-0.041097	-0.001026	-0.000369	-0.062374	-0.041097	171556897.910082
2019-07-20	0.014314	0.000361	0.032811	-0.019255	0.014314	202683212.158655
2019-07-19	0.054977	-0.000433	0.067687	-0.016536	0.054977	251437101.290338
2019-07-18	0.102381	0.000356	0.121513	-0.009971	0.102381	370257694.476204
2019-07-17	0.029483	-0.001450	0.068520	-0.031900	0.029483	405806843.851662
2019-07-16	-0.094483	-0.000507	0.024333	-0.100288	-0.094483	371646280.940511
2019-07-15	0.002789	-0.000141	0.021394	-0.044831	0.002789	264746575.275700
2019-07-14	-0.096562	0.002390	0.008625	-0.099038	-0.096562	257679688.090377
2019-07-13	-0.025476	-0.000050	0.014903	-0.061942	-0.025476	284411670.402066
2019-07-12	0.125912	0.000177	0.150556	-0.003432	0.125912	495900790.930913
2019-07-11	-0.084670	0.000130	0.000648	-0.092553	-0.084670	439572686.656862
2019-07-10	-0.066550	0.000019	0.006437	-0.083917	-0.066550	423744160.550755
2019-07-09	-0.030372	0.000563	0.008958	-0.037305	-0.030372	382565280.399644
2019-07-08	-0.000291	-0.000567	0.011194	-0.010899	-0.000291	265492741.411410
2019-07-07	0.021178	0.000507	0.028372	-0.006725	0.021178	235672563.281024
2019-07-06	0.029873	0.000007	0.043278	0.000007	0.029873	255386487.524684
2019-07-05	0.001663	-0.000350	0.022803	-0.005078	0.001663	347775553.865321
2019-07-04	-0.065580	0.000143	0.001751	-0.066510	-0.065580	377443849.992286
2019-07-03	0.032248	-0.000233	0.033199	-0.002722	0.032248	427409680.820797
2019-07-02	-0.017991	-0.000698	0.006004	-0.054464	-0.017991	475476536.097658
2019-07-01	0.008998	0.000401	0.042264	-0.029919	0.008998	435487153.886305
2019-06-30	-0.088718	0.005481	0.005481	-0.088718	-0.088718	402976986.374634
2019-06-29	0.022178	0.000159	0.041967	-0.050338	0.022178	452566256.532559
2019-06-28	0.042098	0.000127	0.044505	-0.005023	0.042098	490424131.158381
2019-06-27	-0.123410	0.000512	0.009756	-0.156859	-0.123410	614497106.121746
2019-06-26	-0.014966	-0.000086	0.059123	-0.021399	-0.014966	691216184.293586
2019-06-25	-0.025504	0.000192	0.010278	-0.040394	-0.025504	504489449.666079
2019-06-24	0.002910	0.000734	0.012688	-0.017997	0.002910	387038340.471284
2019-06-23	-0.012957	0.000358	0.024121	-0.013830	-0.012957	393971398.780295
2019-06-22	0.040328	0.001192	0.086782	0.000583	0.040328	500748608.396360
2019-06-21	0.020912	-0.000193	0.034289	-0.001169	0.020912	265396329.974185
2019-06-20	-0.022484	0.000426	0.002445	-0.028113	-0.022484	274018148.445020
2019-06-19	-0.002111	-0.000309	0.014626	-0.009840	-0.002111	230628665.835899
2019-06-18	-0.049380	0.000171	0.004235	-0.056040	-0.049380	277401409.580081
2019-06-17	0.009392	-0.000527	0.012904	-0.009685	0.009392	248165709.001446
2019-06-16	0.024256	-0.000445	0.040618	-0.004610	0.024256	330880314.299909
2019-06-15	0.011342	-0.000464	0.018592	-0.005605	0.011342	322647446.807735
2019-06-14	0.004747	0.000289	0.005549	-0.022849	0.004747	352099385.006368
2019-06-13	-0.013585	-0.000577	0.004694	-0.014915	-0.013585	458304560.543188
2019-06-12	0.029467	0.000551	0.033304	-0.008737	0.029467	438940968.255045
2019-06-11	-0.008982	0.000357	0.002824	-0.033951	-0.008982	379804244.936216
2019-06-10	0.033563	-0.000872	0.039485	-0.013072	0.033563	351384677.937567
2019-06-09	-0.050379	-0.000943	0.001649	-0.062978	-0.050379	369553778.183761
2019-06-08	-0.009914	-0.000323	0.005449	-0.025900	-0.009914	395580903.059423
2019-06-07	0.025398	-0.000283	0.038614	-0.004876	0.025398	437227118.158120
2019-06-06	0.025549	-0.000393	0.026818	-0.014321	0.025549	426080833.249176
2019-06-05	-0.006496	0.000201	0.027275	-0.013046	-0.006496	364346500.883768
2019-06-04	-0.060828	0.000544	0.000544	-0.084852	-0.060828	472906605.166861
2019-06-03	-0.055511	-0.000722	0.014812	-0.057919	-0.055511	451453721.109149
2019-06-02	0.033972	0.000185	0.035819	-0.000431	0.033972	428728157.762663
2019-06-01	-0.004210	-0.000141	0.004420	-0.027836	-0.004210	463748029.889499
2019-05-31	0.027656	0.000160	0.029383	-0.028712	0.027656	429586829.044950
2019-05-30	-0.047068	0.000249	0.049103	-0.064034	-0.047068	634399475.911124
2019-05-29	-0.017765	0.000568	0.000755	-0.048716	-0.017765	495108156.127457
2019-05-28	0.015278	-0.000204	0.016210	-0.033861	0.015278	516088336.401932
2019-05-27	0.028045	0.000977	0.063561	-0.006270	0.028045	508588036.626184
2019-05-26	0.058127	-0.000200	0.067102	-0.015000	0.058127	400434267.713078
2019-05-25	-0.000977	0.000448	0.018819	-0.006788	-0.000977	344507034.201553
2019-05-24	0.006214	0.000188	0.033084	-0.014293	0.006214	453216069.023603
2019-05-23	0.007319	-0.000141	0.017046	-0.033968	0.007319	440656425.512232
2019-05-22	-0.074955	-0.000436	0.006779	-0.084236	-0.074955	414103053.174322
2019-05-21	-0.008995	0.000230	0.006252	-0.027277	-0.008995	411336482.865239
2019-05-20	-0.041985	-0.000164	0.000047	-0.075742	-0.041985	502307578.402781
2019-05-19	0.098202	-0.000677	0.109277	-0.009432	0.098202	526532030.902893
2019-05-18	0.017944	0.013129	0.068085	0.005036	0.017944	433692513.356016
2019-05-17	-0.078091	-0.000509	0.011879	-0.130835	-0.078091	539181495.792889
2019-05-16	0.002054	0.001243	0.155803	-0.031861	0.002054	837742776.518622
2019-05-15	0.212466	0.000901	0.212466	-0.000619	0.212466	570303021.766004
2019-05-14	0.125265	0.000204	0.147963	-0.008041	0.125265	803031426.365040
2019-05-13	0.015672	0.000878	0.042506	-0.001324	0.015672	388830187.198930
2019-05-12	-0.051443	-0.000959	0.017997	-0.070614	-0.051443	347468948.793457
2019-05-11	0.127378	-0.000297	0.143316	-0.001257	0.127378	377230950.843018
2019-05-10	0.024600	0.000435	0.036490	-0.015301	0.024600	241131698.580878
2019-05-09	-0.036982	-0.000070	0.020909	-0.057628	-0.036982	220103356.988925
2019-05-08	-0.012950	-0.000193	0.001139	-0.015271	-0.012950	205343058.452630
2019-05-07	-0.029473	-0.002000	0.014496	-0.029473	-0.029473	212014100.640937
2019-05-06	-0.011302	0.001178	0.006685	-0.034128	-0.011302	216507558.515787
2019-05-05	-0.007522	0.000859	0.020860	-0.023484	-0.007522	205158492.988437
2019-05-04	-0.025593	-0.000292	0.013330	-0.036043	-0.025593	239944327.166243
2019-05-03	0.020150	-0.000340	0.045698	-0.017035	0.020150	251161108.185815
2019-05-02	-0.010623	0.000884	0.007538	-0.026196	-0.010623	206633883.319184
2019-05-01	0.013984	-0.000742	0.021887	-0.002700	0.013984	193384687.737681
2019-04-30	0.036060	-0.000378	0.039441	-0.001666	0.036060	195522091.711145
2019-04-29	-0.022907	-0.000001	0.017062	-0.037819	-0.022907	193230515.544512
2019-04-28	-0.012154	0.000411	0.008230	-0.021736	-0.012154	184650540.393639
2019-04-27	0.008181	0.000841	0.019287	-0.005688	0.008181	201403657.850290
2019-04-26	0.000661	0.000526	0.019955	-0.018795	0.000661	253112252.378245
2019-04-25	-0.040527	0.000236	0.024768	-0.042278	-0.040527	257140761.123902
2019-04-24	-0.076591	-0.000272	-0.000272	-0.094631	-0.076591	296187705.426022
2019-04-23	-0.014720	0.000046	0.010060	-0.021134	-0.014720	249524440.217602
2019-04-22	0.009699	0.000297	0.017073	-0.015463	0.009699	247272040.335070
2019-04-21	-0.027074	-0.000460	0.002561	-0.046939	-0.027074	244064678.414072
2019-04-20	-0.001768	0.000782	0.013850	-0.014866	-0.001768	231893389.756902
2019-04-19	-0.013855	-0.000728	-0.000394	-0.022387	-0.013855	274207136.050233
2019-04-18	0.006230	0.000157	0.022297	-0.008985	0.006230	281638808.454527
2019-04-17	-0.007395	0.000060	0.000060	-0.023256	-0.007395	299495677.051748
2019-04-16	0.034117	0.000097	0.034117	-0.015276	0.034117	228442392.635604
2019-04-15	-0.026013	-0.000143	0.024087	-0.032278	-0.026013	244231542.620771
2019-04-14	0.006604	0.000175	0.072394	-0.018021	0.006604	233364143.070898
2019-04-13	0.011246	-0.000202	0.026186	-0.003551	0.011246	274954170.771599
2019-04-12	-0.017789	0.000530	0.000530	-0.037163	-0.017789	298547661.978118
2019-04-11	-0.069955	0.000190	0.003329	-0.100626	-0.069955	367545646.138977
2019-04-10	0.000615	-0.000181	0.024229	-0.010244	0.000615	315278612.916780
2019-04-09	-0.050088	0.000144	0.000144	-0.054489	-0.050088	317403406.406195
2019-04-08	0.012989	0.001469	0.033745	-0.028430	0.012989	356932080.225948
2019-04-07	0.044694	-0.000175	0.059485	-0.010434	0.044694	349981245.895830
2019-04-06	-0.012962	0.000092	0.029933	-0.024986	-0.012962	309328452.170080
2019-04-05	0.063798	0.000015	0.076897	-0.000626	0.063798	443759813.420274
2019-04-04	-0.021023	-0.000210	0.033185	-0.035288	-0.021023	335300168.214295
2019-04-03	-0.004607	-0.000344	0.084179	-0.019605	-0.004607	342896671.719605
2019-04-02	0.112078	0.000112	0.113416	-0.004995	0.112078	574669735.638066
2019-04-01	0.018244	-0.000088	0.023599	-0.002244	0.018244	301225293.289655
2019-03-31	0.002719	0.000594	0.006788	-0.012437	0.002719	268624667.093995
2019-03-30	-0.001974	0.000057	0.043899	-0.017540	-0.001974	328747048.367364
2019-03-29	0.001225	-0.000223	0.009455	-0.011483	0.001225	289766754.467718
2019-03-28	-0.005756	-0.000415	0.008221	-0.019141	-0.005756	215643531.878457
2019-03-27	0.045297	0.000012	0.047150	-0.001053	0.045297	306202676.323523
2019-03-26	0.008882	0.000152	0.016928	-0.034541	0.008882	243408090.209805
2019-03-25	-0.033415	0.000903	0.002999	-0.042267	-0.033415	213883511.343473
2019-03-24	-0.020954	-0.003106	0.000366	-0.026160	-0.020954	207117071.631607
2019-03-23	-0.003793	-0.001590	0.008775	-0.015444	-0.003793	214433790.260779
2019-03-22	0.006912	0.000011	0.020769	-0.011704	0.006912	242127249.538869
2019-03-21	-0.031027	0.000912	0.004924	-0.055376	-0.031027	314783766.848451
2019-03-20	-0.016290	0.002981	0.005137	-0.021620	-0.016290	285900109.100679
2019-03-19	-0.023003	0.002447	0.016611	-0.027965	-0.023003	263893227.891229
2019-03-18	0.059687	0.000916	0.079072	-0.009393	0.059687	234881352.057166
2019-03-17	-0.002132	-0.000321	0.000651	-0.013284	-0.002132	149591732.369200
2019-03-16	0.017126	0.000584	0.029052	-0.001033	0.017126	146002755.965248
2019-03-15	0.004675	-0.000577	0.011011	-0.020164	0.004675	128011253.725111
2019-03-14	-0.008565	-0.000888	0.032447	-0.011843	-0.008565	167089003.540098
2019-03-13	0.034419	-0.000830	0.047304	-0.023841	0.034419	158665262.778007
2019-03-12	0.022837	0.000572	0.040274	-0.045868	0.022837	155318737.326057
2019-03-11	0.022237	-0.001739	0.077946	-0.008587	0.022237	233084341.339594
2019-03-10	0.114716	0.003465	0.131795	-0.002540	0.114716	206273828.786256
2019-03-09	0.028629	-0.002386	0.042161	-0.004730	0.028629	138039148.246174
2019-03-08	0.019934	0.000789	0.045492	-0.001835	0.019934	142744835.701500
2019-03-07	-0.000300	-0.000375	0.007677	-0.008082	-0.000300	121504119.937016
2019-03-06	-0.008493	0.000450	0.003606	-0.020842	-0.008493	139934665.310362
2019-03-05	0.033048	-0.000412	0.036913	-0.006641	0.033048	162905353.819231
2019-03-04	-0.042378	-0.003572	-0.002056	-0.063134	-0.042378	133895180.302181
2019-03-03	0.032855	-0.001860	0.048808	-0.012118	0.032855	121355278.626106
2019-03-02	-0.015993	0.000285	0.010619	-0.026336	-0.015993	103522009.132191
2019-03-01	0.003858	0.000020	0.025418	-0.009799	0.003858	115886661.061869
2019-02-28	-0.008030	-0.002109	0.003425	-0.017330	-0.008030	112773497.627529
2019-02-27	-0.006969	0.001467	0.008289	-0.024231	-0.006969	116962260.787655
2019-02-26	-0.005778	-0.001543	0.003561	-0.028192	-0.005778	123369777.837195
2019-02-25	0.036457	-0.003994	0.061761	-0.003994	0.036457	129415110.772462
2019-02-24	-0.106338	0.001371	0.024618	-0.121473	-0.106338	167217215.750717
2019-02-23	0.039586	0.000586	0.049620	-0.009816	0.039586	120783642.594270
2019-02-22	0.017702	-0.001608	0.026294	-0.010008	0.017702	89852657.450846
2019-02-21	-0.028826	0.000597	0.015549	-0.038007	-0.028826	142797864.027323
2019-02-20	0.019478	0.000524	0.019478	-0.032663	0.019478	154754813.613080
2019-02-19	0.075171	0.001497	0.100263	-0.003369	0.075171	183733552.462996
2019-02-18	0.051285	-0.000062	0.055532	-0.001385	0.051285	131352902.594500
2019-02-17	0.015139	-0.000142	0.018415	-0.008776	0.015139	123466543.297097
2019-02-16	-0.010786	-0.000872	0.000732	-0.016986	-0.010786	158123867.418895
2019-02-15	0.034464	0.000391	0.056078	-0.004409	0.034464	188673143.860744
2019-02-14	-0.004614	-0.000193	0.004221	-0.021036	-0.004614	230125006.510037
2019-02-13	-0.008057	0.000584	0.015774	-0.019228	-0.008057	151128266.883839
2019-02-12	0.000273	-0.000290	0.017348	-0.021316	0.000273	181940099.617936
2019-02-11	-0.034810	0.003287	0.003287	-0.035867	-0.034810	193770299.197177
2019-02-10	-0.005140	0.001059	0.007201	-0.036656	-0.005140	133339148.827058
2019-02-09	-0.005116	0.000221	0.009014	-0.015957	-0.005116	128687270.553305
2019-02-08	0.087510	0.000384	0.104970	-0.010571	0.087510	137845933.633546
2019-02-07	0.004043	0.001433	0.035010	-0.009858	0.004043	121452716.039213
2019-02-06	-0.044869	0.002342	0.006139	-0.054782	-0.044869	153042575.340289
2019-02-05	-0.023181	-0.001870	0.000176	-0.034360	-0.023181	93209183.626202
2019-02-04	-0.019877	-0.000623	0.011076	-0.020691	-0.019877	83103229.045167
2019-02-03	-0.020981	-0.000083	0.003434	-0.031512	-0.020981	106729577.679785
2019-02-02	-0.005861	-0.003487	0.010048	-0.019194	-0.005861	142365605.731638
2019-02-01	0.011489	0.002078	0.021832	-0.025428	0.011489	143454404.647844
2019-01-31	-0.035071	0.000242	0.026410	-0.039125	-0.035071	148616345.441118
2019-01-30	0.020394	-0.002446	0.038863	-0.015281	0.020394	174265316.858796
2019-01-29	-0.045291	0.004766	0.004766	-0.059139	-0.045291	155745244.139976
2019-01-28	-0.087337	0.000735	0.002355	-0.106412	-0.087337	135847054.780878
2019-01-27	-0.036979	-0.001269	0.003374	-0.045486	-0.036979	134988475.977651
2019-01-26	-0.016967	-0.000512	0.026537	-0.026999	-0.016967	142586254.706486
2019-01-25	-0.004596	-0.002361	-0.002361	-0.019770	-0.004596	102773914.912656
2019-01-24	-0.003568	-0.002015	0.000864	-0.013208	-0.003568	109073512.653564
2019-01-23	-0.014661	0.000298	0.002367	-0.024193	-0.014661	97605044.979118
2019-01-22	0.006993	0.002615	0.015534	-0.016347	0.006993	129057417.979640
2019-01-21	-0.012630	-0.000183	0.001470	-0.019351	-0.012630	111143573.584725
2019-01-20	-0.033262	-0.001009	0.005558	-0.040265	-0.033262	123424389.820159
2019-01-19	0.013888	0.000395	0.030351	-0.001061	0.013888	111942029.921242
2019-01-18	-0.015122	-0.001375	0.004393	-0.024515	-0.015122	84272978.310288
2019-01-17	0.014685	-0.001716	0.018381	-0.011457	0.014685	110024544.384771
2019-01-16	0.011413	0.001435	0.022475	-0.000059	0.011413	92258083.033891
2019-01-15	-0.036155	-0.002074	0.002774	-0.038507	-0.036155	89555966.547969
2019-01-14	0.058303	0.000385	0.062918	0.000385	0.058303	110842788.581639
2019-01-13	-0.029555	-0.000060	0.046937	-0.033094	-0.029555	119389904.417984
2019-01-12	-0.005287	-0.000580	0.003918	-0.014475	-0.005287	103509556.762330
2019-01-11	-0.023180	-0.010035	0.018434	-0.033381	-0.023180	102731220.350862
2019-01-10	-0.112267	0.000446	0.037320	-0.133520	-0.112267	128623287.972758
2019-01-09	0.005325	0.000769	0.010478	-0.007345	0.005325	94733729.573650
2019-01-08	-0.000822	0.000324	0.048454	-0.021744	-0.000822	104584394.189377
2019-01-07	0.023562	-0.000670	0.030921	-0.003011	0.023562	95010987.828720
2019-01-06	0.055569	0.000238	0.065591	-0.006602	0.055569	93094440.380738
2019-01-05	-0.011400	-0.002024	0.010861	-0.015824	-0.011400	88463993.512362
2019-01-04	0.013500	-0.000410	0.028731	-0.009798	0.013500	80564461.690289
2019-01-03	-0.046147	-0.003227	-0.002975	-0.048274	-0.046147	90192344.259737
2019-01-02	0.029340	0.001072	0.029657	-0.014947	0.029340	106949561.278349
2019-01-01	0.027627	0.001048	0.050457	-0.005235	0.027627	91630088.219738
2018-12-31	-0.039314	0.002376	0.003903	-0.041932	-0.039314	101118303.416673
2018-12-30	-0.005137	0.002096	0.011085	-0.014461	-0.005137	87412670.146022
2018-12-29	-0.027572	0.002419	0.008015	-0.027572	-0.027572	99849381.663357
2018-12-28	0.098630	0.000246	0.111091	-0.007496	0.098630	122279839.315762
2018-12-27	-0.083917	-0.000992	0.000316	-0.086643	-0.083917	84397745.239562
2018-12-26	-0.008838	0.000430	0.031621	-0.031144	-0.008838	105367076.061331
2018-12-25	-0.081780	0.004550	0.006209	-0.100940	-0.081780	111648902.708587
2018-12-24	0.046880	0.000655	0.116645	0.000655	0.046880	169588599.051714
2018-12-23	0.031246	0.003733	0.046798	-0.001190	0.031246	128331036.124762
2018-12-22	0.023630	0.000672	0.030618	-0.021556	0.023630	131136807.263220
2018-12-21	-0.052423	-0.002936	0.054442	-0.072475	-0.052423	140455598.292557
2018-12-20	0.107707	-0.003330	0.117410	-0.006318	0.107707	125348361.445454
2018-12-19	-0.000741	0.003509	0.107290	-0.000741	-0.000741	113320279.695791
2018-12-18	0.042277	-0.000198	0.042277	-0.018966	0.042277	96486763.421485
2018-12-17	0.139336	0.002207	0.170983	0.000206	0.139336	103169893.836647
2018-12-16	0.008784	0.000323	0.043448	-0.001774	0.008784	64490414.925920
2018-12-15	-0.023536	0.001301	0.017116	-0.047061	-0.023536	80164248.854089
2018-12-14	-0.076186	-0.001361	-0.001361	-0.093750	-0.076186	75210407.127225
2018-12-13	-0.069401	0.000560	0.000560	-0.080281	-0.069401	51964279.165491
2018-12-12	0.007580	-0.001513	0.030143	-0.013764	0.007580	90782295.024575
2018-12-11	-0.045816	-0.001994	0.007675	-0.049589	-0.045816	198352455.868902
2018-12-10	-0.048860	-0.000884	0.008983	-0.064392	-0.048860	92973561.068673
2018-12-09	0.044836	-0.003299	0.063403	-0.006606	0.044836	184624488.016792
2018-12-08	0.032359	0.001108	0.086242	-0.023385	0.032359	157281951.686218
2018-12-07	-0.036220	-0.001029	-0.001029	-0.105886	-0.036220	174082644.374272
2018-12-06	-0.120215	-0.002534	0.024204	-0.120215	-0.120215	152806951.660851
2018-12-05	-0.079356	0.001139	0.001644	-0.079356	-0.079356	68043240.499967
2018-12-04	-0.012590	-0.001665	0.033487	-0.020805	-0.012590	71173372.902615
2018-12-03	-0.067157	0.002360	0.005714	-0.074680	-0.067157	76449398.848446
2018-12-02	-0.036256	-0.004918	0.020888	-0.039927	-0.036256	75295614.215136
2018-12-01	0.048548	0.002887	0.072420	-0.013729	0.048548	83084024.699385
2018-11-30	-0.039070	-0.000743	0.044434	-0.066896	-0.039070	95843386.779123
2018-11-29	0.017524	-0.002504	0.060840	-0.042000	0.017524	88862063.578013
2018-11-28	0.123727	-0.001822	0.160915	-0.001822	0.123727	101285000.000000
2018-11-27	-0.002908	-0.003039	0.012908	-0.047018	-0.002908	81742500.000000
2018-11-26	-0.092803	-0.002581	0.022906	-0.138590	-0.092803	105913000.000000
2018-11-25	0.035031	0.007944	0.035109	-0.132752	0.035031	137467000.000000
2018-11-24	-0.149031	0.003868	0.020876	-0.177406	-0.149031	98670200.000000
2018-11-23	-0.035070	-0.001896	0.008775	-0.062221	-0.035070	101304000.000000
2018-11-22	-0.078016	-0.001124	0.006981	-0.078016	-0.078016	81440600.000000
2018-11-21	0.054324	0.004255	0.078605	-0.036388	0.054324	108181000.000000
2018-11-20	-0.139115	0.000717	0.027089	-0.176969	-0.139115	154290000.000000
2018-11-19	-0.101482	-0.000577	-0.000577	-0.101791	-0.101482	130056000.000000
2018-11-18	0.019724	-0.000135	0.035264	-0.000135	0.019724	101810000.000000
2018-11-17	0.025443	-0.008780	0.033264	-0.020858	0.025443	95893400.000000
2018-11-16	-0.012788	-0.007758	0.023758	-0.024588	-0.012788	116280000.000000
2018-11-15	0.038195	0.000051	0.050162	-0.073622	0.038195	97300800.000000
2018-11-14	-0.095986	-0.003227	-0.003227	-0.146128	-0.095986	100039000.000000
2018-11-13	-0.035683	0.000830	0.009752	-0.043015	-0.035683	71147400.000000
2018-11-12	-0.022949	0.001586	0.038084	-0.024484	-0.022949	98560700.000000
2018-11-11	0.047372	-0.003242	0.052544	-0.009413	0.047372	109488000.000000
2018-11-10	0.022259	0.000180	0.022259	-0.002344	0.022259	53086500.000000
2018-11-09	-0.001957	-0.001297	0.031877	-0.008530	-0.001957	71764800.000000
2018-11-08	-0.002629	-0.000744	0.026726	-0.027474	-0.002629	88138000.000000
2018-11-07	-0.033427	0.001050	0.001050	-0.045675	-0.033427	78967900.000000
2018-11-06	0.077342	0.001298	0.083191	0.001298	0.077342	101099000.000000
2018-11-05	0.020241	-0.003439	0.021176	-0.007478	0.020241	54187000.000000
2018-11-04	0.025167	0.000348	0.037716	-0.003619	0.025167	57585400.000000
2018-11-03	0.006241	-0.000623	0.023907	-0.008888	0.006241	50502800.000000
2018-11-02	0.050681	0.000309	0.059889	0.000309	0.050681	50452100.000000
2018-11-01	-0.002354	0.003978	0.076337	-0.004300	-0.002354	38696300.000000
2018-10-31	-0.007206	0.004998	0.012653	-0.032631	-0.007206	42791700.000000
2018-10-30	0.012305	-0.000706	0.017859	-0.002586	0.012305	43111300.000000
2018-10-29	-0.045149	-0.005123	-0.000653	-0.050363	-0.045149	45544800.000000
2018-10-28	0.017971	0.001871	0.023256	-0.005980	0.017971	39381600.000000
2018-10-27	-0.022439	-0.000654	0.005115	-0.024832	-0.022439	38499600.000000
2018-10-26	-0.006938	-0.001333	0.005436	-0.021044	-0.006938	35741700.000000
2018-10-25	-0.008891	-0.000946	0.005506	-0.016904	-0.008891	39745700.000000
2018-10-24	-0.018393	-0.001924	0.009116	-0.021980	-0.018393	39973400.000000
2018-10-23	-0.000602	0.000536	0.019071	-0.012349	-0.000602	39384600.000000
2018-10-22	0.002635	-0.005585	0.009809	-0.014397	0.002635	40765500.000000
2018-10-21	-0.010066	-0.001884	0.016672	-0.018232	-0.010066	46623600.000000
2018-10-20	0.005472	0.009743	0.026131	-0.007791	0.005472	60012800.000000
2018-10-19	0.014203	-0.002435	0.028323	-0.020238	0.014203	45872300.000000
2018-10-18	-0.003956	0.002354	0.023190	-0.033810	-0.003956	59461700.000000
2018-10-17	0.054501	0.006952	0.067085	-0.001619	0.054501	74599800.000000
2018-10-16	0.022318	-0.002359	0.030565	-0.004480	0.022318	42468100.000000
2018-10-15	0.061182	-0.002294	0.096167	-0.010536	0.061182	71749600.000000
2018-10-14	-0.021722	-0.000209	0.020953	-0.028011	-0.021722	36498700.000000
2018-10-13	-0.005657	-0.002051	0.016345	-0.007615	-0.005657	46116600.000000
2018-10-12	0.043446	-0.002705	0.054850	-0.004608	0.043446	48988300.000000
2018-10-11	-0.143034	-0.002699	-0.002699	-0.144934	-0.143034	75872400.000000
2018-10-10	-0.009520	-0.001029	0.007712	-0.023381	-0.009520	40184400.000000
2018-10-09	-0.020457	0.002249	0.005116	-0.024750	-0.020457	40657100.000000
2018-10-08	0.015791	-0.004679	0.036167	-0.016064	0.015791	41913600.000000
2018-10-07	0.022384	0.010848	0.029265	-0.009029	0.022384	33460000.000000
2018-10-06	-0.022109	-0.000224	0.011102	-0.025918	-0.022109	34392600.000000
2018-10-05	0.003742	-0.003185	0.013681	-0.015593	0.003742	38001100.000000
2018-10-04	0.013030	-0.001999	0.030095	-0.004628	0.013030	36170200.000000
2018-10-03	-0.028797	-0.001418	0.003593	-0.042117	-0.028797	47661800.000000
2018-10-02	-0.039156	-0.000569	0.005333	-0.039156	-0.039156	50886900.000000
2018-10-01	-0.004603	-0.001995	0.015200	-0.023864	-0.004603	67813900.000000
2018-09-30	0.022414	0.002127	0.034611	-0.004848	0.022414	64864600.000000
2018-09-29	-0.000862	-0.006587	0.020490	-0.033877	-0.000862	54822100.000000
2018-09-28	-0.019632	0.003013	0.014397	-0.038358	-0.019632	63003000.000000
2018-09-27	0.059032	-0.003195	0.081347	-0.003195	0.059032	99370800.000000
2018-09-26	-0.029880	-0.006686	0.022393	-0.054660	-0.029880	89889500.000000
2018-09-25	-0.026026	-0.002521	-0.002521	-0.098820	-0.026026	118361000.000000
2018-09-24	-0.079687	-0.005844	0.003641	-0.094231	-0.079687	135616000.000000
2018-09-23	0.176625	0.000869	0.255199	-0.001714	0.176625	317587000.000000
2018-09-22	-0.040070	-0.004603	0.001192	-0.073063	-0.040070	76614200.000000
2018-09-21	0.074662	0.004938	0.188183	-0.000875	0.074662	182926000.000000
2018-09-20	0.122645	0.000024	0.168820	-0.003442	0.122645	89258100.000000
2018-09-19	-0.008896	-0.004342	0.013152	-0.041263	-0.008896	48741100.000000
2018-09-18	0.058884	-0.001687	0.091095	-0.012407	0.058884	55982400.000000
2018-09-17	-0.046889	-0.001947	0.011002	-0.052685	-0.046889	42653700.000000
2018-09-16	0.016279	-0.000571	0.025999	-0.020541	0.016279	41913100.000000
2018-09-15	0.007232	-0.002637	0.019282	-0.006107	0.007232	37685700.000000
2018-09-14	-0.029176	-0.003984	0.008234	-0.043074	-0.029176	49018400.000000
2018-09-13	0.047974	-0.001906	0.064748	-0.001906	0.047974	68042900.000000
2018-09-12	-0.013816	0.000711	0.029512	-0.073044	-0.013816	81499500.000000
2018-09-11	0.053616	0.003359	0.084328	-0.030156	0.053616	77490400.000000
2018-09-10	-0.010074	-0.008621	0.013435	-0.023094	-0.010074	51759700.000000
2018-09-09	-0.008517	-0.000751	0.043279	-0.021822	-0.008517	54678800.000000
2018-09-08	-0.063685	0.001599	0.019368	-0.069786	-0.063685	52306100.000000
2018-09-07	0.000858	-0.003099	0.019226	-0.032586	0.000858	60828100.000000
2018-09-06	0.000227	-0.007371	0.000227	-0.057526	0.000227	71466100.000000
2018-09-05	-0.103045	0.002962	0.008466	-0.103045	-0.103045	69435700.000000
2018-09-04	0.026375	-0.015640	0.054228	-0.023100	0.026375	52972600.000000
2018-09-03	0.002585	-0.000320	0.033260	-0.024962	0.002585	47867700.000000
2018-09-02	-0.021670	-0.000039	0.029701	-0.035930	-0.021670	44368300.000000
2018-09-01	0.034430	0.001049	0.050888	-0.000450	0.034430	57559200.000000
2018-08-31	0.005315	0.004083	0.010231	-0.026881	0.005315	49383600.000000
2018-08-30	-0.023469	0.002860	0.013280	-0.057690	-0.023469	52981700.000000
2018-08-29	-0.036354	-0.002134	0.009380	-0.046553	-0.036354	59888100.000000
2018-08-28	0.041289	-0.002364	0.050431	-0.010109	0.041289	66510100.000000
2018-08-27	0.049325	-0.004292	0.051322	-0.005809	0.049325	50597200.000000
2018-08-26	-0.013568	0.027852	0.027852	-0.033536	-0.013568	41019000.000000
2018-08-25	-0.009149	0.007006	0.026432	-0.026687	-0.009149	37623300.000000
2018-08-24	-0.010605	-0.032818	0.014890	-0.049441	-0.010605	46565700.000000
2018-08-23	0.073786	0.032606	0.073786	-0.003161	0.073786	50407300.000000
2018-08-22	-0.036384	0.021033	0.109838	-0.044526	-0.036384	57593700.000000
2018-08-21	-0.008080	0.006560	0.049608	-0.027114	-0.008080	57619800.000000
2018-08-20	-0.028134	0.032763	0.059002	-0.041015	-0.028134	56916000.000000
2018-08-19	-0.006743	-0.002720	0.033469	-0.031164	-0.006743	58941500.000000
2018-08-18	-0.058311	0.004216	0.030027	-0.073576	-0.058311	73536300.000000
2018-08-17	0.102244	-0.002208	0.109535	-0.003092	0.102244	85576200.000000
2018-08-16	-0.004250	-0.004927	0.023217	-0.035998	-0.004250	66979600.000000
2018-08-15	0.001144	0.007286	0.067995	-0.001241	0.001144	98247500.000000
2018-08-14	-0.030654	-0.004147	-0.004147	-0.104044	-0.030654	95074200.000000
2018-08-13	-0.000188	-0.000899	0.087370	-0.017410	-0.000188	100249000.000000
2018-08-12	0.027271	0.002573	0.050582	-0.005577	0.027271	69114300.000000
2018-08-11	-0.034445	-0.002156	-0.001553	-0.100142	-0.034445	87523800.000000
2018-08-10	0.018041	-0.001581	0.068752	-0.025868	0.018041	110186000.000000
2018-08-09	0.099746	0.001500	0.121306	-0.013012	0.099746	75813300.000000
2018-08-08	-0.127111	-0.002874	-0.002874	-0.150573	-0.127111	68469800.000000
2018-08-07	-0.017183	-0.002582	0.045555	-0.024337	-0.017183	64467600.000000
2018-08-06	-0.038953	0.003272	0.017075	-0.049882	-0.038953	52688700.000000
2018-08-05	0.014515	0.001583	0.025751	-0.019259	0.014515	50833600.000000
2018-08-04	-0.070406	-0.004615	0.008059	-0.086714	-0.070406	62650500.000000
2018-08-03	-0.008561	0.002186	0.029580	-0.055396	-0.008561	78914000.000000
2018-08-02	-0.054570	0.002291	0.018576	-0.054570	-0.054570	64773900.000000
2018-08-01	-0.006262	0.000424	0.015809	-0.045207	-0.006262	78075400.000000
2018-07-31	-0.060536	-0.001524	-0.001524	-0.094944	-0.060536	90072600.000000
2018-07-30	-0.040454	0.000798	0.000798	-0.088629	-0.040454	87990000.000000
2018-07-29	-0.021667	0.003718	0.010288	-0.032002	-0.021667	69073696.000000
2018-07-28	-0.005217	0.002859	0.019310	-0.018499	-0.005217	72393904.000000
2018-07-27	0.023679	-0.004100	0.042177	-0.041124	0.023679	109249000.000000
2018-07-26	-0.066788	0.001800	0.050216	-0.100227	-0.066788	173806000.000000
2018-07-25	0.100346	-0.013667	0.156600	-0.023546	0.100346	180428000.000000
2018-07-24	0.060031	0.001892	0.070317	-0.012314	0.060031	107505000.000000
2018-07-23	0.002998	-0.001464	0.053983	-0.006793	0.002998	91948800.000000
2018-07-22	-0.029854	-0.005201	0.041747	-0.038418	-0.029854	98754600.000000
2018-07-21	0.076492	-0.004096	0.084724	-0.044123	0.076492	103169000.000000
2018-07-20	-0.102544	-0.000304	0.002152	-0.116739	-0.102544	132780000.000000
2018-07-19	0.013783	-0.005302	0.059889	-0.060024	0.013783	190768000.000000
2018-07-18	0.179601	0.001115	0.257116	-0.004961	0.179601	238660000.000000
2018-07-17	0.063208	0.000319	0.065444	-0.038684	0.063208	60804000.000000
2018-07-16	0.082125	-0.001787	0.082125	-0.010965	0.082125	51377800.000000
2018-07-15	0.057698	0.000741	0.069397	-0.009049	0.057698	51388000.000000
2018-07-14	0.017648	-0.002365	0.034997	-0.035188	0.017648	43684700.000000
2018-07-13	0.099898	0.001438	0.099898	-0.010247	0.099898	49954700.000000
2018-07-12	-0.019973	0.004190	0.004886	-0.051508	-0.019973	35633800.000000
2018-07-11	-0.012429	-0.000334	0.012278	-0.037569	-0.012429	33530700.000000
2018-07-10	-0.077142	-0.006416	-0.002972	-0.078517	-0.077142	36923400.000000
2018-07-09	-0.008838	0.004071	0.017647	-0.014096	-0.008838	38649000.000000
2018-07-08	0.006395	0.002413	0.037218	-0.003919	0.006395	40958600.000000
2018-07-07	0.010025	-0.001342	0.014527	-0.028917	0.010025	36238600.000000
2018-07-06	0.016765	0.000113	0.033082	-0.019643	0.016765	37627900.000000
2018-07-05	-0.032217	0.002279	0.021231	-0.048666	-0.032217	37009800.000000
2018-07-04	0.016577	-0.002612	0.049599	-0.014313	0.016577	33301500.000000
2018-07-03	-0.032071	-0.006939	0.027403	-0.040089	-0.032071	49012200.000000
2018-07-02	0.073414	0.008173	0.076783	-0.029848	0.073414	49362900.000000
2018-07-01	0.026615	-0.002973	0.040765	-0.015567	0.026615	41380400.000000
2018-06-30	0.035965	0.001098	0.067388	0.001098	0.035965	47083800.000000
2018-06-29	0.043358	0.002001	0.049578	-0.032428	0.043358	39542800.000000
2018-06-28	-0.056330	-0.004656	0.013995	-0.066244	-0.056330	32294900.000000
2018-06-27	0.016886	-0.010516	0.037274	-0.018109	0.016886	34514300.000000
2018-06-26	-0.056985	-0.006392	0.000475	-0.065112	-0.056985	31190300.000000
2018-06-25	0.021277	0.000098	0.035216	-0.024892	0.021277	38729400.000000
2018-06-24	-0.048557	-0.001607	-0.001440	-0.124630	-0.048557	43348500.000000
2018-06-23	0.000531	0.001293	0.017325	-0.029355	0.000531	33872100.000000
2018-06-22	-0.107852	-0.001491	0.002039	-0.131550	-0.107852	41435400.000000
2018-06-21	-0.018050	0.001072	0.016702	-0.024463	-0.018050	38175500.000000
2018-06-20	-0.013263	0.004547	0.012158	-0.031937	-0.013263	43000600.000000
2018-06-19	0.004002	-0.003652	0.021816	-0.007369	0.004002	34048000.000000
2018-06-18	0.009763	-0.002533	0.034295	-0.030271	0.009763	36372000.000000
2018-06-17	-0.008272	-0.003824	0.008123	-0.015993	-0.008272	31223300.000000
2018-06-16	-0.000858	-0.007322	0.003543	-0.030264	-0.000858	34627700.000000
2018-06-15	-0.033759	-0.003015	-0.001415	-0.040701	-0.033759	37531000.000000
2018-06-14	0.093531	0.000898	0.099314	-0.008719	0.093531	53521800.000000
2018-06-13	-0.043153	0.002624	0.009629	-0.082408	-0.043153	48479300.000000
2018-06-12	-0.096666	-0.004663	-0.003575	-0.108132	-0.096666	47126900.000000
2018-06-11	0.035630	-0.002241	0.035630	-0.025010	0.035630	47904600.000000
2018-06-10	-0.121450	0.003090	0.003090	-0.138939	-0.121450	54768500.000000
2018-06-09	-0.021076	-0.003098	0.018325	-0.021076	-0.021076	44872900.000000
2018-06-08	-0.021220	-0.001462	0.006934	-0.029262	-0.021220	47014400.000000
2018-06-07	-0.013622	-0.000989	0.025289	-0.021551	-0.013622	49336800.000000
2018-06-06	0.013441	-0.003357	0.019170	-0.016353	0.013441	51165000.000000
2018-06-05	0.007376	-0.000082	0.019928	-0.033283	0.007376	48728900.000000
2018-06-04	-0.035502	0.005691	0.020389	-0.047855	-0.035502	56371200.000000
2018-06-03	0.015076	0.000563	0.036567	-0.000215	0.015076	64563800.000000
2018-06-02	0.028932	0.003238	0.044962	-0.000593	0.028932	58244800.000000
2018-06-01	-0.022349	-0.000394	0.008545	-0.045292	-0.022349	62207300.000000
2018-05-31	0.068065	0.002614	0.089448	-0.014114	0.068065	78378600.000000
2018-05-30	-0.018024	0.003705	0.046029	-0.039919	-0.018024	59599500.000000
2018-05-29	0.115399	0.001459	0.117276	-0.017332	0.115399	62185300.000000
2018-05-28	-0.082475	-0.000170	0.009277	-0.087457	-0.082475	48667900.000000
2018-05-27	-0.029221	-0.001760	-0.001124	-0.035677	-0.029221	45604600.000000
2018-05-26	-0.011713	0.001847	0.023644	-0.017430	-0.011713	40772900.000000
2018-05-25	-0.011221	0.005657	0.024655	-0.025609	-0.011221	45218800.000000
2018-05-24	0.039175	-0.002154	0.057374	-0.015509	0.039175	45262500.000000
2018-05-23	-0.068848	-0.001664	0.002750	-0.093791	-0.068848	39564300.000000
2018-05-22	-0.053537	0.001562	0.010496	-0.053537	-0.053537	31944800.000000
2018-05-21	-0.044154	0.000451	0.001833	-0.051498	-0.044154	27528600.000000
2018-05-20	0.049099	0.001623	0.054052	-0.004284	0.049099	30586700.000000
2018-05-19	-0.007055	0.000473	0.030101	-0.021415	-0.007055	23504200.000000
2018-05-18	0.019110	-0.000727	0.019219	-0.021608	0.019110	31108600.000000
2018-05-17	-0.063285	0.002253	0.047243	-0.070764	-0.063285	31796700.000000
2018-05-16	-0.039513	-0.004727	-0.002210	-0.071538	-0.039513	43623300.000000
2018-05-15	-0.057442	0.000051	0.009771	-0.057442	-0.057442	39801700.000000
2018-05-14	-0.016421	0.001203	0.019859	-0.067417	-0.016421	58938400.000000
2018-05-13	0.044216	-0.000342	0.059477	-0.005462	0.044216	73407904.000000
2018-05-12	0.145377	-0.000286	0.160530	-0.031857	0.145377	93267504.000000
2018-05-11	-0.112187	-0.001506	0.004339	-0.150191	-0.112187	80168200.000000
2018-05-10	-0.063518	-0.000677	0.022764	-0.063518	-0.063518	39548400.000000
2018-05-09	-0.021743	-0.003176	0.006747	-0.069855	-0.021743	54383500.000000
2018-05-08	-0.023581	0.002189	0.039148	-0.039803	-0.023581	50210900.000000
2018-05-07	-0.041754	0.001746	0.004637	-0.075865	-0.041754	48023200.000000
2018-05-06	-0.041615	-0.001246	0.002917	-0.052974	-0.041615	43793500.000000
2018-05-05	-0.000615	0.000176	0.010505	-0.007271	-0.000615	44096200.000000
2018-05-04	-0.014265	0.001955	0.005265	-0.027489	-0.014265	51379800.000000
2018-05-03	-0.004207	-0.000480	0.008312	-0.022348	-0.004207	83481296.000000
2018-05-02	-0.001151	-0.001583	0.016087	-0.012003	-0.001151	68610896.000000
2018-05-01	0.035497	0.002812	0.062589	-0.064600	0.035497	152906000.000000
2018-04-30	-0.073616	0.000617	0.003759	-0.089351	-0.073616	81453296.000000
2018-04-29	0.068747	0.002394	0.076005	-0.009906	0.068747	156688992.000000
2018-04-28	0.096739	-0.001631	0.114377	-0.001631	0.096739	105747000.000000
2018-04-27	0.009106	-0.002882	0.097021	-0.009408	0.009106	177676992.000000
2018-04-26	0.141492	0.005708	0.144558	-0.025044	0.141492	152903008.000000
2018-04-25	-0.152627	-0.006921	-0.005665	-0.177291	-0.152627	130724000.000000
2018-04-24	0.076699	0.001352	0.095126	-0.003397	0.076699	120285000.000000
2018-04-23	0.010836	-0.000592	0.018773	-0.002974	0.010836	57282000.000000
2018-04-22	-0.020029	-0.001214	0.020204	-0.026944	-0.020029	64261400.000000
2018-04-21	-0.039630	0.000890	0.017798	-0.109327	-0.039630	119787000.000000
2018-04-20	0.068406	0.001177	0.087206	-0.026276	0.068406	170282000.000000
2018-04-19	0.041463	0.009051	0.073120	-0.007151	0.041463	171820000.000000
2018-04-18	0.171025	0.000453	0.178077	0.000453	0.171025	158384992.000000
2018-04-17	0.056469	0.002080	0.117337	-0.015404	0.056469	112255000.000000
2018-04-16	-0.022585	-0.001668	0.037648	-0.062307	-0.022585	90408600.000000
2018-04-15	0.159789	0.001241	0.182421	0.001241	0.159789	129731000.000000
2018-04-14	0.017776	-0.003865	0.052097	-0.014982	0.017776	44754800.000000
2018-04-13	0.017223	-0.004163	0.103089	-0.037998	0.017223	112587000.000000
2018-04-12	0.140263	-0.005082	0.140941	-0.025158	0.140263	103292000.000000
2018-04-11	0.065179	0.000913	0.065821	-0.002097	0.065179	40041100.000000
2018-04-10	0.010191	0.000563	0.020047	-0.004693	0.010191	26841200.000000
2018-04-09	-0.043823	0.001652	0.034296	-0.065608	-0.043823	36684300.000000
2018-04-08	0.022382	-0.000208	0.029813	-0.002873	0.022382	18973800.000000
2018-04-07	0.044186	0.001190	0.064314	-0.002204	0.044186	27242100.000000
2018-04-06	-0.023356	-0.000803	0.008614	-0.044711	-0.023356	30056300.000000
2018-04-05	-0.030219	0.014776	0.024717	-0.059797	-0.030219	46694000.000000
2018-04-04	-0.134002	-0.008324	0.003759	-0.141333	-0.134002	58482100.000000
2018-04-03	0.048084	0.004954	0.066556	0.000849	0.048084	76510096.000000
2018-04-02	0.088565	0.002658	0.129735	-0.009120	0.088565	70195696.000000
2018-04-01	-0.000948	0.004570	0.031976	-0.077813	-0.000948	43075500.000000
2018-03-31	0.095611	0.001621	0.169801	0.001621	0.095611	82895904.000000
2018-03-30	-0.010932	-0.001242	0.044744	-0.083246	-0.010932	37767000.000000
2018-03-29	-0.129678	-0.000114	0.010075	-0.143206	-0.129678	44352600.000000
2018-03-28	0.014896	-0.000667	0.045410	-0.004384	0.014896	21717600.000000
2018-03-27	-0.056052	-0.001293	0.001210	-0.103255	-0.056052	37693300.000000
2018-03-26	-0.046222	-0.002892	0.025805	-0.094661	-0.046222	44406300.000000
2018-03-25	0.019242	-0.010025	0.031080	-0.021425	0.019242	31527600.000000
2018-03-24	-0.003070	0.006767	0.040784	-0.008905	-0.003070	37806800.000000
2018-03-23	-0.029049	-0.000900	-0.000900	-0.076604	-0.029049	49937100.000000
2018-03-22	-0.044864	0.002097	0.018426	-0.101804	-0.044864	53777200.000000
2018-03-21	-0.049752	0.010083	0.014259	-0.067870	-0.049752	93970496.000000
2018-03-20	0.070904	-0.000935	0.127309	-0.058555	0.070904	88101600.000000
2018-03-19	0.134951	0.008595	0.134951	-0.034099	0.134951	93820800.000000
2018-03-18	0.066473	-0.001558	0.077864	-0.231305	0.066473	91400496.000000
2018-03-17	-0.101134	0.001244	0.018827	-0.126101	-0.101134	33001800.000000
2018-03-16	-0.044312	0.001384	0.003698	-0.054476	-0.044312	23756700.000000
2018-03-15	-0.032305	0.000663	0.007584	-0.127167	-0.032305	54358800.000000
2018-03-14	-0.143022	0.005710	0.026086	-0.170514	-0.143022	49138300.000000
2018-03-13	-0.005388	-0.005532	0.032279	-0.032475	-0.005388	24814700.000000
2018-03-12	-0.040931	0.000276	0.026218	-0.058790	-0.040931	29443200.000000
2018-03-11	0.039486	-0.002710	0.047929	-0.043118	0.039486	26023900.000000
2018-03-10	-0.061560	0.012054	0.027362	-0.069868	-0.061560	21963200.000000
2018-03-09	-0.000253	-0.002247	0.011227	-0.142605	-0.000253	56838800.000000
2018-03-08	-0.052157	0.002261	0.036536	-0.069537	-0.052157	47233100.000000
2018-03-07	-0.026066	-0.000287	0.033222	-0.111044	-0.026066	62389100.000000
2018-03-06	-0.040110	-0.000790	0.041255	-0.047658	-0.040110	44141000.000000
2018-03-05	-0.027351	0.005103	0.100279	-0.027351	-0.027351	98523696.000000
2018-03-04	0.033590	0.011032	0.038907	-0.022189	0.033590	99892704.000000
2018-03-03	0.093909	-0.003393	0.093909	-0.021052	0.093909	52827100.000000
2018-03-02	-0.056605	-0.001836	0.004394	-0.060310	-0.056605	38378100.000000
2018-03-01	0.016166	0.000605	0.040879	-0.037009	0.016166	46631800.000000
2018-02-28	-0.077710	-0.004533	0.007422	-0.077710	-0.077710	38961000.000000
2018-02-27	-0.006934	0.000145	0.021589	-0.026729	-0.006934	38136100.000000
2018-02-26	0.020366	0.003876	0.040478	-0.030227	0.020366	42535600.000000
2018-02-25	0.006023	-0.001729	0.033159	-0.051931	0.006023	42268800.000000
2018-02-24	-0.070217	0.001838	0.012864	-0.093797	-0.070217	34738100.000000
2018-02-23	0.042402	-0.006312	0.065387	-0.037724	0.042402	56829000.000000
2018-02-22	-0.076413	-0.007244	0.030580	-0.096485	-0.076413	69561104.000000
2018-02-21	-0.013731	-0.006391	0.077738	-0.055791	-0.013731	132189000.000000
2018-02-20	-0.111811	-0.000192	0.005389	-0.118378	-0.111811	104842000.000000
2018-02-19	0.005624	0.000084	0.025209	-0.003117	0.005624	57015400.000000
2018-02-18	-0.059857	0.001628	0.014799	-0.077414	-0.059857	74452000.000000
2018-02-17	0.051881	-0.000753	0.061035	-0.008477	0.051881	104733000.000000
2018-02-16	0.004167	-0.003880	0.010519	-0.025970	0.004167	53289200.000000
2018-02-15	-0.000731	-0.004054	0.021448	-0.021212	-0.000731	106142000.000000
2018-02-14	0.105388	-0.001807	0.114122	-0.020786	0.105388	192628992.000000
2018-02-13	0.037824	0.001946	0.100842	-0.053737	0.037824	196175008.000000
2018-02-12	0.069307	0.011286	0.085985	0.011286	0.069307	61140000.000000
2018-02-11	-0.090575	-0.000592	-0.000592	-0.120512	-0.090575	85791696.000000
2018-02-10	0.014431	-0.006553	0.131778	-0.040180	0.014431	227551008.000000
2018-02-09	0.103154	-0.007850	0.106608	-0.040414	0.103154	144231008.000000
2018-02-08	0.062667	0.008199	0.092855	0.008199	0.062667	121448000.000000
2018-02-07	-0.077360	-0.005003	0.027273	-0.090523	-0.077360	188328000.000000
2018-02-06	0.119625	0.016746	0.130000	-0.195778	0.119625	518084992.000000
2018-02-05	-0.122045	0.015799	0.127532	-0.170336	-0.122045	339507008.000000
2018-02-04	-0.122833	-0.009501	0.087049	-0.147046	-0.122833	231808000.000000
2018-02-03	0.061670	0.002160	0.181702	-0.147852	0.061670	282348992.000000
2018-02-02	-0.112563	-0.002997	-0.002997	-0.373699	-0.112563	396784000.000000
2018-02-01	-0.154395	0.001921	0.005878	-0.203997	-0.154395	172407008.000000
2018-01-31	0.102418	-0.001873	0.133900	-0.100333	0.102418	288692992.000000
2018-01-30	-0.169078	0.002627	0.002627	-0.192687	-0.169078	178892992.000000
2018-01-29	-0.071148	-0.002867	-0.002867	-0.080245	-0.071148	118507000.000000
2018-01-28	0.034842	0.004657	0.044017	0.003894	0.034842	194610000.000000
2018-01-27	-0.032899	-0.003819	0.008730	-0.037592	-0.032899	216912992.000000
2018-01-26	0.042191	-0.010012	0.061696	-0.090515	0.042191	787644032.000000
2018-01-25	0.072730	0.001497	0.146305	-0.019134	0.072730	627336000.000000
2018-01-24	0.166251	0.000683	0.212684	-0.025957	0.166251	669318976.000000
2018-01-23	-0.000315	-0.023233	0.065681	-0.105852	-0.000315	207031008.000000
2018-01-22	0.047878	0.003844	0.141449	-0.067403	0.047878	442542016.000000
2018-01-21	-0.131968	-0.000617	-0.000617	-0.167511	-0.131968	161687008.000000
2018-01-20	0.056190	0.007344	0.081427	-0.008058	0.056190	204012992.000000
2018-01-19	-0.006459	-0.012082	0.051167	-0.055428	-0.006459	207275008.000000
2018-01-18	0.067764	0.004893	0.194647	-0.049438	0.067764	472047008.000000
2018-01-17	0.081574	0.001693	0.141680	-0.308622	0.081574	486788992.000000
2018-01-16	-0.263777	0.001412	0.001412	-0.460333	-0.263777	466139008.000000
2018-01-15	-0.050067	-0.008484	0.062967	-0.050278	-0.050067	345561984.000000
2018-01-14	-0.060617	0.000944	0.000944	-0.132147	-0.060617	116460000.000000
2018-01-13	-0.009434	0.005742	0.063951	-0.051217	-0.009434	189183008.000000
2018-01-12	0.214708	0.001322	0.281861	-0.041874	0.214708	394376000.000000
2018-01-11	-0.015529	-0.005715	0.081977	-0.228464	-0.015529	330878016.000000
2018-01-10	-0.031969	0.004972	0.004972	-0.175204	-0.031969	249019008.000000
2018-01-09	-0.069392	-0.002061	0.032144	-0.097190	-0.069392	208330000.000000
2018-01-08	-0.100511	-0.005278	-0.005278	-0.205641	-0.100511	249426000.000000
2018-01-07	-0.014508	-0.000303	0.049004	-0.068829	-0.014508	347556992.000000
2018-01-06	0.071272	0.000525	0.189819	-0.073051	0.071272	440182016.000000
2018-01-05	-0.084715	0.021279	0.093802	-0.202391	-0.084715	727409024.000000
2018-01-04	-0.192113	-0.004271	0.046771	-0.244058	-0.192113	892268032.000000
2018-01-03	0.586900	-0.003623	0.628983	-0.003885	0.586900	1513270016.000000
2018-01-02	0.176576	0.035141	0.236740	-0.015125	0.176576	676667008.000000
2018-01-01	0.330561	-0.000926	0.451377	-0.000926	0.330561	669372032.000000
2017-12-31	0.116194	-0.016572	0.127165	-0.048725	0.116194	183768000.000000
2017-12-30	0.000808	-0.020028	0.208828	-0.104926	0.000808	537916032.000000
2017-12-29	0.444642	0.001047	0.501986	-0.003865	0.444642	387880000.000000
2017-12-28	-0.024779	-0.006121	-0.003765	-0.125393	-0.024779	75925400.000000
2017-12-27	0.014185	0.001075	0.032073	-0.041143	0.014185	78509400.000000
2017-12-26	-0.010910	0.000604	0.019286	-0.076767	-0.010910	96759296.000000
2017-12-25	0.018093	0.009303	0.044861	-0.052252	0.018093	71737296.000000
2017-12-24	-0.041545	0.011162	0.012836	-0.153515	-0.041545	71071600.000000
2017-12-23	0.080575	0.018896	0.215655	-0.013755	0.080575	116122000.000000
2017-12-22	-0.157399	0.005078	0.073845	-0.372107	-0.157399	229459008.000000
2017-12-21	0.019074	0.002013	0.112526	-0.046413	0.019074	199122000.000000
2017-12-20	-0.045114	0.001903	0.003390	-0.191518	-0.045114	250599008.000000
2017-12-19	-0.043336	-0.000963	0.087667	-0.109659	-0.043336	212548992.000000
2017-12-18	0.036239	0.024552	0.042960	-0.035192	0.036239	201720992.000000
2017-12-17	0.148610	0.010973	0.295328	-0.017848	0.148610	423360992.000000
2017-12-16	0.185146	0.001098	0.208228	-0.028188	0.185146	234172992.000000
2017-12-15	0.036817	0.051126	0.083406	-0.131911	0.036817	260228992.000000
2017-12-14	0.264929	-0.003435	0.404689	-0.012615	0.264929	281635008.000000
2017-12-13	-0.045396	-0.009447	0.040890	-0.102490	-0.045396	107122000.000000
2017-12-12	0.079252	-0.011900	0.119016	-0.060570	0.079252	135847008.000000
2017-12-11	0.215431	-0.008477	0.273169	-0.012678	0.215431	117548000.000000
2017-12-10	-0.117368	0.021691	0.021691	-0.230510	-0.117368	91047600.000000
2017-12-09	-0.015576	0.022483	0.076169	-0.092809	-0.015576	102117000.000000
2017-12-08	0.031673	0.036386	0.095576	-0.098041	0.031673	188452000.000000
2017-12-07	-0.122515	0.011047	0.168353	-0.132263	-0.122515	312352992.000000
2017-12-06	0.227480	-0.015867	0.359528	-0.095343	0.227480	384659008.000000
2017-12-05	0.265479	-0.003784	0.307155	-0.037353	0.265479	152740992.000000
2017-12-04	0.096303	0.005068	0.096303	-0.016635	0.096303	37476600.000000
2017-12-03	-0.050959	-0.003035	0.032941	-0.074355	-0.050959	55809800.000000
2017-12-02	0.043757	0.003346	0.096085	0.000706	0.043757	82791104.000000
2017-12-01	0.233460	-0.009470	0.255092	-0.018342	0.233460	102074000.000000
2017-11-30	0.131106	0.017535	0.224786	-0.007538	0.131106	66684900.000000
2017-11-29	-0.208696	0.006435	0.226804	-0.258215	-0.208696	232135008.000000
2017-11-28	0.360476	-0.049568	0.420151	-0.056098	0.360476	142588992.000000
2017-11-27	0.223892	-0.000622	0.269205	-0.008072	0.223892	45702000.000000
2017-11-26	0.120458	0.002823	0.125394	0.002823	0.120458	30583700.000000
2017-11-25	0.085731	0.002155	0.093299	-0.003822	0.085731	10488700.000000
2017-11-24	-0.008435	-0.002428	0.015934	-0.039390	-0.008435	11277900.000000
2017-11-23	-0.041698	0.008854	0.043568	-0.050828	-0.041698	22012000.000000
2017-11-22	0.122954	0.000035	0.122954	-0.002708	0.122954	13859400.000000
2017-11-21	-0.011891	0.000155	0.024629	-0.050067	-0.011891	9113270.000000
2017-11-20	0.042520	0.001449	0.087980	-0.010723	0.042520	13726200.000000
2017-11-19	-0.000451	-0.002758	0.091910	-0.014854	-0.000451	17796700.000000
2017-11-18	0.028419	-0.002195	0.028419	-0.025858	0.028419	6979350.000000
2017-11-17	-0.044642	-0.002428	0.001585	-0.062848	-0.044642	11612900.000000
2017-11-16	0.004879	-0.001781	0.022770	-0.065285	0.004879	20597200.000000
2017-11-15	0.018664	0.002647	0.026631	-0.046585	0.018664	28206500.000000
2017-11-14	0.186535	-0.001514	0.211153	-0.008948	0.186535	18880900.000000
2017-11-13	0.087791	-0.002360	0.134356	-0.004986	0.087791	11245700.000000
2017-11-12	-0.147373	-0.002674	0.008511	-0.168947	-0.147373	17002300.000000
2017-11-11	-0.000602	0.000299	0.083352	-0.036048	-0.000602	17914400.000000
2017-11-10	-0.172056	-0.002816	-0.002816	-0.214777	-0.172056	32634200.000000
2017-11-09	0.183135	0.000856	0.195989	-0.000536	0.183135	32813200.000000
2017-11-08	0.099780	-0.001381	0.148752	-0.050138	0.099780	39618700.000000
2017-11-07	0.063013	-0.000183	0.138208	-0.000183	0.063013	30855800.000000
2017-11-06	0.079022	-0.002623	0.087874	-0.012793	0.079022	12830800.000000
2017-11-05	-0.019396	-0.001825	0.021071	-0.035528	-0.019396	8898200.000000
2017-11-04	-0.017477	0.001796	0.031685	-0.029479	-0.017477	10822300.000000
2017-11-03	0.006245	-0.003945	0.034991	-0.074872	0.006245	18470900.000000
2017-11-02	0.009290	-0.011999	0.047183	-0.123723	0.009290	34417400.000000
2017-11-01	-0.062679	0.007015	0.032287	-0.067487	-0.062679	14361700.000000
2017-10-31	-0.082442	-0.006232	0.000343	-0.100050	-0.082442	16918000.000000
2017-10-30	0.048571	0.013198	0.057839	-0.015074	0.048571	14186100.000000
2017-10-29	-0.022772	0.002133	0.075740	-0.037754	-0.022772	22646700.000000
2017-10-28	-0.093409	0.001405	0.011091	-0.096321	-0.093409	8887170.000000
2017-10-27	-0.008991	0.003876	0.014893	-0.037631	-0.008991	15974900.000000
2017-10-26	-0.013067	0.006914	0.060671	-0.015458	-0.013067	23633200.000000
2017-10-25	-0.044896	-0.005886	0.033493	-0.072130	-0.044896	35434500.000000
2017-10-24	0.083274	0.018746	0.268308	-0.010907	0.083274	73178896.000000
2017-10-23	0.081943	-0.002037	0.181644	-0.039982	0.081943	43494400.000000
2017-10-22	-0.141637	0.001578	0.034011	-0.163232	-0.141637	56070400.000000
2017-10-21	0.361505	0.021931	0.420769	-0.093674	0.361505	60801200.000000
2017-10-20	-0.142291	0.001625	0.046709	-0.183451	-0.142291	35088200.000000
2017-10-19	-0.112072	0.001230	0.006347	-0.156396	-0.112072	41683000.000000
2017-10-18	-0.233607	-0.000685	0.001931	-0.279779	-0.233607	66483500.000000
2017-10-17	0.243486	-0.009619	0.266765	-0.037493	0.243486	146372000.000000
2017-10-16	0.947943	0.000217	1.595615	-0.012808	0.947943	291627008.000000
2017-10-15	0.080106	-0.013195	0.087155	-0.039060	0.080106	9059430.000000
2017-10-14	-0.024393	0.003190	0.067078	-0.024393	-0.024393	5671720.000000
2017-10-13	0.009885	-0.007546	0.049415	-0.023566	0.009885	10486000.000000
2017-10-12	-0.085674	0.002452	0.021516	-0.107360	-0.085674	14626800.000000
2017-10-11	0.026228	-0.004411	0.059024	-0.037693	0.026228	12189100.000000
2017-10-10	0.076825	-0.009159	0.076825	-0.057479	0.076825	11082800.000000
2017-10-09	-0.053592	0.010883	0.184135	-0.122160	-0.053592	29343800.000000
2017-10-08	-0.112645	-0.012758	0.051697	-0.130218	-0.112645	23922100.000000
2017-10-07	0.138899	0.002190	0.336262	0.002190	0.138899	56853100.000000
2017-10-06	0.262545	0.005578	0.316806	0.005578	0.262545	24002100.000000
2017-10-05	0.229880	0.002455	0.289569	-0.009771	0.229880	9616220.000000
2017-10-04	-0.044512	0.005297	0.010763	-0.066973	-0.044512	1670080.000000
2017-10-03	-0.043117	-0.001149	-0.001149	-0.126180	-0.043117	2577540.000000
