2021-02-27	0.025508	0.000267	0.091729	0.000267	0.025508	680010896.060000
2021-02-26	0.033189	0.000933	0.100223	-0.017374	0.033189	750516132.900000
2021-02-25	-0.039859	-0.000028	0.060918	-0.039859	-0.039859	628245394.240000
2021-02-24	-0.062779	0.000205	0.024803	-0.094579	-0.062779	861035403.960000
2021-02-23	-0.024422	-0.000151	-0.000050	-0.238806	-0.024422	1161680697.980000
2021-02-22	-0.091352	-0.000028	0.000426	-0.216198	-0.091352	999802848.640000
2021-02-21	-0.032779	-0.000357	0.016383	-0.046098	-0.032779	858148415.600000
2021-02-20	-0.096791	0.000160	0.016777	-0.129552	-0.096791	991879039.580000
2021-02-19	0.081205	-0.000046	0.081946	-0.030487	0.081205	992126854.400000
2021-02-18	-0.032493	0.000185	0.016572	-0.067895	-0.032493	897054224.350000
2021-02-17	0.224667	-0.000115	0.233878	-0.000115	0.224667	2434163823.460000
2021-02-16	-0.027389	-0.000410	0.021750	-0.070689	-0.027389	1907158941.240000
2021-02-15	-0.013815	-0.000288	0.013351	-0.118484	-0.013815	2055578928.330000
2021-02-14	-0.040984	-0.000631	0.008170	-0.069112	-0.040984	1882616238.180000
2021-02-13	0.194370	-0.000160	0.262105	-0.006642	0.194370	2507166376.480000
2021-02-12	0.057959	-0.000194	0.129318	-0.000194	0.057959	1922969024.340000
2021-02-11	0.083424	-0.000101	0.087902	-0.025989	0.083424	1371489332.380000
2021-02-10	0.035878	0.000016	0.073753	-0.020782	0.035878	1353006268.730000
2021-02-09	0.042312	0.000145	0.057963	-0.020686	0.042312	1266909006.940000
2021-02-08	0.079635	-0.000146	0.083540	-0.020678	0.079635	933249680.160000
2021-02-07	-0.012144	-0.000069	0.023790	-0.031607	-0.012144	804302297.960000
2021-02-06	-0.017273	-0.000070	0.018759	-0.018790	-0.017273	852533093.450000
2021-02-05	0.045026	-0.000054	0.045231	-0.005379	0.045026	1021414057.810000
2021-02-04	-0.041172	0.000013	0.003514	-0.045014	-0.041172	990560199.750000
2021-02-03	0.022561	-0.000027	0.024843	-0.001851	0.022561	1008948639.290000
2021-02-02	0.054352	-0.000166	0.058047	-0.009217	0.054352	1143502711.810000
2021-02-01	0.041100	-0.000059	0.059010	-0.016488	0.041100	988331547.500000
2021-01-31	-0.010134	-0.000001	0.008016	-0.049231	-0.010134	975323837.580000
2021-01-30	-0.007057	-0.000086	0.011650	-0.028510	-0.007057	1034542154.810000
2021-01-29	0.032782	0.015652	0.102951	-0.024540	0.032782	875293616.710000
2021-01-28	0.079284	-0.000021	0.109110	-0.015013	0.079284	1094419239.330000
2021-01-27	-0.087591	-0.000052	-0.000052	-0.091824	-0.087591	936623910.353593
2021-01-26	0.006677	-0.000019	0.024581	-0.024755	0.006677	984356371.415951
2021-01-25	-0.001988	-0.000012	0.053538	-0.003524	-0.001988	981919976.647448
2021-01-24	-0.005324	-0.000010	0.029219	-0.028959	-0.005324	1287049710.778011
2021-01-23	0.018454	-0.000259	0.039645	-0.013285	0.018454	1212584944.659474
2021-01-22	0.042343	0.000025	0.075683	-0.055615	0.042343	1457964054.177263
2021-01-21	-0.149235	0.000013	0.000013	-0.157121	-0.149235	1459459068.252637
2021-01-20	-0.028674	-0.000255	0.020636	-0.070972	-0.028674	1186398867.957331
2021-01-19	0.003738	0.000205	0.052892	-0.026357	0.003738	1413206281.664915
2021-01-18	-0.016455	-0.000014	0.008175	-0.054617	-0.016455	1245369744.932661
2021-01-17	0.023350	-0.000050	0.052031	-0.034415	0.023350	1232527498.014292
2021-01-16	-0.009155	-0.000012	0.029249	-0.024291	-0.009155	1055855028.202188
2021-01-15	-0.035135	0.000124	0.027086	-0.088171	-0.035135	1453280078.467503
2021-01-14	-0.050575	-0.000229	-0.000229	-0.063029	-0.050575	1882208442.906161
2021-01-13	0.088889	0.000059	0.095342	-0.031782	0.088889	1454995575.461174
2021-01-12	-0.005066	-0.000698	0.093851	-0.022774	-0.005066	1801964024.505979
2021-01-11	-0.143445	0.000014	0.000014	-0.225162	-0.143445	2721315080.638798
2021-01-10	0.254618	0.000026	0.282678	0.000026	0.254618	2265991619.059101
2021-01-09	0.035328	-0.000002	0.044869	-0.022599	0.035328	1324637229.428400
2021-01-08	-0.004010	-0.000200	0.049486	-0.049321	-0.004010	1385625367.610986
2021-01-07	0.005483	0.000149	0.073879	-0.016609	0.005483	1621898149.311344
2021-01-06	0.040184	0.000025	0.040950	-0.028744	0.040184	1127011231.732696
2021-01-05	0.024119	0.000089	0.044736	-0.029395	0.024119	1316221596.509948
2021-01-04	-0.032316	0.000477	0.042216	-0.060688	-0.032316	1098283687.035805
2021-01-03	-0.035305	0.000258	0.011248	-0.076551	-0.035305	1234835529.456167
2021-01-02	0.051978	0.000056	0.067173	-0.050059	0.051978	1794461265.764786
2021-01-01	-0.131099	-0.000014	0.080281	-0.160841	-0.131099	1946205728.979593
2020-12-31	-0.017570	-0.000031	0.011879	-0.022601	-0.017570	1095354071.075522
2020-12-30	-0.012520	-0.000055	0.015682	-0.022983	-0.012520	1358681218.189340
2020-12-29	-0.030596	0.000008	0.003245	-0.068961	-0.030596	1308264776.260857
2020-12-28	0.058686	0.000055	0.068996	-0.003159	0.058686	1460056395.188812
2020-12-27	-0.063603	0.000132	0.015896	-0.067671	-0.063603	1265534847.572647
2020-12-26	0.054441	-0.000002	0.054531	-0.000196	0.054441	1298457221.824430
2020-12-25	0.016029	0.000025	0.026783	-0.025504	0.016029	1140842320.992543
2020-12-24	0.038826	0.000116	0.049744	-0.026411	0.038826	1214238106.064745
2020-12-23	-0.033780	0.000044	0.080817	-0.046547	-0.033780	1651914826.956329
2020-12-22	0.067693	-0.000137	0.076688	-0.016135	0.067693	1085861191.825666
2020-12-21	-0.040842	0.000015	0.006191	-0.061040	-0.040842	871086463.330224
2020-12-20	-0.016240	-0.000047	0.011004	-0.023109	-0.016240	1179117992.346054
2020-12-19	0.001269	-0.000087	0.021585	-0.005382	0.001269	1058413017.135850
2020-12-18	-0.033702	-0.000074	0.000194	-0.043303	-0.033702	1198875248.419430
2020-12-17	0.009555	0.000061	0.028039	-0.023224	0.009555	1520827019.866152
2020-12-16	0.051054	-0.000049	0.051996	-0.021479	0.051054	1165978078.757878
2020-12-15	-0.011052	-0.000024	0.018525	-0.011933	-0.011052	835723671.737953
2020-12-14	0.005090	0.000024	0.036027	-0.004938	0.005090	924928956.747725
2020-12-13	0.035351	0.000075	0.037253	-0.019189	0.035351	812781072.497841
2020-12-12	0.036501	-0.000023	0.055738	-0.000149	0.036501	872906517.357318
2020-12-11	0.057209	0.000043	0.057718	-0.029450	0.057209	621798045.156544
2020-12-10	0.009559	-0.000046	0.017850	-0.022198	0.009559	542981596.538013
2020-12-09	-0.022723	-0.000030	0.001178	-0.059887	-0.022723	913661144.823312
2020-12-08	-0.023125	-0.000019	0.029588	-0.041308	-0.023125	840892037.605563
2020-12-07	0.031742	-0.000006	0.067525	-0.003129	0.031742	1034799193.149297
2020-12-06	0.009673	-0.000010	0.010765	-0.036609	0.009673	912728955.867240
2020-12-05	0.049935	-0.000083	0.051039	-0.018214	0.049935	780583418.742319
2020-12-04	-0.045102	0.000150	0.020171	-0.045729	-0.045102	938138556.893123
2020-12-03	0.040021	0.000126	0.046062	-0.010215	0.040021	886562180.989211
2020-12-02	0.015643	0.000032	0.025451	-0.009382	0.015643	952136002.657632
2020-12-01	-0.029183	0.000431	0.019751	-0.060340	-0.029183	867323872.736545
2020-11-30	0.046146	0.000009	0.046383	-0.017360	0.046146	960312531.261531
2020-11-29	0.016299	0.000088	0.031730	-0.020747	0.016299	990558821.081622
2020-11-28	0.039985	0.000094	0.061991	-0.023632	0.039985	888532372.998950
2020-11-27	-0.017075	0.000219	0.023474	-0.060708	-0.017075	1120096045.310006
2020-11-26	-0.075842	-0.000118	0.024587	-0.155971	-0.075842	1692582467.196581
2020-11-25	-0.044781	-0.000088	0.023981	-0.068681	-0.044781	1543326329.046730
2020-11-24	0.040891	0.000092	0.093873	-0.018154	0.040891	1676850361.113612
2020-11-23	0.053149	0.000000	0.062319	-0.007021	0.053149	1179302983.989908
2020-11-22	-0.036962	0.000000	0.011252	-0.064322	-0.036962	1419490754.083710
2020-11-21	0.058892	0.000000	0.070368	-0.009496	0.058892	1190447303.701645
2020-11-20	0.021619	0.000000	0.039520	-0.001825	0.021619	982683690.289934
2020-11-19	-0.042514	-0.000001	-0.000001	-0.052528	-0.042514	967438281.866792
2020-11-18	-0.014258	-0.000001	0.006758	-0.043127	-0.014258	1075626342.244296
2020-11-17	0.063127	0.010310	0.063770	-0.001348	0.063127	727842488.186910
2020-11-16	0.029327	0.000000	0.043810	-0.009386	0.029327	850372671.715639
2020-11-15	-0.016783	-0.000000	0.010030	-0.031124	-0.016783	716438616.143267
2020-11-14	0.021599	0.000000	0.027220	-0.006862	0.021599	788167676.095502
2020-11-13	0.018436	-0.000000	0.025031	-0.002464	0.018436	936557124.597981
2020-11-12	-0.011633	-0.000000	0.015170	-0.027303	-0.011633	1095901979.723546
2020-11-11	-0.017074	0.000000	0.022817	-0.018279	-0.017074	953628922.016120
2020-11-10	-0.002810	0.000001	0.019174	-0.012691	-0.002810	886282457.923789
2020-11-09	-0.038844	0.000000	0.013682	-0.051514	-0.038844	930648315.080838
2020-11-08	0.081038	0.000000	0.086650	-0.011420	0.081038	1075666533.641017
2020-11-07	-0.068360	-0.000000	0.051401	-0.077636	-0.068360	1212524313.878453
2020-11-06	-0.002765	-0.000000	0.033872	-0.025190	-0.002765	1133832828.877816
2020-11-05	0.033259	0.000000	0.036548	-0.044918	0.033259	1192785821.034148
2020-11-04	-0.039570	0.000000	0.006468	-0.053843	-0.039570	1576064011.102861
2020-11-03	0.016835	-0.000000	0.022221	-0.020171	0.016835	1250890306.664555
2020-11-02	-0.061798	-0.000000	0.011724	-0.077824	-0.061798	1256143677.115793
2020-11-01	0.001743	-0.000000	0.005652	-0.022236	0.001743	945308160.690025
2020-10-31	0.027525	-0.000000	0.040941	-0.013617	0.027525	1139362516.123765
2020-10-30	-0.010716	-0.000000	0.006612	-0.050610	-0.010716	1308805666.711284
2020-10-29	-0.016365	0.000000	0.015994	-0.037802	-0.016365	1214131983.975419
2020-10-28	-0.055170	0.000000	0.010578	-0.076995	-0.055170	1178567841.862605
2020-10-27	0.012924	-0.000000	0.041257	-0.005888	0.012924	929589775.250502
2020-10-26	0.009346	0.000000	0.061144	-0.013033	0.009346	1119665839.588317
2020-10-25	0.013982	-0.000000	0.036555	-0.009433	0.013982	945179739.472419
2020-10-24	0.013352	0.000001	0.019095	-0.017087	0.013352	905899376.227627
2020-10-23	0.001796	0.003678	0.003849	-0.035628	0.001796	1019056588.609694
2020-10-22	0.043654	-0.002156	0.060955	-0.018945	0.043654	1164629877.416354
2020-10-21	0.032280	0.001015	0.068382	-0.010523	0.032280	1429939003.673340
2020-10-20	-0.059478	-0.000924	0.008115	-0.064178	-0.059478	1043640790.081431
2020-10-19	0.014383	0.000488	0.042334	-0.014041	0.014383	738334532.339163
2020-10-18	0.029889	-0.000776	0.030431	-0.001206	0.029889	629206956.734027
2020-10-17	-0.001254	0.000811	0.014750	-0.011529	-0.001254	918445382.778079
2020-10-16	-0.074271	0.000667	0.007772	-0.084289	-0.074271	809567246.767477
2020-10-15	0.008779	-0.001639	0.026102	-0.034408	0.008779	854391077.234533
2020-10-14	0.007232	0.000484	0.041158	-0.019575	0.007232	508090169.571503
2020-10-13	-0.013920	-0.002730	0.010765	-0.045820	-0.013920	989515080.828070
2020-10-12	0.029062	-0.001143	0.069781	-0.006437	0.029062	1139231803.804312
2020-10-11	0.087056	-0.000091	0.087995	-0.003168	0.087056	823937833.009108
2020-10-10	-0.001699	-0.000180	0.020163	-0.005137	-0.001699	732827430.021483
2020-10-09	0.046206	0.002076	0.064170	-0.020807	0.046206	869136720.204398
2020-10-08	0.008373	0.000585	0.022310	-0.021949	0.008373	834716513.822964
2020-10-07	0.031154	-0.001203	0.054976	-0.038875	0.031154	965840605.583695
2020-10-06	-0.055244	-0.001088	0.006682	-0.065296	-0.055244	796790444.923622
2020-10-05	0.069533	0.000687	0.079188	-0.010249	0.069533	764075575.451069
2020-10-04	0.018374	-0.000447	0.051009	-0.020584	0.018374	681642870.109982
2020-10-03	0.019100	-0.000730	0.021211	-0.008072	0.019100	596525983.307343
2020-10-02	-0.009180	0.008743	0.020307	-0.083096	-0.009180	765848017.674597
2020-10-01	-0.050791	0.003360	0.044372	-0.059602	-0.050791	854570165.209763
2020-09-30	0.077699	-0.000940	0.095162	-0.024877	0.077699	690182930.702056
2020-09-29	0.054949	-0.000165	0.059760	-0.006462	0.054949	515616519.306117
2020-09-28	-0.021146	-0.000222	0.014143	-0.022565	-0.021146	457660051.937986
2020-09-27	0.026718	-0.001153	0.052468	-0.010991	0.026718	509313971.316893
2020-09-26	0.020488	0.001258	0.026961	-0.003841	0.020488	372311693.552583
2020-09-25	0.010444	-0.000831	0.021703	-0.014339	0.010444	424972427.521316
2020-09-24	0.049460	-0.000620	0.050443	-0.003952	0.049460	415313750.410852
2020-09-23	-0.059027	-0.004569	0.011579	-0.061965	-0.059027	391456470.832516
2020-09-22	0.044993	-0.000911	0.065563	-0.037456	0.044993	407803150.484515
2020-09-21	-0.047228	-0.001519	0.024019	-0.087575	-0.047228	478896181.210754
2020-09-20	-0.024829	0.005737	0.009718	-0.065442	-0.024829	493090146.580238
2020-09-19	0.037266	-0.003904	0.047015	-0.038946	0.037266	485295626.087269
2020-09-18	-0.001381	0.000000	0.052736	-0.028617	-0.001381	435978522.352231
2020-09-17	0.067213	0.010726	0.085286	-0.005510	0.067213	487697605.171759
2020-09-16	-0.049575	-0.001968	0.049414	-0.050108	-0.049575	502022873.413262
2020-09-15	-0.016493	0.003438	0.021027	-0.054608	-0.016493	532663422.538569
2020-09-14	0.035162	-0.005611	0.041120	-0.077365	0.035162	524965378.405061
2020-09-13	0.034665	0.000000	0.050242	-0.036706	0.034665	28959121742.041000
2020-09-12	-0.021306	-0.002264	0.018351	-0.060278	-0.021306	209387763.935901
2020-09-11	0.059029	0.000000	0.066549	-0.045346	0.059029	20874120674.119301
2020-09-10	-0.010888	0.000429	0.059638	-0.013460	-0.010888	26710283019.319901
2020-09-09	0.005704	-0.000202	0.023794	-0.018223	0.005704	192100834.157570
2020-09-08	0.016620	-0.000234	0.026079	-0.041600	0.016620	294622244.364998
2020-09-07	0.027360	-0.001215	0.030212	-0.040941	0.027360	243693290.167113
2020-09-06	0.033815	0.000000	0.043127	-0.029390	0.033815	215200058.963341
2020-09-05	-0.056383	0.002299	0.012414	-0.093267	-0.056383	259444708.142113
2020-09-04	0.056001	-0.001867	0.071531	-0.011163	0.056001	149075408.724144
2020-09-03	-0.143834	0.000000	0.002833	-0.147895	-0.143834	140380809.742668
2020-09-02	-0.062326	-0.000085	0.001910	-0.089087	-0.062326	132175687.299125
2020-09-01	0.040584	0.000038	0.056530	-0.013060	0.040584	128552757.167851
2020-08-31	-0.029129	0.000685	0.004249	-0.029261	-0.029129	104051391.309089
2020-08-30	0.035868	-0.000081	0.037433	-0.000125	0.035868	113688926.593192
2020-08-29	-0.016331	-0.000037	0.014230	-0.018898	-0.016331	103879636.849043
2020-08-28	0.053838	0.000318	0.060565	-0.006611	0.053838	116665532.757999
2020-08-27	0.004661	-0.000351	0.015971	-0.033088	0.004661	101423062.278414
2020-08-26	0.003323	-0.000793	0.010113	-0.013710	0.003323	89871232.423313
2020-08-25	-0.054408	-0.000376	0.001412	-0.077626	-0.054408	105150067.922320
2020-08-24	0.028772	0.000470	0.033020	-0.008106	0.028772	81919624.369208
2020-08-23	-0.036167	-0.001312	0.000002	-0.042736	-0.036167	69274694.245857
2020-08-22	0.023436	-0.000282	0.024289	-0.037292	0.023436	96380021.173755
2020-08-21	-0.086286	0.000508	0.041566	-0.086760	-0.086286	173157305.633288
2020-08-20	0.109928	-0.000261	0.109928	-0.000261	0.109928	153441642.892662
2020-08-19	-0.023980	-0.000534	0.010414	-0.042445	-0.023980	109367601.121490
2020-08-18	0.001724	0.000131	0.040572	-0.013624	0.001724	119998363.446003
2020-08-17	0.023448	0.000000	0.037563	-0.015713	0.023448	83192010.556803
2020-08-16	0.013028	0.000297	0.014143	-0.018155	0.013028	64177486.551612
2020-08-15	-0.015212	-0.000084	0.003873	-0.018677	-0.015212	76569014.117539
2020-08-14	-0.014599	0.000014	0.005696	-0.028353	-0.014599	92896329.734894
2020-08-13	0.027668	-0.000126	0.030743	-0.044714	0.027668	84264769.809889
2020-08-12	0.032425	0.000248	0.034422	-0.033673	0.032425	69702888.530033
2020-08-11	-0.067158	0.000417	0.016134	-0.096744	-0.067158	167105849.462458
2020-08-10	0.007506	0.000618	0.017292	-0.020785	0.007506	89731157.016499
2020-08-09	-0.019222	-0.000295	0.001233	-0.023574	-0.019222	68854565.455521
2020-08-08	0.008256	0.000610	0.012744	-0.021358	0.008256	67833222.414669
2020-08-07	-0.015767	-0.000643	-0.000303	-0.053328	-0.015767	216791739.075264
2020-08-06	0.056735	0.000053	0.065850	-0.019147	0.056735	116231183.963390
2020-08-05	0.036830	0.000044	0.039643	-0.010738	0.036830	80729377.315267
2020-08-04	-0.020752	-0.000154	0.007527	-0.036373	-0.020752	85392513.138690
2020-08-03	0.048790	-0.000539	0.055867	-0.009507	0.048790	98801252.312206
2020-08-02	-0.048056	0.000442	0.014319	-0.079473	-0.048056	125411756.437962
2020-08-01	0.056734	0.000000	0.060075	-0.011076	0.056734	111518763.967400
2020-07-31	0.041619	-0.000172	0.043059	-0.007456	0.041619	77343249.528053
2020-07-30	0.024563	0.000274	0.043382	-0.002796	0.024563	72088890.399028
2020-07-29	-0.026572	-0.000093	0.017818	-0.026907	-0.026572	93331669.835899
2020-07-28	0.035879	-0.000954	0.059808	-0.001621	0.035879	133640095.887228
2020-07-27	0.007027	0.000027	0.021331	-0.036739	0.007027	119661659.812631
2020-07-26	0.060967	-0.000030	0.061855	-0.005145	0.060967	86834240.890123
2020-07-25	0.026319	0.000033	0.031709	-0.001102	0.026319	60151560.243071
2020-07-24	-0.017582	-0.000282	0.001741	-0.020221	-0.017582	73201966.324069
2020-07-23	0.019574	0.000075	0.033650	-0.008011	0.019574	82557919.754451
2020-07-22	0.026952	-0.000206	0.027304	-0.003498	0.026952	62044444.844960
2020-07-21	0.003937	-0.000210	0.031677	-0.003480	0.003937	70450704.758874
2020-07-20	0.007867	0.000156	0.020299	-0.000678	0.007867	55897245.825229
2020-07-19	0.007550	-0.000063	0.011459	-0.008425	0.007550	49400376.116293
2020-07-18	0.009606	0.000012	0.020868	-0.008181	0.009606	52913522.395006
2020-07-17	-0.000562	-0.000031	0.007854	-0.008442	-0.000562	51519231.629990
2020-07-16	-0.041881	-0.000494	0.011408	-0.054807	-0.041881	85426392.241017
2020-07-15	0.039463	-0.001350	0.067765	-0.006562	0.039463	97547876.690249
2020-07-14	-0.019594	-0.001680	-0.001680	-0.032637	-0.019594	67807824.691889
2020-07-13	0.002112	0.000000	0.011527	-0.014747	0.002112	87455835.946190
2020-07-12	0.005797	0.000392	0.021902	-0.006614	0.005797	93942130.545574
2020-07-11	0.021108	-0.000307	0.033513	-0.002126	0.021108	89142316.594777
2020-07-10	-0.004695	-0.000689	0.010256	-0.034002	-0.004695	95885590.088186
2020-07-09	0.020881	0.000060	0.041002	-0.013489	0.020881	93161220.339193
2020-07-08	0.026615	0.000453	0.039909	-0.003148	0.026615	88617288.390101
2020-07-07	-0.005320	-0.000380	0.002943	-0.020251	-0.005320	55858558.667632
2020-07-06	0.026196	0.000000	0.028542	-0.006944	0.026196	74125362.179998
2020-07-05	-0.014255	-0.001591	0.005813	-0.038030	-0.014255	76099631.510677
2020-07-04	0.022098	-0.000240	0.032276	-0.001617	0.022098	68098223.700392
2020-07-03	-0.047733	-0.000752	0.000251	-0.050915	-0.047733	85530135.247091
2020-07-02	0.019923	-0.000360	0.036411	-0.024454	0.019923	95975516.897555
2020-07-01	0.016827	0.000032	0.019485	-0.003342	0.016827	64478705.063358
2020-06-30	-0.010104	-0.000269	0.009287	-0.013229	-0.010104	64386024.867331
2020-06-29	0.013747	0.001928	0.023820	-0.011839	0.013747	63712363.348962
2020-06-28	0.015709	0.000000	0.023263	-0.003705	0.015709	54082128.381996
2020-06-27	-0.025731	-0.000238	0.008172	-0.045613	-0.025731	61079906.101035
2020-06-26	-0.006207	-0.000478	0.004122	-0.016933	-0.006207	63054727.927823
2020-06-25	-0.007488	0.000751	0.003362	-0.019992	-0.007488	68046486.374098
2020-06-24	-0.031072	0.000501	0.007947	-0.039332	-0.031072	72674399.165189
2020-06-23	0.015446	0.000225	0.020393	-0.010876	0.015446	85517277.322953
2020-06-22	0.021383	0.000510	0.027345	-0.003323	0.021383	82556416.273952
2020-06-21	0.009510	-0.000091	0.018736	-0.002351	0.009510	60392361.416267
2020-06-20	0.000095	0.000000	0.012941	-0.008648	0.000095	64316629.792241
2020-06-19	-0.017566	0.000102	0.002155	-0.021410	-0.017566	71873036.806505
2020-06-18	-0.001942	-0.000052	0.009397	-0.011489	-0.001942	68676379.513456
2020-06-17	-0.011228	0.000092	0.011005	-0.013393	-0.011228	72558344.798406
2020-06-16	0.019310	-0.000654	0.020709	-0.003919	0.019310	66113216.323495
2020-06-15	-0.015787	0.000067	0.003193	-0.054274	-0.015787	75859953.194233
2020-06-14	-0.013239	-0.000135	-0.000020	-0.024715	-0.013239	54717589.997166
2020-06-13	0.011885	0.000473	0.012846	-0.009473	0.011885	54550212.983568
2020-06-12	0.029937	0.000130	0.040484	-0.010228	0.029937	63717398.860032
2020-06-11	-0.082260	0.000008	0.005692	-0.086633	-0.082260	72190680.983217
2020-06-10	0.020116	-0.000130	0.021841	-0.012746	0.020116	68572680.237685
2020-06-09	0.000643	0.000403	0.004909	-0.008183	0.000643	56011062.777089
2020-06-08	0.024335	-0.000078	0.024761	-0.004085	0.024335	64946265.385859
2020-06-07	-0.014660	0.000298	0.008288	-0.042393	-0.014660	69552238.695649
2020-06-06	-0.001382	0.000047	0.006843	-0.005999	-0.001382	57757848.755625
2020-06-05	-0.007253	0.000397	0.014572	-0.013885	-0.007253	63952400.749406
2020-06-04	0.015743	0.000407	0.022648	-0.019382	0.015743	77902720.348283
2020-06-03	0.009666	0.000140	0.025189	-0.000608	0.009666	79429170.404702
2020-06-02	-0.016994	0.000029	0.035717	-0.041383	-0.016994	104360974.359514
2020-06-01	0.039562	-0.000109	0.046558	-0.020354	0.039562	110295490.299783
2020-05-31	-0.048148	0.000118	0.001390	-0.057810	-0.048148	94692775.571660
2020-05-30	0.031974	-0.000269	0.035277	-0.011738	0.031974	93931827.193174
2020-05-29	-0.012435	-0.000284	0.010559	-0.016949	-0.012435	91611439.914595
2020-05-28	0.039069	0.000267	0.042754	-0.016545	0.039069	90819941.934533
2020-05-27	0.044351	0.000607	0.061533	-0.003498	0.044351	82741303.074633
2020-05-26	0.002936	0.000316	0.013990	-0.010741	0.002936	67047716.795038
2020-05-25	0.007110	-0.001570	0.017090	-0.012409	0.007110	68863746.116544
2020-05-24	-0.041427	-0.000061	0.000177	-0.041427	-0.041427	66759857.408707
2020-05-23	0.010824	0.000245	0.028421	-0.007667	0.010824	71353732.503175
2020-05-22	0.022126	-0.000128	0.029527	-0.006945	0.022126	78674214.887452
2020-05-21	-0.045221	0.000009	0.004638	-0.067380	-0.045221	76233559.980711
2020-05-20	-0.026318	-0.000477	0.008085	-0.034397	-0.026318	78167576.011807
2020-05-19	-0.008437	0.000288	0.004576	-0.024422	-0.008437	91126914.016863
2020-05-18	0.027850	0.000013	0.038162	-0.002116	0.027850	115135484.099101
2020-05-17	-0.002229	-0.000285	0.024783	-0.006537	-0.002229	77806647.194775
2020-05-16	0.039502	0.001521	0.045301	-0.008458	0.039502	80487573.233637
2020-05-15	-0.038941	0.001493	0.013689	-0.039842	-0.038941	86992617.706134
2020-05-14	0.008561	-0.001088	0.018990	-0.034138	0.008561	133001581.749567
2020-05-13	0.055864	0.000695	0.074086	-0.000782	0.055864	124797980.462746
2020-05-12	0.031462	0.001101	0.040988	-0.004221	0.031462	96195506.188750
2020-05-11	0.011931	-0.000604	0.042512	-0.037809	0.011931	126280815.517583
2020-05-10	-0.069274	0.000203	0.000203	-0.123280	-0.069274	122447899.240203
2020-05-09	-0.007288	-0.001332	0.017603	-0.013131	-0.007288	98564078.874881
2020-05-08	-0.013048	-0.001020	0.019186	-0.017712	-0.013048	127093700.098483
2020-05-07	0.102661	0.002315	0.106818	-0.006203	0.102661	138695139.348804
2020-05-06	-0.030493	-0.001303	0.028317	-0.030493	-0.030493	110256061.635256
2020-05-05	-0.014272	0.000624	0.011846	-0.020360	-0.014272	96201775.996031
2020-05-04	-0.019051	-0.000025	0.005632	-0.054410	-0.019051	106891678.486773
2020-05-03	-0.033748	0.000644	0.008097	-0.038996	-0.033748	93103078.753607
2020-05-02	0.013381	-0.000091	0.021581	-0.000091	0.013381	90574302.767269
2020-05-01	0.020637	0.000033	0.041796	-0.000191	0.020637	105952990.011255
2020-04-30	-0.061111	-0.000282	0.027350	-0.068573	-0.061111	146714146.514831
2020-04-29	0.064726	0.000533	0.071721	-0.006651	0.064726	146559090.134678
2020-04-28	0.001751	-0.000015	0.022442	-0.012536	0.001751	110007751.151736
2020-04-27	0.018995	-0.000078	0.020898	-0.000100	0.018995	97849931.524206
2020-04-26	0.008287	0.000566	0.017298	-0.002405	0.008287	95013548.064215
2020-04-25	-0.004000	-0.000433	0.016641	-0.011965	-0.004000	102455402.940132
2020-04-24	0.036500	0.001859	0.054991	0.001469	0.036500	116367363.552078
2020-04-23	0.034929	0.000116	0.054254	-0.006831	0.034929	107540688.183038
2020-04-22	0.026351	-0.001167	0.032631	-0.006500	0.026351	101247964.097243
2020-04-21	0.005583	-0.001660	0.010142	-0.010960	0.005583	101994360.399025
2020-04-20	-0.041391	0.000171	0.018188	-0.051182	-0.041391	113779663.781494
2020-04-19	-0.009046	-0.000460	0.010298	-0.015310	-0.009046	108020969.807160
2020-04-18	0.025100	-0.000963	0.032826	-0.005472	0.025100	114264444.335600
2020-04-17	-0.005834	0.000556	0.007283	-0.011445	-0.005834	110124030.374277
2020-04-16	0.070189	0.000607	0.074800	-0.022152	0.070189	130989658.360207
2020-04-15	-0.012620	-0.000612	0.020991	-0.013104	-0.012620	127558964.685898
2020-04-14	0.016639	-0.000381	0.038760	-0.004270	0.016639	117293260.953838
2020-04-13	-0.019076	0.002547	0.002909	-0.049321	-0.019076	125827599.687220
2020-04-12	0.007514	-0.000484	0.033146	-0.012066	0.007514	119263979.291179
2020-04-11	-0.000696	-0.001012	0.018377	-0.018982	-0.000696	98767430.288458
2020-04-10	-0.083414	-0.000811	-0.000502	-0.096136	-0.083414	113198866.147058
2020-04-09	0.016427	0.000196	0.021070	-0.018961	0.016427	97345360.009802
2020-04-08	0.028976	0.000121	0.034957	-0.006247	0.028976	107481975.353396
2020-04-07	-0.041937	0.001385	0.028019	-0.051548	-0.041937	145869304.093771
2020-04-06	0.091373	-0.000377	0.097976	-0.004202	0.091373	158426176.145046
2020-04-05	-0.014533	-0.000529	0.000118	-0.027012	-0.014533	136144802.172148
2020-04-04	0.025136	-0.000791	0.037528	-0.012529	0.025136	158229658.678737
2020-04-03	0.043200	-0.000385	0.070559	-0.008977	0.043200	148716587.031976
2020-04-02	0.046259	-0.001205	0.082302	-0.009087	0.046259	126496181.512781
2020-04-01	0.015345	0.000000	0.015345	-0.025005	0.015345	118501640.303790
2020-03-31	0.021245	-0.001084	0.027107	-0.004840	0.021245	128899405.470594
2020-03-30	0.060661	0.000011	0.075345	-0.003262	0.060661	126748552.629605
2020-03-29	-0.064155	-0.000502	0.001095	-0.064155	-0.064155	109300931.051493
2020-03-28	-0.027160	-0.000816	-0.000816	-0.064427	-0.027160	133440621.897775
2020-03-27	-0.034663	0.000079	0.024066	-0.036379	-0.034663	143918809.272859
2020-03-26	0.066731	-0.000232	0.083709	-0.001159	0.066731	174836442.533330
2020-03-25	-0.002799	-0.001104	0.012221	-0.035762	-0.002799	148032623.033097
2020-03-24	0.068883	-0.000487	0.074456	-0.017426	0.068883	159747274.024998
2020-03-23	0.151187	-0.002944	0.153737	-0.009614	0.151187	136337241.184086
2020-03-22	-0.068195	0.000042	0.026763	-0.071281	-0.068195	122269184.191465
2020-03-21	0.025706	0.000639	0.057277	-0.039250	0.025706	130652356.683881
2020-03-20	-0.023975	-0.001072	0.098491	-0.086377	-0.023975	146612113.914320
2020-03-19	0.144245	0.000731	0.183621	0.000731	0.144245	146341277.000593
2020-03-18	0.015699	0.002918	0.036153	-0.030206	0.015699	126475262.521653
2020-03-17	0.045844	0.000473	0.086364	-0.003036	0.045844	118316898.610848
2020-03-16	-0.111743	-0.001150	0.010171	-0.214870	-0.111743	140151761.901175
2020-03-15	0.051140	-0.001577	0.127518	-0.009880	0.051140	115596878.541669
2020-03-14	-0.016749	-0.000033	0.080920	-0.033715	-0.016749	110312282.849452
2020-03-13	0.115874	0.002250	0.209951	-0.191044	0.115874	199341044.196724
2020-03-12	-0.389967	-0.000359	0.001269	-0.391492	-0.389967	151985291.397929
2020-03-11	-0.015312	-0.000031	0.016098	-0.063883	-0.015312	108297098.050924
2020-03-10	-0.005388	0.002129	0.028716	-0.017637	-0.005388	112635716.278875
2020-03-09	-0.019872	-0.000854	0.013242	-0.069581	-0.019872	140007109.196335
2020-03-08	-0.138550	0.000353	0.001429	-0.142336	-0.138550	125719617.230705
2020-03-07	-0.050488	0.000040	0.002037	-0.054114	-0.050488	106259049.001009
2020-03-06	0.004157	0.000078	0.015575	-0.011482	0.004157	135250724.182159
2020-03-05	0.042477	-0.001083	0.064595	-0.001148	0.042477	96929512.166271
2020-03-04	-0.002918	0.000184	0.028333	-0.013233	-0.002918	100092057.811712
2020-03-03	-0.035832	-0.000528	0.004328	-0.047757	-0.035832	102197698.386048
2020-03-02	0.057865	-0.000170	0.064746	-0.003549	0.057865	109758407.876286
2020-03-01	-0.026352	-0.002731	0.017471	-0.043795	-0.026352	101124198.971772
2020-02-29	-0.024330	0.000793	0.014109	-0.024330	-0.024330	100216473.252551
2020-02-28	-0.024005	0.001490	0.021064	-0.046607	-0.024005	108152732.107605
2020-02-27	-0.014966	0.000232	0.020352	-0.053318	-0.014966	126899793.908408
2020-02-26	-0.077006	0.000392	0.011798	-0.096010	-0.077006	143680078.249029
2020-02-25	-0.029411	-0.000091	0.030104	-0.041700	-0.029411	150564887.477744
2020-02-24	-0.069088	0.000699	0.012073	-0.088061	-0.069088	145906857.017445
2020-02-23	0.074668	0.000669	0.077813	-0.000259	0.074668	133676243.688780
2020-02-22	-0.016322	0.000669	0.028548	-0.024600	-0.016322	133451985.855796
2020-02-21	0.049589	-0.001169	0.068550	-0.008935	0.049589	135902789.165296
2020-02-20	-0.020267	-0.000875	0.009110	-0.036833	-0.020267	155607936.664213
2020-02-19	-0.091900	-0.000037	0.004922	-0.092101	-0.091900	106656862.755591
2020-02-18	0.044917	0.000283	0.051532	-0.011012	0.044917	141145279.382437
2020-02-17	-0.068070	-0.003006	0.004387	-0.097250	-0.068070	164389216.447786
2020-02-16	-0.005114	0.001132	0.034613	-0.089585	-0.005114	152273796.630085
2020-02-15	-0.062705	-0.000370	0.020645	-0.078853	-0.062705	146497146.221586
2020-02-14	0.025510	-0.002073	0.026285	-0.014309	0.025510	134937261.049019
2020-02-13	-0.029187	-0.000175	0.008465	-0.051870	-0.029187	156870155.084416
2020-02-12	0.060336	0.000080	0.060545	-0.000037	0.060336	188475505.922911
2020-02-11	0.058910	0.000165	0.059101	-0.023480	0.058910	145122271.682759
2020-02-10	-0.031899	0.001034	0.002244	-0.041813	-0.031899	138845141.479789
2020-02-09	0.086092	-0.000514	0.086499	-0.002390	0.086092	124583964.367481
2020-02-08	0.013932	0.000242	0.024309	-0.030586	0.013932	106189645.222562
2020-02-07	0.018937	0.000208	0.032328	0.000039	0.018937	110193000.263348
2020-02-06	0.001182	0.000215	0.022825	-0.017195	0.001182	89213793.769145
2020-02-05	0.036165	-0.000366	0.047523	-0.006862	0.036165	86614280.597792
2020-02-04	-0.020207	0.000296	0.005227	-0.038894	-0.020207	80747174.205759
2020-02-03	0.023791	-0.000755	0.041011	-0.006182	0.023791	112774900.279282
2020-02-02	0.023212	-0.000184	0.061453	-0.026074	0.023212	120996894.035912
2020-02-01	0.017340	-0.000157	0.025003	-0.008688	0.017340	76400844.199401
2020-01-31	-0.038549	-0.000272	0.013442	-0.072462	-0.038549	113417706.099418
2020-01-30	0.070481	-0.000931	0.070481	-0.019893	0.070481	96778424.287470
2020-01-29	0.034255	0.000883	0.042727	-0.003202	0.034255	75659540.199171
2020-01-28	0.032584	-0.000254	0.032689	-0.004385	0.032584	60865269.112428
2020-01-27	0.026831	0.000209	0.036591	-0.002693	0.026831	65532166.347541
2020-01-26	0.038175	-0.000189	0.047227	-0.009058	0.038175	51959186.106182
2020-01-25	-0.003934	-0.000019	0.011209	-0.028559	-0.003934	41758020.608009
2020-01-24	-0.012287	0.001170	0.006488	-0.069878	-0.012287	65482395.519984
2020-01-23	-0.038456	0.000297	0.002659	-0.057389	-0.038456	60781827.881014
2020-01-22	-0.014081	-0.000241	0.005664	-0.023214	-0.014081	59334378.663748
2020-01-21	0.014975	-0.000137	0.027364	-0.009999	0.014975	57432225.453008
2020-01-20	-0.002096	0.000580	0.020256	-0.040971	-0.002096	62026473.044515
2020-01-19	-0.030707	0.000555	0.031115	-0.061054	-0.030707	71810752.585699
2020-01-18	-0.028722	-0.001238	0.023835	-0.040116	-0.028722	83759886.609501
2020-01-17	0.053222	0.000118	0.095123	-0.023979	0.053222	118624801.519222
2020-01-16	-0.038897	-0.000132	0.006720	-0.083205	-0.038897	118716552.201551
2020-01-15	0.087819	-0.000850	0.095559	-0.011776	0.087819	166405670.847877
2020-01-14	0.083030	0.000075	0.086752	-0.002945	0.083030	113675911.920799
2020-01-13	-0.022235	-0.000469	0.000119	-0.042643	-0.022235	58833703.661892
2020-01-12	0.014961	0.000061	0.024241	-0.014476	0.014961	52045488.098658
2020-01-11	-0.002113	-0.000866	0.092374	-0.008620	-0.002113	94891786.558721
2020-01-10	-0.010529	-0.000372	0.004393	-0.032978	-0.010529	65556437.116616
2020-01-09	-0.004488	0.000399	0.005477	-0.039101	-0.004488	64810309.057831
2020-01-08	0.010981	-0.000906	0.016903	-0.046123	0.010981	69698035.970124
2020-01-07	-0.002588	-0.000150	0.015082	-0.052651	-0.002588	71803693.878946
2020-01-06	0.090098	-0.000087	0.090519	-0.001849	0.090098	72292282.564911
2020-01-05	0.070448	-0.000014	0.083917	-0.000014	0.070448	51316114.057965
2020-01-04	-0.010869	-0.000732	0.008874	-0.021041	-0.010869	61952233.683805
2020-01-03	0.116779	-0.002332	0.136209	-0.002332	0.116779	145826653.265440
2020-01-02	-0.000089	0.000249	0.010077	-0.029643	-0.000089	81645163.179692
2020-01-01	0.026603	0.000237	0.031241	-0.001461	0.026603	75903148.645266
2019-12-31	-0.041511	0.000118	0.000454	-0.041511	-0.041511	61657735.297131
2019-12-30	-0.007072	0.000259	0.004837	-0.017492	-0.007072	66565171.058185
2019-12-29	0.028114	-0.000715	0.048931	-0.003439	0.028114	90219027.373212
2019-12-28	0.004505	-0.000335	0.013294	-0.006368	0.004505	90986576.739543
2019-12-27	0.000825	-0.000222	0.016740	-0.009813	0.000825	92836745.051331
2019-12-26	-0.025659	0.000199	0.002774	-0.035318	-0.025659	89292486.989260
2019-12-25	0.006307	0.000082	0.019219	-0.013493	0.006307	86017236.033341
2019-12-24	-0.023969	-0.000177	0.022146	-0.026804	-0.023969	104538333.456316
2019-12-23	-0.002368	0.000368	0.027779	-0.006374	-0.002368	112661124.245855
2019-12-22	0.042271	-0.000117	0.056314	-0.001148	0.042271	119713579.898819
2019-12-21	-0.032453	-0.000214	0.002420	-0.037207	-0.032453	106102856.218519
2019-12-20	-0.016854	-0.001017	0.000886	-0.028361	-0.016854	102434253.548359
2019-12-19	-0.001404	0.000789	0.027449	-0.036689	-0.001404	125632136.096250
2019-12-18	0.066490	0.002651	0.084196	-0.012247	0.066490	115846057.641949
2019-12-17	-0.091096	0.000083	0.004644	-0.097108	-0.091096	101487732.128259
2019-12-16	-0.028989	-0.000044	0.006286	-0.040725	-0.028989	101870932.881340
2019-12-15	-0.012964	0.000639	0.009977	-0.028656	-0.012964	104854858.905228
2019-12-14	-0.019496	0.000521	0.002575	-0.024427	-0.019496	98556823.702900
2019-12-13	-0.012891	-0.000266	0.002767	-0.017557	-0.012891	102891717.165561
2019-12-12	0.004499	-0.000597	0.019257	-0.010792	0.004499	114782983.107258
2019-12-11	0.001137	-0.000101	0.017455	-0.003298	0.001137	131916995.385662
2019-12-10	-0.023992	0.001255	0.009643	-0.032027	-0.023992	164652345.068914
2019-12-09	0.001245	0.000033	0.004997	-0.018980	0.001245	131692115.673355
2019-12-08	-0.008773	0.000802	0.012914	-0.017264	-0.008773	121427914.020787
2019-12-07	0.008804	-0.000110	0.016138	-0.009755	0.008804	149451115.007259
2019-12-06	0.004433	-0.000081	0.029795	-0.004076	0.004433	118978382.926330
2019-12-05	0.018002	-0.001086	0.029537	-0.012693	0.018002	148653329.359304
2019-12-04	-0.007022	0.000542	0.036106	-0.024999	-0.007022	137140587.680131
2019-12-03	-0.011198	-0.000099	0.023251	-0.011198	-0.011198	154822219.515910
2019-12-02	0.008312	0.000240	0.015355	-0.019908	0.008312	113404540.028718
2019-12-01	-0.021540	0.000256	0.000549	-0.038456	-0.021540	32630308.779744
2019-11-30	-0.021236	0.000033	0.009778	-0.031677	-0.021236	119581850.037028
2019-11-29	0.035588	0.000165	0.038241	-0.001176	0.035588	144980637.105034
2019-11-28	-0.034518	0.000140	0.021018	-0.038776	-0.034518	151831339.593779
2019-11-27	0.082037	-0.005249	0.102873	-0.021431	0.082037	155100423.262541
2019-11-26	0.030262	0.000494	0.041386	-0.008590	0.030262	159826619.226322
2019-11-25	0.041033	0.000241	0.081931	-0.045554	0.041033	154562441.906222
2019-11-24	-0.074619	-0.000230	0.004198	-0.074619	-0.074619	150228084.165181
2019-11-23	0.016464	0.000124	0.028336	-0.017833	0.016464	172231823.432886
2019-11-22	-0.053158	0.000026	0.014908	-0.101054	-0.053158	158097540.403369
2019-11-21	-0.070501	0.000343	0.004478	-0.080713	-0.070501	150665022.771076
2019-11-20	-0.012083	-0.000149	0.010684	-0.017148	-0.012083	179910717.344055
2019-11-19	-0.006922	0.000278	0.016906	-0.018203	-0.006922	194201658.141428
2019-11-18	-0.044567	-0.000169	0.007390	-0.049581	-0.044567	243555436.776445
2019-11-17	0.002215	-0.000081	0.018933	-0.005030	0.002215	201294251.169337
2019-11-16	0.000791	-0.000116	0.017200	-0.007423	0.000791	167735054.293291
2019-11-15	-0.054622	0.000230	0.003730	-0.054738	-0.054622	149260331.366327
2019-11-14	0.003183	-0.000121	0.008348	-0.014868	0.003183	203792696.131957
2019-11-13	0.049353	-0.000076	0.055392	-0.002337	0.049353	208429249.413970
2019-11-12	0.005292	0.000055	0.061550	-0.000849	0.005292	188591183.493744
2019-11-11	-0.030871	-0.000182	0.004939	-0.038564	-0.030871	206142758.251086
2019-11-10	0.027667	0.000483	0.038100	-0.003212	0.027667	176219413.866693
2019-11-09	0.021210	-0.000768	0.026139	-0.003668	0.021210	150673894.250877
2019-11-08	-0.041171	0.000244	0.003637	-0.052790	-0.041171	194099890.781817
2019-11-07	-0.010956	-0.000336	0.032195	-0.020576	-0.010956	245474444.642663
2019-11-06	0.019439	-0.000872	0.027052	-0.003710	0.019439	259001299.911168
2019-11-05	-0.002361	-0.000151	0.009753	-0.016480	-0.002361	293290493.761649
2019-11-04	-0.005260	-0.001946	0.004503	-0.014670	-0.005260	205552604.075294
2019-11-03	0.018631	0.000916	0.046284	-0.016579	0.018631	252599152.296308
2019-11-02	0.023570	0.000786	0.041205	-0.001931	0.023570	191554079.032208
2019-11-01	0.026580	-0.000566	0.035338	-0.009013	0.026580	195288212.513567
2019-10-31	0.011515	0.000670	0.032036	-0.017785	0.011515	203587730.914669
2019-10-30	-0.020774	-0.001615	0.000340	-0.036817	-0.020774	233444378.481951
2019-10-29	0.005298	-0.000782	0.059209	-0.006397	0.005298	220871996.847601
2019-10-28	-0.003414	0.000616	0.030565	-0.012565	-0.003414	222423449.035848
2019-10-27	0.053268	0.000975	0.076113	-0.018475	0.053268	166355879.288737
2019-10-26	-0.037991	-0.000196	0.092117	-0.058922	-0.037991	179221506.301102
2019-10-25	0.101195	0.000630	0.120965	-0.011104	0.101195	152920962.633741
2019-10-24	0.010241	0.000090	0.029900	-0.032706	0.010241	98450878.971089
2019-10-23	-0.064413	0.001625	0.015854	-0.079362	-0.064413	88273502.455971
2019-10-22	-0.020393	0.000171	0.014186	-0.028402	-0.020393	94681590.560133
2019-10-21	0.025074	0.000210	0.052414	-0.007741	0.025074	94407140.940603
2019-10-20	0.031544	-0.000385	0.044154	-0.010236	0.031544	70720780.986349
2019-10-19	-0.031996	-0.003297	-0.003297	-0.048073	-0.031996	81939157.130299
2019-10-18	0.008079	0.000000	0.040899	-0.009714	0.008079	85291482.671192
2019-10-17	0.017520	-0.000283	0.101939	-0.003789	0.017520	131613139.950454
2019-10-16	0.055565	-0.000745	0.059787	-0.005796	0.055565	131307167.962025
2019-10-15	-0.015724	0.000284	0.011552	-0.022493	-0.015724	76185800.365274
2019-10-14	-0.009407	-0.000353	0.004795	-0.016137	-0.009407	61816588.039154
2019-10-13	-0.005310	0.000157	0.008407	-0.017803	-0.005310	64022635.875274
2019-10-12	-0.012334	-0.000327	0.014413	-0.013572	-0.012334	77422018.836951
2019-10-11	-0.026235	-0.000181	0.006990	-0.027029	-0.026235	64153787.779589
2019-10-10	-0.026032	-0.000733	0.002743	-0.038411	-0.026032	94627887.335834
2019-10-09	0.028228	-0.000257	0.031150	-0.011669	0.028228	75137370.840674
2019-10-08	-0.012079	-0.000002	0.008786	-0.023563	-0.012079	71783062.925394
2019-10-07	0.019049	-0.000883	0.031049	-0.009223	0.019049	83666857.501695
2019-10-06	-0.017793	-0.000078	0.005826	-0.024201	-0.017793	73400789.019301
2019-10-05	-0.020248	-0.001175	0.003291	-0.034139	-0.020248	79461839.886673
2019-10-04	0.024828	0.000111	0.030611	-0.026241	0.024828	83529371.920034
2019-10-03	0.003755	-0.000015	0.015934	-0.028512	0.003755	85119061.113742
2019-10-02	0.003904	-0.000004	0.015588	-0.018955	0.003904	75303903.570025
2019-10-01	-0.017139	0.000952	0.024114	-0.019601	-0.017139	72773126.836363
2019-09-30	0.011611	0.000057	0.018473	-0.040196	0.011611	74691742.417975
2019-09-29	-0.031306	0.000326	0.001588	-0.053221	-0.031306	63364565.172772
2019-09-28	-0.001073	-0.000165	0.004003	-0.024035	-0.001073	99077632.431814
2019-09-27	0.008126	-0.000552	0.015869	-0.029463	0.008126	143938186.016519
2019-09-26	-0.038255	0.000109	0.005681	-0.076882	-0.038255	135169850.737160
2019-09-25	0.010936	-0.001358	0.035237	-0.022597	0.010936	101072792.393262
2019-09-24	-0.138291	-0.000225	0.023282	-0.146726	-0.138291	95665011.512769
2019-09-23	-0.061057	-0.000161	0.000002	-0.061057	-0.061057	82509888.584684
2019-09-22	0.004967	-0.000031	0.017614	-0.018856	0.004967	72664743.685062
2019-09-21	-0.015939	-0.000118	0.000100	-0.020739	-0.015939	81569538.593418
2019-09-20	-0.026567	0.000824	0.022298	-0.040888	-0.026567	96275560.069961
2019-09-19	-0.070189	-0.000026	-0.000026	-0.107381	-0.070189	102437633.079140
2019-09-18	0.100721	-0.001115	0.104021	-0.003796	0.100721	133480584.350058
2019-09-17	-0.014091	-0.000045	0.001604	-0.019911	-0.014091	91576289.789660
2019-09-16	-0.004571	0.000103	0.010110	-0.048184	-0.004571	100063837.914643
2019-09-15	-0.004562	0.000411	0.003466	-0.023735	-0.004562	57294721.533959
2019-09-14	-0.011348	-0.001043	0.000901	-0.038570	-0.011348	76842770.373741
2019-09-13	0.023708	0.000351	0.023708	-0.029305	0.023708	85283906.809242
2019-09-12	0.010330	0.000384	0.015115	-0.030641	0.010330	83013459.643505
2019-09-11	0.029517	0.000898	0.030247	-0.028658	0.029517	71687582.263455
2019-09-10	-0.038818	0.000281	0.011126	-0.044928	-0.038818	74484009.525590
2019-09-09	-0.028814	0.000371	0.001771	-0.035621	-0.028814	57047926.778569
2019-09-08	-0.012994	0.000575	0.014736	-0.020414	-0.012994	58161502.600325
2019-09-07	0.036924	0.000259	0.041519	-0.018278	0.036924	63405427.886169
2019-09-06	-0.004746	0.000045	0.046984	-0.007461	-0.004746	64191501.887296
2019-09-05	0.027542	0.000280	0.032386	-0.003310	0.027542	66866817.406947
2019-09-04	-0.013361	-0.000238	-0.000236	-0.040718	-0.013361	53928209.043957
2019-09-03	0.023930	0.000471	0.031038	-0.000143	0.023930	72236098.257055
2019-09-02	0.019514	-0.000439	0.025967	-0.024071	0.019514	67068912.005650
2019-09-01	0.062797	-0.000314	0.100443	-0.008994	0.062797	50287115.098602
2019-08-31	-0.004640	0.000097	0.004117	-0.021325	-0.004640	50249217.582228
2019-08-30	0.010277	0.000159	0.013839	-0.013184	0.010277	61604445.364717
2019-08-29	-0.071931	-0.000518	-0.000518	-0.073556	-0.071931	61387907.260419
2019-08-28	-0.074706	0.005434	0.016939	-0.077505	-0.074706	86518785.360602
2019-08-27	-0.018770	0.000300	0.000300	-0.027168	-0.018770	70865117.771098
2019-08-26	-0.008320	0.000659	0.038752	-0.016269	-0.008320	95830525.239784
2019-08-25	-0.004506	0.000181	0.018134	-0.018207	-0.004506	97178649.032793
2019-08-24	-0.017424	-0.000506	0.000097	-0.042859	-0.017424	89694958.054279
2019-08-23	-0.001032	0.000000	0.017017	-0.012457	-0.001032	98854438.181786
2019-08-22	0.020952	-0.000206	0.034559	-0.025155	0.020952	96683433.179809
2019-08-21	-0.060363	0.000291	0.007038	-0.075551	-0.060363	70469159.037998
2019-08-20	-0.048943	-0.000074	0.009177	-0.062139	-0.048943	75036774.735737
2019-08-19	0.024183	0.000516	0.029918	-0.036873	0.024183	80391798.461775
2019-08-18	0.073618	0.000111	0.074167	-0.003868	0.073618	80774013.682623
2019-08-17	-0.006180	0.000702	0.014518	-0.017638	-0.006180	69658777.893373
2019-08-16	-0.000340	-0.000109	0.012005	-0.050876	-0.000340	69374819.944660
2019-08-15	0.051501	0.001208	0.054694	-0.049546	0.051501	82268894.185715
2019-08-14	-0.082309	-0.000131	-0.000131	-0.082685	-0.082309	78512962.777330
2019-08-13	-0.062050	0.000109	0.002794	-0.069141	-0.062050	90797999.095362
2019-08-12	-0.011615	0.000246	0.000246	-0.017980	-0.011615	80671664.185432
2019-08-11	0.015065	-0.000406	0.016014	-0.007311	0.015065	82229709.079007
2019-08-10	-0.026547	-0.000369	0.013271	-0.028605	-0.026547	87008407.528025
2019-08-09	-0.018833	0.000384	0.001322	-0.043634	-0.018833	111949649.027019
2019-08-08	-0.023910	-0.000325	0.001135	-0.060807	-0.023910	99485911.916298
2019-08-07	0.086269	-0.000008	0.087598	-0.004556	0.086269	120008835.635379
2019-08-06	-0.041754	-0.000391	0.034521	-0.058565	-0.041754	106237721.781982
2019-08-05	0.062077	0.000048	0.073787	-0.000898	0.062077	116283578.822285
2019-08-04	-0.000154	-0.000025	0.010920	-0.025060	-0.000154	91749361.679921
2019-08-03	0.051017	0.000178	0.057008	0.000178	0.051017	88705504.408856
2019-08-02	0.023749	-0.000841	0.042879	-0.003246	0.023749	99591717.654699
2019-08-01	0.015926	-0.000846	0.023148	-0.009423	0.015926	90181330.656469
2019-07-31	0.029404	-0.000684	0.051992	-0.004828	0.029404	100162528.134643
2019-07-30	0.005365	0.000187	0.028883	-0.008326	0.005365	67774573.008402
2019-07-29	-0.019277	-0.000792	0.015745	-0.024838	-0.019277	82931894.698191
2019-07-28	0.007924	-0.001553	0.051564	-0.021773	0.007924	70562693.739060
2019-07-27	-0.017787	-0.000068	0.034984	-0.034810	-0.017787	85930847.194007
2019-07-26	-0.004821	0.000248	0.004495	-0.024407	-0.004821	80951329.750781
2019-07-25	0.002417	-0.000244	0.038564	-0.003127	0.002417	88391920.842842
2019-07-24	-0.004629	-0.000008	0.011822	-0.028286	-0.004629	90737837.679586
2019-07-23	-0.027873	-0.000019	0.006132	-0.036678	-0.027873	117356354.431587
2019-07-22	-0.009244	0.000113	0.016910	-0.030611	-0.009244	103711508.267368
2019-07-21	-0.016001	-0.000579	0.024763	-0.027185	-0.016001	105487494.029811
2019-07-20	0.036769	-0.000233	0.063707	-0.005743	0.036769	105663388.371124
2019-07-19	-0.021688	-0.000142	0.002242	-0.041872	-0.021688	108366438.784836
2019-07-18	0.100218	0.000983	0.114966	-0.019054	0.100218	131312917.608602
2019-07-17	0.032997	-0.002666	0.082035	-0.035099	0.032997	125827611.450197
2019-07-16	-0.172967	-0.001212	-0.001212	-0.180215	-0.172967	114381208.116912
2019-07-15	0.041654	0.002220	0.051239	-0.113641	0.041654	158841420.234316
2019-07-14	-0.079761	0.000597	0.011271	-0.082591	-0.079761	120701885.259517
2019-07-13	-0.049735	-0.000158	0.000263	-0.091558	-0.049735	119385278.064834
2019-07-12	0.102517	0.001536	0.104446	-0.033707	0.102517	114154781.548333
2019-07-11	-0.061329	-0.000169	-0.000169	-0.081976	-0.061329	123706017.395893
2019-07-10	-0.045073	0.000324	0.021953	-0.069117	-0.045073	142132531.229636
2019-07-09	-0.021345	0.000105	0.029116	-0.035169	-0.021345	124628294.207427
2019-07-08	-0.052216	-0.000816	0.001259	-0.059472	-0.052216	155828867.728879
2019-07-07	0.140981	0.000509	0.140981	-0.008173	0.140981	182719893.719401
2019-07-06	0.053972	0.000138	0.110447	0.000053	0.053972	190744873.341055
2019-07-05	0.014868	-0.000624	0.047478	-0.017285	0.014868	120405500.570019
2019-07-04	-0.024205	0.000026	0.034196	-0.026528	-0.024205	134452313.146320
2019-07-03	0.043319	-0.000301	0.067199	-0.002578	0.043319	127688764.681904
2019-07-02	-0.024409	0.000202	0.004645	-0.072508	-0.024409	132861596.934245
2019-07-01	0.007730	0.000161	0.066536	-0.044096	0.007730	132758316.336587
2019-06-30	-0.122218	0.000468	0.005264	-0.124320	-0.122218	127287723.242795
2019-06-29	-0.016531	0.000319	0.001304	-0.077325	-0.016531	140176877.700151
2019-06-28	0.076554	0.000786	0.083142	-0.019721	0.076554	156736723.055474
2019-06-27	-0.091452	0.000230	0.011246	-0.162036	-0.091452	168991927.613483
2019-06-26	-0.074778	-0.000113	0.000871	-0.095756	-0.074778	288013490.972759
2019-06-25	-0.043430	-0.000622	0.003423	-0.051763	-0.043430	170290077.845140
2019-06-24	0.019835	0.000700	0.037355	-0.024482	0.019835	131784907.931956
2019-06-23	0.003721	-0.000558	0.046797	-0.007551	0.003721	135554013.896153
2019-06-22	0.050092	0.002441	0.086736	-0.000629	0.050092	144831867.348573
2019-06-21	0.040523	0.000350	0.047765	-0.000188	0.040523	138943736.267533
2019-06-20	0.045542	0.000420	0.081689	-0.001972	0.045542	175272177.840076
2019-06-19	0.043262	0.000175	0.061825	-0.000712	0.043262	144587433.828354
2019-06-18	-0.021409	-0.000443	0.007581	-0.027091	-0.021409	215721561.925906
2019-06-17	0.025931	-0.000344	0.039949	-0.000444	0.025931	221680907.696166
2019-06-16	0.012360	0.000108	0.031140	-0.003552	0.012360	217991870.320211
2019-06-15	0.046253	0.000222	0.049983	-0.005964	0.046253	229735778.684727
2019-06-14	0.013957	0.000420	0.016829	-0.021591	0.013957	230462155.083316
2019-06-13	-0.009694	0.000797	0.017121	-0.010828	-0.009694	207794231.256917
2019-06-12	0.039434	-0.000606	0.042590	-0.008748	0.039434	171933824.034862
2019-06-11	-0.002345	0.000629	0.010653	-0.016394	-0.002345	143282900.767642
2019-06-10	0.037414	-0.001242	0.043022	-0.013102	0.037414	138555223.163366
2019-06-09	-0.042949	0.000193	0.004908	-0.058144	-0.042949	135848271.217327
2019-06-08	-0.008191	0.000436	0.005259	-0.022007	-0.008191	127524205.940101
2019-06-07	0.015313	-0.000653	0.031739	-0.016662	0.015313	132272877.122289
2019-06-06	0.022947	0.000670	0.025444	-0.016660	0.022947	147136612.233359
2019-06-05	0.019703	0.000821	0.039129	0.000570	0.019703	123787029.780819
2019-06-04	-0.070962	-0.000506	-0.000466	-0.093419	-0.070962	82412018.042277
2019-06-03	-0.055140	0.000204	0.008957	-0.057776	-0.055140	113138588.145860
2019-06-02	0.021251	0.000809	0.035210	-0.001742	0.021251	104335298.918876
2019-06-01	-0.002655	0.000748	0.005421	-0.017917	-0.002655	101580438.695424
2019-05-31	0.013613	0.000027	0.016914	-0.027218	0.013613	98522712.567597
2019-05-30	-0.021538	0.000176	0.046863	-0.044038	-0.021538	115296005.177187
2019-05-29	-0.021568	-0.000068	0.000111	-0.057075	-0.021568	109958291.991734
2019-05-28	-0.019446	-0.000659	0.005735	-0.023551	-0.019446	156907569.000537
2019-05-27	0.064904	0.000307	0.074611	-0.000460	0.064904	234053890.705908
2019-05-26	0.057498	-0.000508	0.059979	-0.016279	0.057498	78729256.212560
2019-05-25	0.016540	-0.000327	0.024192	-0.000327	0.016540	74414764.367370
2019-05-24	0.011282	0.001010	0.031230	-0.009852	0.011282	78323420.614164
2019-05-23	0.013388	-0.001224	0.020269	-0.029914	0.013388	216194224.122750
2019-05-22	-0.061776	-0.000053	0.024771	-0.063071	-0.061776	419738195.042950
2019-05-21	0.015924	-0.001207	0.054971	-0.001586	0.015924	87816699.110697
2019-05-20	-0.033251	-0.000220	0.000079	-0.064202	-0.033251	76023557.372997
2019-05-19	0.138579	0.000131	0.143040	-0.001742	0.138579	67197703.512904
2019-05-18	-0.029472	0.000302	0.010975	-0.032560	-0.029472	46125352.168688
2019-05-17	-0.057488	0.000271	0.004172	-0.108021	-0.057488	72415159.508772
2019-05-16	-0.075175	-0.001582	0.028463	-0.096175	-0.075175	78734549.038048
2019-05-15	0.132520	0.001508	0.136482	-0.001507	0.132520	70995398.500739
2019-05-14	0.049489	0.000302	0.066660	-0.001620	0.049489	69119265.086273
2019-05-13	0.066697	0.000094	0.100394	-0.009205	0.066697	55646569.359506
2019-05-12	-0.043554	-0.000498	0.027403	-0.072926	-0.043554	58900217.186888
2019-05-11	0.139764	-0.000054	0.170793	-0.000460	0.139764	67439108.575770
2019-05-10	0.052349	-0.000179	0.057347	-0.005727	0.052349	41323062.940899
2019-05-09	-0.039254	0.000193	0.011625	-0.054355	-0.039254	39720826.857936
2019-05-08	0.027234	-0.000782	0.028640	-0.012008	0.027234	37535065.023767
2019-05-07	-0.015083	-0.000578	0.048612	-0.015144	-0.015083	49857410.032809
2019-05-06	0.007084	-0.000342	0.018911	-0.025992	0.007084	45947644.109481
2019-05-05	-0.025247	-0.000035	0.009784	-0.036132	-0.025247	39931450.886657
2019-05-04	0.011442	-0.000134	0.019814	-0.026806	0.011442	37095215.930426
2019-05-03	0.040647	-0.000591	0.062074	-0.003666	0.040647	42073269.056614
2019-05-02	-0.008510	0.000532	0.013320	-0.024919	-0.008510	40766958.310527
2019-05-01	0.046118	0.000065	0.046407	-0.000100	0.046118	38993596.393592
2019-04-30	0.025669	0.000007	0.027305	-0.005208	0.025669	39162918.974827
2019-04-29	-0.011237	0.000315	0.009202	-0.023707	-0.011237	47434963.159396
2019-04-28	-0.021110	0.001380	0.007734	-0.024186	-0.021110	82495646.751604
2019-04-27	0.007420	-0.004485	0.023099	-0.007729	0.007420	116208417.235544
2019-04-26	0.012859	0.001705	0.040150	-0.021467	0.012859	118882977.036544
2019-04-25	-0.094239	-0.000220	0.002952	-0.094524	-0.094239	155993710.490670
2019-04-24	-0.023821	0.000050	0.021810	-0.061372	-0.023821	125287158.669574
2019-04-23	0.010764	-0.000403	0.035267	-0.007593	0.010764	215660125.070905
2019-04-22	-0.001832	-0.000467	0.009257	-0.010577	-0.001832	106741099.359942
2019-04-21	-0.011593	0.000910	0.008137	-0.030443	-0.011593	101931768.579783
2019-04-20	0.013966	0.000538	0.024467	-0.005997	0.013966	100543874.303396
2019-04-19	-0.008606	0.000078	0.005395	-0.023443	-0.008606	96681421.944452
2019-04-18	0.024968	-0.000009	0.036633	-0.000187	0.024968	92841765.465606
2019-04-17	-0.020691	-0.000426	0.015518	-0.028818	-0.020691	99427821.802761
2019-04-16	0.070717	0.000170	0.089741	-0.006081	0.070717	99339082.820190
2019-04-15	-0.033481	0.000113	0.007168	-0.034752	-0.033481	106781470.230421
2019-04-14	0.019254	-0.000191	0.030236	-0.015827	0.019254	122650716.265317
2019-04-13	-0.011763	0.000027	0.012145	-0.030712	-0.011763	110204684.249852
2019-04-12	-0.004004	-0.000555	0.072553	-0.010444	-0.004004	127876574.494368
2019-04-11	-0.064954	-0.000398	0.002718	-0.115027	-0.064954	128763082.295379
2019-04-10	0.038096	-0.000167	0.048660	-0.003682	0.038096	135283524.259616
2019-04-09	-0.038271	0.000285	0.001778	-0.042396	-0.038271	90506704.581779
2019-04-08	0.018428	0.000231	0.038685	-0.014110	0.018428	105550896.442785
2019-04-07	0.025189	-0.000030	0.029358	-0.002784	0.025189	92938041.296858
2019-04-06	-0.015475	0.000041	0.013672	-0.031436	-0.015475	100724714.112928
2019-04-05	0.081909	-0.000011	0.082216	-0.000611	0.081909	95806842.502771
2019-04-04	-0.027098	0.002041	0.017793	-0.053091	-0.027098	91708208.232462
2019-04-03	-0.048545	-0.000009	0.047314	-0.074224	-0.048545	114825437.977766
2019-04-02	0.151499	-0.000233	0.164188	-0.015286	0.151499	129351710.770167
2019-04-01	0.073147	-0.000078	0.073435	-0.001008	0.073147	118227704.163007
2019-03-31	0.045559	0.000105	0.057009	-0.006285	0.045559	99371365.848067
2019-03-30	-0.000610	-0.000270	0.054461	-0.011018	-0.000610	88272936.117866
2019-03-29	-0.007711	0.000437	0.003730	-0.027406	-0.007711	92764025.649310
2019-03-28	-0.015191	-0.000432	0.000062	-0.018372	-0.015191	95017106.790957
2019-03-27	0.033798	0.000321	0.039384	-0.001919	0.033798	91620139.842240
2019-03-26	0.011476	-0.001939	0.013817	-0.037442	0.011476	91009789.343360
2019-03-25	-0.026139	0.000995	0.006257	-0.048940	-0.026139	93084754.664401
2019-03-24	-0.001777	-0.000503	0.006236	-0.005772	-0.001777	83963836.916312
2019-03-23	-0.001534	-0.000385	0.008258	-0.010512	-0.001534	81236140.736460
2019-03-22	0.001302	-0.000109	0.007483	-0.009247	0.001302	87593947.950398
2019-03-21	-0.036287	0.001748	0.001805	-0.046707	-0.036287	93149157.630885
2019-03-20	0.020641	0.004273	0.036293	-0.019602	0.020641	102750635.488599
2019-03-19	0.023603	-0.000289	0.031096	-0.002596	0.023603	99715348.838276
2019-03-18	-0.000887	0.000968	0.008681	-0.015678	-0.000887	116998431.953639
2019-03-17	-0.020132	0.001280	0.003207	-0.036406	-0.020132	117829193.989110
2019-03-16	0.019186	-0.000851	0.032974	-0.000851	0.019186	201675916.648744
2019-03-15	0.023923	0.000142	0.024756	-0.001864	0.023923	62767951.177997
2019-03-14	0.006037	0.000259	0.016972	-0.007461	0.006037	63362753.172053
2019-03-13	0.011040	0.000207	0.016738	-0.003621	0.011040	52938688.213128
2019-03-12	0.024613	0.001245	0.024613	-0.014754	0.024613	60080876.695510
2019-03-11	-0.013987	-0.001141	0.000440	-0.030854	-0.013987	72591315.342473
2019-03-10	0.003166	0.001865	0.004474	-0.007554	0.003166	65452520.507825
2019-03-09	0.015378	-0.000732	0.027561	-0.003927	0.015378	65485381.039030
2019-03-08	-0.019796	0.004053	0.006983	-0.028030	-0.019796	74197398.209090
2019-03-07	0.003534	0.001548	0.024582	0.001548	0.003534	74428190.183735
2019-03-06	0.005937	0.000899	0.007026	-0.019091	0.005937	72310828.594692
2019-03-05	0.042382	0.000137	0.043759	-0.011511	0.042382	72757860.076160
2019-03-04	-0.032220	0.000240	0.007115	-0.058543	-0.032220	68874656.960556
2019-03-03	0.002482	-0.000760	0.005772	-0.010405	0.002482	67035490.841375
2019-03-02	0.008504	0.000782	0.009983	-0.008841	0.008504	63274675.045823
2019-03-01	0.008976	0.000018	0.021151	-0.002760	0.008976	67173811.923414
2019-02-28	-0.017341	-0.001851	0.004435	-0.018959	-0.017341	69184623.465747
2019-02-27	0.011795	0.004649	0.012094	-0.013747	0.011795	71709284.033569
2019-02-26	-0.013441	0.000341	0.000341	-0.020538	-0.013441	69794817.060406
2019-02-25	0.021791	-0.002717	0.024068	-0.006322	0.021791	70386152.517090
2019-02-24	-0.089248	-0.002332	0.056014	-0.089248	-0.089248	63487790.383336
2019-02-23	0.022243	-0.000460	0.022312	-0.013654	0.022243	74715380.561792
2019-02-22	0.043743	-0.001993	0.045083	-0.001993	0.043743	67853125.177093
2019-02-21	-0.032136	0.003956	0.003956	-0.037552	-0.032136	62868852.256781
2019-02-20	-0.004141	-0.001473	0.005929	-0.027952	-0.004141	62975747.840437
2019-02-19	0.012267	-0.000192	0.036793	-0.003936	0.012267	60939331.832653
2019-02-18	0.075402	-0.001129	0.086654	-0.001129	0.075402	59009589.849054
2019-02-17	0.024571	-0.000952	0.025875	-0.003340	0.024571	50287821.798081
2019-02-16	-0.011009	-0.000903	0.021050	-0.014140	-0.011009	47450868.693986
2019-02-15	0.012294	-0.000896	0.038257	-0.005816	0.012294	52421972.414974
2019-02-14	-0.050029	-0.000207	0.006185	-0.061366	-0.050029	59162579.484638
2019-02-13	0.005668	0.000006	0.034442	-0.004761	0.005668	59844236.587329
2019-02-12	0.016182	-0.000949	0.023544	-0.016841	0.016182	52799179.220900
2019-02-11	-0.031243	0.001688	0.001688	-0.048636	-0.031243	52414292.153268
2019-02-10	0.026196	0.000637	0.026222	-0.027147	0.026196	52351662.025858
2019-02-09	0.009123	0.003176	0.013283	-0.003968	0.009123	52421773.947533
2019-02-08	0.113502	0.000835	0.146640	-0.002224	0.113502	58034756.327048
2019-02-07	0.001589	0.000212	0.014763	-0.002033	0.001589	46417589.979432
2019-02-06	-0.004443	0.000894	0.000894	-0.021397	-0.004443	48141805.441679
2019-02-05	0.012605	-0.001795	0.015850	-0.001795	0.012605	45555506.434795
2019-02-04	-0.002498	0.001457	0.004900	-0.017493	-0.002498	44862786.080161
2019-02-03	-0.011150	-0.001974	0.007784	-0.018716	-0.011150	45359366.105771
2019-02-02	-0.007668	-0.001264	0.001872	-0.039517	-0.007668	46606594.424219
2019-02-01	0.001346	0.000169	0.012404	-0.018133	0.001346	36949055.585629
2019-01-31	-0.013566	-0.000332	0.006767	-0.021487	-0.013566	33200067.268032
2019-01-30	0.012686	-0.000938	0.023235	-0.021623	0.012686	46618917.110309
2019-01-29	0.002773	-0.000161	0.011040	-0.017496	0.002773	50419054.343831
2019-01-28	-0.064115	0.002529	0.002529	-0.072490	-0.064115	39662232.587236
2019-01-27	0.018473	0.001120	0.020229	-0.007070	0.018473	37895259.973181
2019-01-26	-0.024711	-0.000568	-0.000568	-0.025904	-0.024711	33090913.303743
2019-01-25	0.024164	0.002164	0.028932	-0.014526	0.024164	34838080.124763
2019-01-24	0.020110	0.000553	0.036242	-0.005894	0.020110	36027328.435777
2019-01-23	-0.022650	0.000473	0.001141	-0.027904	-0.022650	32608466.664204
2019-01-22	0.030134	0.000135	0.032710	-0.000888	0.030134	24212366.525168
2019-01-21	0.010524	0.000043	0.014568	-0.008940	0.010524	36435975.018986
2019-01-20	-0.045577	-0.002866	0.003514	-0.047205	-0.045577	33574394.375226
2019-01-19	0.024238	0.003280	0.031690	-0.007438	0.024238	28578356.164467
2019-01-18	-0.011561	-0.000106	0.001010	-0.016937	-0.011561	21365212.513689
2019-01-17	-0.011429	-0.000446	0.003799	-0.028399	-0.011429	27183478.770604
2019-01-16	0.027382	-0.001290	0.027681	-0.005347	0.027382	24281060.125407
2019-01-15	-0.020995	-0.002044	0.010719	-0.026228	-0.020995	24204632.641226
2019-01-14	0.065047	-0.000048	0.076011	-0.000048	0.065047	18488424.249538
2019-01-13	-0.042157	-0.000146	0.011061	-0.048096	-0.042157	16719881.722106
2019-01-12	-0.017399	-0.000245	0.005420	-0.026465	-0.017399	20037123.603037
2019-01-11	0.006783	-0.000255	0.027655	-0.008160	0.006783	23562847.509349
2019-01-10	-0.136923	0.000368	0.015000	-0.154812	-0.136923	24306321.963172
2019-01-09	-0.008308	0.000292	0.026147	-0.013585	-0.008308	19143629.788439
2019-01-08	0.006219	0.001139	0.039832	-0.004249	0.006219	15133986.220061
2019-01-07	-0.037351	0.001026	0.007014	-0.049099	-0.037351	15100413.950803
2019-01-06	0.099031	-0.002432	0.101509	-0.003674	0.099031	16838853.806639
2019-01-05	-0.013807	-0.001525	0.020070	-0.015014	-0.013807	13488430.584854
2019-01-04	0.016371	0.000750	0.021663	-0.007986	0.016371	12125339.121888
2019-01-03	-0.046641	0.001527	0.001527	-0.049748	-0.046641	12738594.998002
2019-01-02	0.080322	0.001484	0.099858	-0.008127	0.080322	24331239.289516
2019-01-01	0.046278	-0.000005	0.046307	-0.012564	0.046278	10174528.272407
2018-12-31	-0.044168	0.001465	0.002248	-0.058063	-0.044168	11899403.981680
2018-12-30	0.005242	-0.002198	0.016243	-0.011237	0.005242	12884901.310749
2018-12-29	-0.033316	0.001459	0.006269	-0.033316	-0.033316	15781153.264309
2018-12-28	0.119270	0.000313	0.149374	-0.005038	0.119270	18873091.354137
2018-12-27	-0.099403	-0.000358	-0.000063	-0.110613	-0.099403	14370277.531571
2018-12-26	-0.024074	0.000931	0.028733	-0.057889	-0.024074	16360059.417180
2018-12-25	-0.101935	0.001221	0.001221	-0.142012	-0.101935	17051135.815555
2018-12-24	0.067848	0.000771	0.102642	0.000771	0.067848	21739807.158546
2018-12-23	0.019927	0.003626	0.053868	-0.001018	0.019927	13916278.028178
2018-12-22	-0.001825	-0.000496	0.009884	-0.034961	-0.001825	13813550.086188
2018-12-21	-0.059115	-0.003583	0.012875	-0.076946	-0.059115	19104637.857428
2018-12-20	0.189203	-0.003331	0.189858	-0.006990	0.189203	20425202.226349
2018-12-19	-0.005788	0.008647	0.087519	-0.011350	-0.005788	16853229.392240
2018-12-18	0.062975	0.000699	0.083491	-0.015747	0.062975	13576157.132091
2018-12-17	0.113963	0.000526	0.141121	-0.002415	0.113963	12214093.250661
2018-12-16	0.012555	0.000540	0.046148	0.000540	0.012555	10345232.142114
2018-12-15	-0.010971	-0.006787	0.002120	-0.030814	-0.010971	11591710.367193
2018-12-14	-0.041003	0.001734	0.035559	-0.048091	-0.041003	12444728.859967
2018-12-13	-0.067686	0.002613	0.002848	-0.074285	-0.067686	11758377.140130
2018-12-12	0.028063	-0.001709	0.052292	-0.005948	0.028063	11027516.391041
2018-12-11	-0.041865	0.000275	0.001640	-0.047396	-0.041865	11705044.126120
2018-12-10	-0.065817	-0.004958	0.010108	-0.077105	-0.065817	13100387.842516
2018-12-09	0.047683	-0.000426	0.081001	-0.008740	0.047683	11992076.006552
2018-12-08	-0.019121	0.003035	0.055678	-0.056270	-0.019121	14219601.853796
2018-12-07	-0.001558	-0.000662	0.001192	-0.076449	-0.001558	17903551.075834
2018-12-06	-0.099331	-0.001121	0.036410	-0.099331	-0.099331	16666075.425632
2018-12-05	-0.093233	0.000450	0.002426	-0.093233	-0.093233	13315061.445764
2018-12-04	0.039056	-0.005467	0.072767	-0.017275	0.039056	14305388.058738
2018-12-03	-0.072144	0.005120	0.005120	-0.091707	-0.072144	15779706.428314
2018-12-02	-0.009163	-0.000777	0.036258	-0.022267	-0.009163	11105556.018828
2018-12-01	0.032091	0.002191	0.058056	-0.011539	0.032091	10636037.469083
2018-11-30	-0.055603	0.002199	0.015441	-0.079283	-0.055603	14373886.678559
2018-11-29	-0.036656	0.005433	0.019351	-0.064645	-0.036656	16842315.861251
2018-11-28	0.111891	0.005016	0.150705	0.002743	0.111891	18065200.000000
2018-11-27	0.073559	-0.001751	0.098647	-0.015510	0.073559	19314700.000000
2018-11-26	-0.083308	0.001345	0.033116	-0.099457	-0.083308	21913900.000000
2018-11-25	-0.005225	0.000216	0.016930	-0.090133	-0.005225	24217900.000000
2018-11-24	-0.124105	0.000780	0.025020	-0.129922	-0.124105	14215400.000000
2018-11-23	0.011674	-0.002675	0.014269	-0.044275	0.011674	16968500.000000
2018-11-22	-0.044743	-0.000920	0.021688	-0.047892	-0.044743	13864000.000000
2018-11-21	0.036952	-0.000498	0.056505	-0.030984	0.036952	21715400.000000
2018-11-20	-0.082825	-0.002344	0.026860	-0.125634	-0.082825	29890100.000000
2018-11-19	-0.189086	-0.000128	0.000644	-0.189086	-0.189086	30858500.000000
2018-11-18	0.015791	0.003679	0.039337	0.002210	0.015791	23170800.000000
2018-11-17	0.010890	0.000898	0.013826	-0.020938	0.010890	17386000.000000
2018-11-16	-0.018238	0.000713	0.003428	-0.025589	-0.018238	18856700.000000
2018-11-15	-0.022981	0.004250	0.016683	-0.110991	-0.022981	33617400.000000
2018-11-14	-0.136565	-0.002369	-0.002369	-0.176528	-0.136565	30182000.000000
2018-11-13	-0.000247	-0.000523	0.010881	-0.011432	-0.000247	16715400.000000
2018-11-12	-0.011629	0.005499	0.008818	-0.012634	-0.011629	14649400.000000
2018-11-11	0.010746	-0.000713	0.012903	-0.024362	0.010746	14920300.000000
2018-11-10	-0.015417	-0.001066	0.002975	-0.020273	-0.015417	11667700.000000
2018-11-09	-0.014148	-0.000101	0.002186	-0.025612	-0.014148	13896100.000000
2018-11-08	-0.027674	-0.000986	0.002717	-0.028418	-0.027674	15042800.000000
2018-11-07	-0.012233	0.000239	0.006714	-0.029010	-0.012233	14328200.000000
2018-11-06	0.013912	0.003718	0.020127	-0.007903	0.013912	16887600.000000
2018-11-05	-0.004034	0.001691	0.009777	-0.020564	-0.004034	14464400.000000
2018-11-04	0.046123	0.000159	0.048659	-0.011762	0.046123	14673200.000000
2018-11-03	0.010276	-0.000113	0.015249	-0.008376	0.010276	10283100.000000
2018-11-02	0.018281	-0.000270	0.020928	-0.002975	0.018281	11916800.000000
2018-11-01	0.000453	0.001984	0.016671	-0.009862	0.000453	10160300.000000
2018-10-31	0.012491	0.001736	0.023520	-0.002526	0.012491	13314200.000000
2018-10-30	0.010494	-0.000394	0.012366	-0.004414	0.010494	15187300.000000
2018-10-29	-0.033227	-0.003172	-0.000734	-0.039723	-0.033227	13488400.000000
2018-10-28	0.010366	0.002291	0.025785	-0.017084	0.010366	19928900.000000
2018-10-27	-0.010655	-0.001047	0.000248	-0.011836	-0.010655	16064700.000000
2018-10-26	-0.012265	-0.000969	0.003132	-0.014484	-0.012265	14102000.000000
2018-10-25	-0.005872	0.000131	0.000131	-0.017382	-0.005872	12371700.000000
2018-10-24	-0.013759	-0.003292	0.006022	-0.017364	-0.013759	11786500.000000
2018-10-23	0.028276	0.000209	0.040698	0.000133	0.028276	20239100.000000
2018-10-22	0.003425	-0.000923	0.009077	-0.010000	0.003425	15874800.000000
2018-10-21	0.012729	0.000588	0.022770	-0.003334	0.012729	13189200.000000
2018-10-20	0.000540	0.000366	0.009631	-0.003500	0.000540	14535300.000000
2018-10-19	0.007871	0.000000	0.016966	-0.002760	0.007871	18523600.000000
2018-10-18	-0.023244	0.001670	0.011968	-0.031131	-0.023244	23064100.000000
2018-10-17	-0.018930	0.002412	0.004004	-0.025197	-0.018930	22030600.000000
2018-10-16	0.002670	0.000812	0.011418	-0.011138	0.002670	19815100.000000
2018-10-15	0.061463	-0.000694	0.102718	-0.015841	0.061463	35911700.000000
2018-10-14	-0.012043	0.000098	0.011896	-0.012953	-0.012043	13930300.000000
2018-10-13	0.014179	-0.000308	0.022630	-0.000308	0.014179	12537800.000000
2018-10-12	0.003238	-0.003118	0.032386	-0.006982	0.003238	14421900.000000
2018-10-11	-0.115240	0.001049	0.006258	-0.115240	-0.115240	24185900.000000
2018-10-10	-0.001891	-0.000730	-0.000026	-0.023277	-0.001891	164644000.000000
2018-10-09	-0.005259	0.000805	0.005714	-0.012514	-0.005259	36076800.000000
2018-10-08	0.004907	-0.001293	0.022468	-0.008767	0.004907	107293000.000000
2018-10-07	-0.011758	0.001451	0.002259	-0.021213	-0.011758	25004000.000000
2018-10-06	0.001680	0.000331	0.003647	-0.012796	0.001680	22917000.000000
2018-10-05	0.002995	-0.000541	0.004916	-0.007980	0.002995	20766400.000000
2018-10-04	-0.001317	0.000445	0.013725	-0.010725	-0.001317	25737300.000000
2018-10-03	-0.018343	-0.000334	0.006574	-0.040367	-0.018343	24600100.000000
2018-10-02	0.020145	-0.001083	0.046280	-0.014940	0.020145	31906300.000000
2018-10-01	-0.014924	-0.005015	0.006451	-0.027052	-0.014924	20659400.000000
2018-09-30	0.012110	0.000252	0.016158	-0.006843	0.012110	26235500.000000
2018-09-29	-0.018709	-0.000436	-0.000154	-0.039255	-0.018709	34176800.000000
2018-09-28	-0.018448	0.000780	0.019253	-0.028150	-0.018448	35421800.000000
2018-09-27	0.031680	-0.004066	0.047460	-0.014854	0.031680	38769800.000000
2018-09-26	-0.006950	0.000447	0.010154	-0.027482	-0.006950	29067600.000000
2018-09-25	0.007984	-0.000658	0.007984	-0.030759	0.007984	30107600.000000
2018-09-24	-0.057275	-0.001257	0.005959	-0.060124	-0.057275	32909400.000000
2018-09-23	0.002299	0.000483	0.044945	-0.011398	0.002299	53467200.000000
2018-09-22	-0.012308	-0.001576	0.011872	-0.046348	-0.012308	29282500.000000
2018-09-21	0.064157	-0.001256	0.068500	-0.004377	0.064157	46774300.000000
2018-09-20	0.061764	0.000155	0.061992	0.000155	0.061764	37921600.000000
2018-09-19	-0.026092	0.000391	0.004295	-0.056782	-0.026092	35204700.000000
2018-09-18	0.049024	-0.005429	0.054220	-0.024358	0.049024	35111400.000000
2018-09-17	-0.084118	0.003982	0.027136	-0.084118	-0.084118	40377800.000000
2018-09-16	-0.019749	-0.005226	-0.005226	-0.047012	-0.019749	34245700.000000
2018-09-15	0.020767	-0.002137	0.044927	-0.005061	0.020767	38659300.000000
2018-09-14	0.044022	0.000857	0.047628	-0.019485	0.044022	43837300.000000
2018-09-13	0.073924	0.002636	0.113149	0.002636	0.073924	42702500.000000
2018-09-12	-0.012514	0.001912	0.003427	-0.076380	-0.012514	37938300.000000
2018-09-11	0.000009	0.003341	0.033679	-0.032837	0.000009	32241000.000000
2018-09-10	-0.005385	-0.002316	0.027595	-0.016504	-0.005385	33801900.000000
2018-09-09	0.018077	-0.000383	0.061334	-0.027538	0.018077	38884300.000000
2018-09-08	-0.067483	0.000098	0.027333	-0.086807	-0.067483	29966300.000000
2018-09-07	-0.047749	-0.002468	0.019253	-0.055537	-0.047749	34706300.000000
2018-09-06	0.021084	0.004215	0.025282	-0.054248	0.021084	47806200.000000
2018-09-05	-0.165907	-0.000478	0.015571	-0.165907	-0.165907	54877800.000000
2018-09-04	0.017675	-0.003039	0.031212	-0.005134	0.017675	52929600.000000
2018-09-03	0.124975	-0.003220	0.125183	-0.010216	0.124975	53805800.000000
2018-09-02	-0.003943	0.000165	0.032652	-0.035578	-0.003943	35711900.000000
2018-09-01	0.036988	-0.003275	0.064565	-0.009206	0.036988	52810000.000000
2018-08-31	0.134651	0.003793	0.142733	0.001634	0.134651	57364500.000000
2018-08-30	-0.007146	0.001400	0.023563	-0.061677	-0.007146	35257200.000000
2018-08-29	-0.036913	0.000995	0.005645	-0.057467	-0.036913	19745900.000000
2018-08-28	0.028643	0.000134	0.030795	-0.018521	0.028643	22513800.000000
2018-08-27	0.096817	-0.000297	0.097919	-0.018408	0.096817	28849600.000000
2018-08-26	0.029822	0.002800	0.029822	-0.013424	0.029822	46481300.000000
2018-08-25	-0.012999	-0.001049	0.027418	-0.017727	-0.012999	17631600.000000
2018-08-24	0.041062	0.001547	0.046675	-0.015919	0.041062	29263100.000000
2018-08-23	-0.000196	-0.002331	0.014425	-0.013109	-0.000196	19364700.000000
2018-08-22	-0.050942	0.000368	0.038418	-0.069371	-0.050942	21752000.000000
2018-08-21	0.016503	-0.001832	0.033597	-0.012043	0.016503	21602300.000000
2018-08-20	-0.051301	-0.000291	0.036870	-0.051301	-0.051301	22207700.000000
2018-08-19	0.002635	0.000497	0.007038	-0.032281	0.002635	17273400.000000
2018-08-18	-0.010451	0.002123	0.057456	-0.041305	-0.010451	29601700.000000
2018-08-17	0.089194	-0.000796	0.110723	-0.002739	0.089194	25798500.000000
2018-08-16	0.017086	-0.002208	0.034602	-0.006661	0.017086	20515800.000000
2018-08-15	0.063790	0.004852	0.116949	0.004852	0.063790	23635100.000000
2018-08-14	-0.045995	-0.002399	-0.002399	-0.101988	-0.045995	31742700.000000
2018-08-13	-0.053306	-0.000319	0.045002	-0.054440	-0.053306	25503900.000000
2018-08-12	-0.004414	-0.001389	0.021346	-0.015641	-0.004414	18323700.000000
2018-08-11	0.020685	0.004949	0.057475	-0.039590	0.020685	30488100.000000
2018-08-10	-0.087648	-0.000597	0.006277	-0.096611	-0.087648	23751500.000000
2018-08-09	0.063458	0.001982	0.078394	0.001982	0.063458	24062700.000000
2018-08-08	-0.125000	-0.000009	-0.000009	-0.135483	-0.125000	31289400.000000
2018-08-07	-0.048492	0.004826	0.037501	-0.048492	-0.048492	24304400.000000
2018-08-06	-0.031797	0.001740	0.022239	-0.039139	-0.031797	21437100.000000
2018-08-05	0.028782	0.000570	0.032309	-0.017589	0.028782	20136800.000000
2018-08-04	-0.050209	0.001175	0.008399	-0.054658	-0.050209	19018600.000000
2018-08-03	-0.022591	-0.001979	-0.001979	-0.059816	-0.022591	22482600.000000
2018-08-02	-0.041832	-0.000890	0.018314	-0.055160	-0.041832	24394700.000000
2018-08-01	0.047712	-0.000401	0.057890	-0.019408	0.047712	31815200.000000
2018-07-31	-0.071956	-0.001874	0.017845	-0.078929	-0.071956	31704100.000000
2018-07-30	-0.026278	0.001544	0.002527	-0.047378	-0.026278	28947100.000000
2018-07-29	-0.028975	0.002195	0.014003	-0.034197	-0.028975	29691600.000000
2018-07-28	-0.004755	0.000343	0.008610	-0.011438	-0.004755	23366000.000000
2018-07-27	0.023755	0.000015	0.038446	-0.012842	0.023755	27555400.000000
2018-07-26	-0.041489	0.001731	0.013262	-0.047493	-0.041489	30321500.000000
2018-07-25	-0.031635	-0.010210	0.006140	-0.060957	-0.031635	32155300.000000
2018-07-24	0.103492	0.001947	0.108097	-0.008063	0.103492	41505800.000000
2018-07-23	0.037685	-0.001398	0.087800	-0.001398	0.037685	54845300.000000
2018-07-22	-0.025778	-0.001915	0.008696	-0.031408	-0.025778	34691600.000000
2018-07-21	0.015042	-0.002712	0.018791	-0.019920	0.015042	22586300.000000
2018-07-20	-0.067095	0.000100	0.000100	-0.076784	-0.067095	37618500.000000
2018-07-19	-0.001660	-0.001159	0.028033	-0.008722	-0.001660	30172600.000000
2018-07-18	-0.029881	-0.000035	0.036718	-0.041334	-0.029881	30846300.000000
2018-07-17	0.065023	-0.000702	0.086409	-0.002099	0.065023	40091900.000000
2018-07-16	0.091288	0.000202	0.092103	-0.008196	0.091288	33018400.000000
2018-07-15	0.006014	-0.000706	0.021498	-0.012571	0.006014	22403800.000000
2018-07-14	0.005615	-0.001069	0.010544	-0.012062	0.005615	20547700.000000
2018-07-13	0.019054	0.004790	0.036652	0.003476	0.019054	23792500.000000
2018-07-12	-0.041057	0.000502	0.005790	-0.057805	-0.041057	28289200.000000
2018-07-11	0.032170	0.000329	0.069065	0.000321	0.032170	35463900.000000
2018-07-10	-0.105015	-0.001009	0.008303	-0.105457	-0.105015	31309100.000000
2018-07-09	-0.017268	-0.001325	0.022025	-0.019071	-0.017268	33160900.000000
2018-07-08	0.018487	-0.002463	0.032402	-0.008296	0.018487	25550900.000000
2018-07-07	0.011683	-0.001574	0.011854	-0.024768	0.011683	27346900.000000
2018-07-06	-0.033938	-0.002717	0.002357	-0.054081	-0.033938	32393700.000000
2018-07-05	0.002579	0.006062	0.020405	-0.025499	0.002579	33014500.000000
2018-07-04	-0.000462	0.000997	0.058060	-0.008999	-0.000462	31732500.000000
2018-07-03	-0.014520	-0.002698	0.024413	-0.024904	-0.014520	33954300.000000
2018-07-02	0.082668	0.003730	0.100845	-0.011012	0.082668	41012600.000000
2018-07-01	-0.009412	0.000336	0.021358	-0.037296	-0.009412	32338800.000000
2018-06-30	0.033350	-0.000544	0.065619	-0.000670	0.033350	33426400.000000
2018-06-29	0.094697	0.012866	0.103893	-0.002832	0.094697	34762700.000000
2018-06-28	-0.100218	0.001080	0.041022	-0.107513	-0.100218	48284400.000000
2018-06-27	0.065330	-0.001531	0.078118	-0.009262	0.065330	39016100.000000
2018-06-26	-0.046891	-0.000339	0.022586	-0.047554	-0.046891	35735700.000000
2018-06-25	0.045098	-0.000882	0.067960	-0.002713	0.045098	37688900.000000
2018-06-24	0.051249	-0.002011	0.078169	-0.055166	0.051249	45338000.000000
2018-06-23	0.043182	0.000660	0.078389	-0.005633	0.043182	33435900.000000
2018-06-22	-0.105256	-0.001246	0.001942	-0.130698	-0.105256	40058500.000000
2018-06-21	0.008699	-0.000441	0.012550	-0.008919	0.008699	29272800.000000
2018-06-20	-0.029100	-0.000277	0.001038	-0.049952	-0.029100	33876600.000000
2018-06-19	-0.009472	-0.000345	0.021393	-0.020890	-0.009472	34054800.000000
2018-06-18	0.027115	-0.001943	0.040149	-0.029356	0.027115	32087200.000000
2018-06-17	-0.021801	0.001104	0.002799	-0.027778	-0.021801	29247600.000000
2018-06-16	0.033003	-0.008373	0.044447	-0.008902	0.033003	31221300.000000
2018-06-15	-0.076456	-0.000639	0.002828	-0.076456	-0.076456	35999400.000000
2018-06-14	0.090996	0.000755	0.096059	-0.024653	0.090996	44929500.000000
2018-06-13	-0.030273	0.001815	0.006430	-0.095769	-0.030273	44354400.000000
2018-06-12	-0.089726	0.003013	0.003013	-0.122390	-0.089726	36656700.000000
2018-06-11	-0.010530	0.000258	0.004853	-0.047882	-0.010530	32508500.000000
2018-06-10	-0.099673	0.000213	0.000213	-0.147539	-0.099673	46671000.000000
2018-06-09	-0.023598	-0.001166	0.008450	-0.023598	-0.023598	29964000.000000
2018-06-08	-0.031756	0.000982	0.008127	-0.040871	-0.031756	36063500.000000
2018-06-07	-0.004301	0.000383	0.039316	-0.009440	-0.004301	40588500.000000
2018-06-06	-0.015431	-0.000269	0.003637	-0.030605	-0.015431	41766300.000000
2018-06-05	0.044349	0.001337	0.053675	-0.016572	0.044349	40491500.000000
2018-06-04	-0.054684	-0.001712	0.006820	-0.067970	-0.054684	39320200.000000
2018-06-03	0.041236	0.000074	0.082768	0.000074	0.041236	44074900.000000
2018-06-02	0.032443	0.000330	0.061808	-0.008176	0.032443	40011500.000000
2018-06-01	0.012963	0.002392	0.019483	-0.017059	0.012963	29047300.000000
2018-05-31	0.001862	-0.004310	0.025362	-0.005959	0.001862	35146100.000000
2018-05-30	-0.014869	0.000184	0.023475	-0.029890	-0.014869	23704800.000000
2018-05-29	0.050773	0.000554	0.109175	-0.013577	0.050773	51033600.000000
2018-05-28	-0.097067	0.000915	0.012849	-0.098397	-0.097067	38161100.000000
2018-05-27	0.009329	-0.000468	0.034148	-0.020499	0.009329	32033800.000000
2018-05-26	-0.001032	0.000735	0.023543	-0.010503	-0.001032	17384600.000000
2018-05-25	-0.039467	0.000997	0.012677	-0.049958	-0.039467	26129900.000000
2018-05-24	-0.000326	-0.001930	0.034791	-0.062312	-0.000326	44489500.000000
2018-05-23	-0.026845	-0.002661	0.018454	-0.056418	-0.026845	49136900.000000
2018-05-22	-0.113043	-0.000488	0.001072	-0.113043	-0.113043	51057500.000000
2018-05-21	-0.023136	0.001887	0.001902	-0.041933	-0.023136	34791200.000000
2018-05-20	0.029720	0.001098	0.039165	-0.004940	0.029720	34040600.000000
2018-05-19	-0.031733	-0.002107	0.000769	-0.033580	-0.031733	31524400.000000
2018-05-18	0.057287	0.000150	0.096066	-0.029783	0.057287	58532500.000000
2018-05-17	-0.031203	0.000668	0.027494	-0.031550	-0.031203	44934200.000000
2018-05-16	-0.029054	-0.001457	-0.000312	-0.058288	-0.029054	46385200.000000
2018-05-15	-0.045912	-0.001660	0.017592	-0.055812	-0.045912	56849200.000000
2018-05-14	0.026086	0.002930	0.045544	-0.058432	0.026086	56526000.000000
2018-05-13	0.037690	0.000431	0.058515	0.000431	0.037690	32021800.000000
2018-05-12	0.021361	-0.000850	0.040381	-0.028725	0.021361	32938200.000000
2018-05-11	-0.093859	0.001173	0.001173	-0.094257	-0.093859	48447300.000000
2018-05-10	-0.040863	-0.001341	0.025281	-0.040906	-0.040863	36197200.000000
2018-05-09	0.018647	0.002100	0.040850	-0.028596	0.018647	41903700.000000
2018-05-08	-0.041691	0.000622	0.006432	-0.055112	-0.041691	33703600.000000
2018-05-07	-0.010276	0.001066	0.001495	-0.054095	-0.010276	44546500.000000
2018-05-06	-0.021962	0.000440	0.006894	-0.033948	-0.021962	50393500.000000
2018-05-05	-0.003097	-0.001225	0.016371	-0.007465	-0.003097	73154304.000000
2018-05-04	-0.018099	0.002858	0.009838	-0.028787	-0.018099	77875600.000000
2018-05-03	-0.014760	-0.001314	0.031863	-0.026876	-0.014760	115162000.000000
2018-05-02	0.039141	-0.001344	0.051844	-0.005894	0.039141	83039296.000000
2018-05-01	-0.009057	-0.000029	-0.000029	-0.053177	-0.009057	71420800.000000
2018-04-30	-0.056118	-0.002044	0.008568	-0.069249	-0.056118	103574000.000000
2018-04-29	-0.017721	-0.002271	0.005369	-0.066729	-0.017721	92297200.000000
2018-04-28	0.038229	-0.000413	0.054118	-0.001306	0.038229	84646704.000000
2018-04-27	-0.061114	-0.003675	0.001338	-0.061114	-0.061114	93178896.000000
2018-04-26	0.043284	0.003675	0.078214	-0.026954	0.043284	153394000.000000
2018-04-25	-0.131386	-0.008377	-0.008377	-0.158386	-0.131386	157435008.000000
2018-04-24	0.044956	-0.003943	0.052157	-0.010791	0.044956	141852000.000000
2018-04-23	0.044224	-0.001821	0.058278	-0.001821	0.044224	110600000.000000
2018-04-22	0.050829	-0.003315	0.099985	-0.030758	0.050829	142363008.000000
2018-04-21	-0.050750	-0.002110	-0.002110	-0.117423	-0.050750	89939200.000000
2018-04-20	0.139879	0.001710	0.139879	-0.000411	0.139879	128551000.000000
2018-04-19	0.044936	0.000272	0.046723	-0.010340	0.044936	89253400.000000
2018-04-18	0.166507	0.000419	0.188862	0.000419	0.166507	180248992.000000
2018-04-17	0.008506	0.001602	0.041036	-0.003328	0.008506	39801200.000000
2018-04-16	-0.032504	-0.000618	0.011918	-0.056121	-0.032504	41090800.000000
2018-04-15	0.053549	0.002568	0.070947	0.002568	0.053549	50712700.000000
2018-04-14	0.008244	-0.001218	0.044084	-0.003796	0.008244	42979700.000000
2018-04-13	-0.016031	0.000526	0.048071	-0.026930	-0.016031	56740700.000000
2018-04-12	0.134682	-0.001413	0.134682	-0.016895	0.134682	62352400.000000
2018-04-11	0.021689	-0.000103	0.021689	-0.006300	0.021689	41345600.000000
2018-04-10	-0.008949	-0.000006	0.001903	-0.015952	-0.008949	31208400.000000
2018-04-09	-0.039696	0.000483	0.029677	-0.055797	-0.039696	24546500.000000
2018-04-08	0.022613	-0.000794	0.023677	-0.004849	0.022613	24114000.000000
2018-04-07	0.050122	0.001623	0.066239	0.001623	0.050122	30577500.000000
2018-04-06	-0.065230	-0.005199	0.011898	-0.065692	-0.065230	42452500.000000
2018-04-05	0.018859	-0.000306	0.028177	-0.031158	0.018859	40641000.000000
2018-04-04	-0.102535	-0.000739	-0.000332	-0.107816	-0.102535	39301200.000000
2018-04-03	0.067761	0.000338	0.076577	0.000338	0.067761	36809600.000000
2018-04-02	0.011390	0.002057	0.034261	-0.002575	0.011390	27927800.000000
2018-04-01	-0.022566	-0.004327	0.014179	-0.079684	-0.022566	31024200.000000
2018-03-31	0.041755	0.000963	0.055749	-0.004798	0.041755	22220300.000000
2018-03-30	-0.025438	-0.004880	0.020078	-0.078440	-0.025438	41887500.000000
2018-03-29	-0.111956	0.000773	0.008380	-0.123108	-0.111956	53055600.000000
2018-03-28	0.059751	-0.002458	0.072314	-0.008583	0.059751	44833300.000000
2018-03-27	-0.046887	-0.001638	0.003682	-0.063877	-0.046887	53498800.000000
2018-03-26	-0.068981	0.000005	0.004231	-0.109711	-0.068981	37329600.000000
2018-03-25	0.012555	-0.008783	0.025062	-0.029346	0.012555	23409900.000000
2018-03-24	-0.022238	0.006820	0.015534	-0.024369	-0.022238	24099100.000000
2018-03-23	0.005665	-0.001142	0.007616	-0.063645	0.005665	39365700.000000
2018-03-22	-0.027091	-0.000334	0.023080	-0.062804	-0.027091	40394500.000000
2018-03-21	-0.022813	0.002351	0.054363	-0.037776	-0.022813	57121400.000000
2018-03-20	0.032126	0.005393	0.076121	-0.045250	0.032126	60005900.000000
2018-03-19	0.034060	0.003344	0.059003	-0.034622	0.034060	67314400.000000
2018-03-18	0.059218	-0.002451	0.059218	-0.115374	0.059218	75859904.000000
2018-03-17	-0.082475	-0.000997	0.000654	-0.101083	-0.082475	48877500.000000
2018-03-16	0.011214	-0.000459	0.042520	-0.044095	0.011214	62972500.000000
2018-03-15	-0.010433	0.001276	0.048251	-0.078085	-0.010433	75798000.000000
2018-03-14	-0.131045	0.000996	0.015169	-0.160359	-0.131045	75383296.000000
2018-03-13	-0.043767	-0.004622	0.026709	-0.051006	-0.043767	69264496.000000
2018-03-12	-0.081207	0.000290	0.016784	-0.108107	-0.081207	66680300.000000
2018-03-11	0.098454	-0.001463	0.117194	-0.033582	0.098454	73755400.000000
2018-03-10	-0.107765	0.009139	0.026735	-0.112059	-0.107765	78431696.000000
2018-03-09	0.033926	-0.003704	0.033926	-0.126078	0.033926	155072000.000000
2018-03-08	-0.178421	-0.003005	-0.003005	-0.183389	-0.178421	128424000.000000
2018-03-07	-0.020930	-0.000453	0.052985	-0.073745	-0.020930	162103008.000000
2018-03-06	-0.071934	-0.011687	-0.011676	-0.082468	-0.071934	93212704.000000
2018-03-05	0.011581	0.000241	0.029016	-0.035184	0.011581	130898000.000000
2018-03-04	0.045385	-0.003420	0.045660	-0.040235	0.045385	123113000.000000
2018-03-03	0.023862	0.003757	0.087002	-0.001537	0.023862	196022000.000000
2018-03-02	0.097741	-0.001646	0.118939	-0.010247	0.097741	170634000.000000
2018-03-01	0.099189	0.001173	0.104922	-0.005142	0.099189	62044300.000000
2018-02-28	-0.055675	-0.003299	0.010594	-0.056065	-0.055675	47981800.000000
2018-02-27	0.030425	0.004939	0.052774	-0.018283	0.030425	64821400.000000
2018-02-26	0.044783	0.004480	0.068695	-0.033979	0.044783	53939200.000000
2018-02-25	0.026418	-0.002765	0.037434	-0.027503	0.026418	33676300.000000
2018-02-24	-0.041714	-0.000112	0.034238	-0.071671	-0.041714	62206300.000000
2018-02-23	0.010426	-0.008325	0.059001	-0.047429	0.010426	89026304.000000
2018-02-22	-0.123516	-0.006128	0.014498	-0.132678	-0.123516	103123000.000000
2018-02-21	0.059827	-0.006580	0.115938	-0.054777	0.059827	169590000.000000
2018-02-20	-0.038225	0.001583	0.016534	-0.040143	-0.038225	71114704.000000
2018-02-19	0.054565	-0.001379	0.065351	-0.008237	0.054565	67482400.000000
2018-02-18	-0.078446	0.000903	0.006464	-0.095955	-0.078446	68135104.000000
2018-02-17	0.098450	-0.001622	0.128968	-0.011279	0.098450	134268992.000000
2018-02-16	-0.022338	-0.007380	-0.003792	-0.075940	-0.022338	64320200.000000
2018-02-15	0.096107	-0.002100	0.101644	-0.026523	0.096107	85772704.000000
2018-02-14	0.178845	-0.001500	0.178845	-0.001500	0.178845	116137000.000000
2018-02-13	-0.052022	0.001721	0.005279	-0.070861	-0.052022	46476400.000000
2018-02-12	0.078798	0.001665	0.095557	0.001665	0.078798	45760100.000000
2018-02-11	-0.082170	-0.002352	-0.002352	-0.123193	-0.082170	51680100.000000
2018-02-10	-0.039945	0.000587	0.043739	-0.063433	-0.039945	76435296.000000
2018-02-09	0.053429	0.002431	0.055071	-0.055775	0.053429	77557200.000000
2018-02-08	0.192734	0.002412	0.221180	0.002412	0.192734	81312200.000000
2018-02-07	-0.023619	-0.007330	0.089317	-0.096246	-0.023619	64730900.000000
2018-02-06	0.182754	0.007689	0.189284	-0.167566	0.182754	100344000.000000
2018-02-05	-0.188011	-0.009075	0.003126	-0.243881	-0.188011	77454496.000000
2018-02-04	-0.121397	0.001514	0.023062	-0.146279	-0.121397	48981700.000000
2018-02-03	0.067725	0.003722	0.090587	-0.084993	0.067725	55887100.000000
2018-02-02	-0.022140	-0.000510	0.034478	-0.232507	-0.022140	122696000.000000
2018-02-01	-0.116985	0.003613	0.025263	-0.163077	-0.116985	73082704.000000
2018-01-31	-0.004113	0.003215	0.036509	-0.031867	-0.004113	67649504.000000
2018-01-30	-0.134581	0.002306	0.004362	-0.151433	-0.134581	93182600.000000
2018-01-29	-0.046781	-0.001180	0.013605	-0.054545	-0.046781	55323000.000000
2018-01-28	0.033645	0.004998	0.049176	0.004998	0.033645	75700896.000000
2018-01-27	-0.007198	0.005005	0.028240	-0.040904	-0.007198	66614100.000000
2018-01-26	0.020757	-0.001602	0.036824	-0.077644	0.020757	91052800.000000
2018-01-25	-0.000936	0.015035	0.033384	-0.034058	-0.000936	76537296.000000
2018-01-24	0.028979	0.001504	0.047760	-0.029190	0.028979	92263600.000000
2018-01-23	-0.023542	-0.001877	0.018351	-0.095866	-0.023542	116898000.000000
2018-01-22	-0.084563	0.011102	0.031755	-0.163131	-0.084563	116893000.000000
2018-01-21	-0.100863	0.001936	0.013867	-0.124488	-0.100863	126395000.000000
2018-01-20	0.052570	0.008266	0.106598	-0.016044	0.052570	240595008.000000
2018-01-19	0.152158	-0.007375	0.162699	-0.021895	0.152158	199852000.000000
2018-01-18	-0.008515	0.004421	0.087498	-0.049614	-0.008515	152851008.000000
2018-01-17	-0.002659	-0.003453	0.037752	-0.248971	-0.002659	192936992.000000
2018-01-16	-0.228027	0.003276	0.010654	-0.369954	-0.228027	283036000.000000
2018-01-15	0.037673	-0.008766	0.112195	-0.017889	0.037673	264782000.000000
2018-01-14	-0.048887	0.000671	0.057040	-0.085106	-0.048887	180678000.000000
2018-01-13	0.064012	-0.004415	0.097682	-0.004415	0.064012	248704992.000000
2018-01-12	0.110213	0.008504	0.110213	-0.023254	0.110213	158188992.000000
2018-01-11	-0.127897	-0.004064	0.020000	-0.149720	-0.127897	187722000.000000
2018-01-10	-0.013531	-0.000206	0.013865	-0.103582	-0.013531	265152000.000000
2018-01-09	0.020391	-0.003375	0.104996	-0.016153	0.020391	522438016.000000
2018-01-08	-0.118122	-0.002142	0.022585	-0.221605	-0.118122	220924000.000000
2018-01-07	0.014489	0.007465	0.095114	0.001369	0.014489	262443008.000000
2018-01-06	0.176224	0.001114	0.176224	-0.012267	0.176224	235391008.000000
2018-01-05	-0.044938	-0.001647	0.009892	-0.072339	-0.044938	182618000.000000
2018-01-04	-0.021878	0.005696	0.018577	-0.069220	-0.021878	166108000.000000
2018-01-03	0.074712	-0.001755	0.090870	-0.011893	0.074712	180190000.000000
2018-01-02	0.068044	0.000195	0.080225	0.000195	0.068044	224768992.000000
2018-01-01	0.028548	0.001498	0.042295	-0.034519	0.028548	110244000.000000
2017-12-31	0.055084	-0.005447	0.078482	-0.010251	0.055084	101667000.000000
2017-12-30	-0.123387	0.003061	0.003061	-0.153053	-0.123387	140463008.000000
2017-12-29	-0.004059	0.006331	0.022853	-0.054982	-0.004059	173824992.000000
2017-12-28	-0.101802	0.001560	0.001560	-0.147816	-0.101802	162716992.000000
2017-12-27	0.105639	-0.000629	0.160013	-0.000629	0.105639	250742000.000000
2017-12-26	0.057544	0.000840	0.066492	-0.009726	0.057544	161342000.000000
2017-12-25	0.070379	0.007800	0.085466	-0.041108	0.070379	119632000.000000
2017-12-24	-0.117734	0.023495	0.023495	-0.222349	-0.117734	134675008.000000
2017-12-23	0.103798	0.010543	0.206678	-0.005004	0.103798	190116992.000000
2017-12-22	-0.171939	0.003706	0.013020	-0.388325	-0.171939	334616992.000000
2017-12-21	-0.109161	0.002321	0.002321	-0.167620	-0.109161	354020992.000000
2017-12-20	0.243778	-0.004035	0.262865	-0.125349	0.243778	498648000.000000
2017-12-19	-0.011208	-0.001169	0.064276	-0.090613	-0.011208	317292000.000000
2017-12-18	0.085775	0.004818	0.085775	-0.054873	0.085775	217306000.000000
2017-12-17	0.073481	0.002252	0.115859	-0.000150	0.073481	278704992.000000
2017-12-16	0.048024	0.000922	0.061542	-0.001956	0.048024	164860992.000000
2017-12-15	-0.039618	0.001230	0.002675	-0.089568	-0.039618	163054000.000000
2017-12-14	0.063651	-0.008115	0.097408	-0.014224	0.063651	261052992.000000
2017-12-13	-0.007537	-0.002064	0.072319	-0.075708	-0.007537	248583008.000000
2017-12-12	0.101541	0.006515	0.143841	0.005431	0.101541	271785984.000000
2017-12-11	0.139957	-0.001557	0.145516	-0.004850	0.139957	152496992.000000
2017-12-10	-0.065516	0.001394	0.001394	-0.159081	-0.065516	142120000.000000
2017-12-09	-0.051351	0.001886	0.016817	-0.095236	-0.051351	161152000.000000
2017-12-08	-0.014638	0.001616	0.014264	-0.107547	-0.014638	201496992.000000
2017-12-07	0.007787	-0.002935	0.077640	-0.055661	0.007787	299528000.000000
2017-12-06	0.034143	-0.004898	0.175090	-0.032926	0.034143	543884032.000000
2017-12-05	0.281780	0.004214	0.296806	-0.006412	0.281780	352326016.000000
2017-12-04	0.050942	-0.002444	0.050942	-0.040035	0.050942	74534400.000000
2017-12-03	-0.014692	0.001630	0.029808	-0.058049	-0.014692	111303000.000000
2017-12-02	0.063350	-0.000545	0.075030	-0.022279	0.063350	80791104.000000
2017-12-01	0.059954	-0.002309	0.065011	-0.057595	0.059954	70430496.000000
2017-11-30	0.071294	0.013892	0.162022	-0.069099	0.071294	128112000.000000
2017-11-29	-0.172531	0.003459	0.054451	-0.186403	-0.172531	178828000.000000
2017-11-28	0.171969	0.011281	0.171969	-0.001263	0.171969	179179008.000000
2017-11-27	0.061319	-0.002803	0.061319	-0.020970	0.061319	81489696.000000
2017-11-26	-0.030088	0.000772	0.001650	-0.051525	-0.030088	61100400.000000
2017-11-25	0.052585	-0.000200	0.062971	-0.000200	0.052585	64076700.000000
2017-11-24	0.008953	0.000076	0.027332	-0.011639	0.008953	69178000.000000
2017-11-23	-0.044248	0.000964	0.041995	-0.057222	-0.044248	109392000.000000
2017-11-22	0.170822	0.002427	0.223730	-0.004240	0.170822	189472000.000000
2017-11-21	0.043995	0.002504	0.047501	-0.032357	0.043995	72701504.000000
2017-11-20	0.048548	0.000131	0.085512	-0.007677	0.048548	59945400.000000
2017-11-19	-0.010092	-0.000596	0.021552	-0.027454	-0.010092	42133000.000000
2017-11-18	0.032352	-0.000829	0.065604	-0.025028	0.032352	62156400.000000
2017-11-17	0.053157	-0.002411	0.053157	-0.008769	0.053157	47127700.000000
2017-11-16	-0.008807	-0.001079	0.055317	-0.023638	-0.008807	74944096.000000
2017-11-15	-0.008001	-0.000915	0.019362	-0.025835	-0.008001	49976700.000000
2017-11-14	-0.008501	0.001734	0.006475	-0.038703	-0.008501	53544800.000000
2017-11-13	-0.003666	0.041209	0.102312	-0.023689	-0.003666	116200000.000000
2017-11-12	0.035447	-0.000159	0.117534	-0.075224	0.035447	144948000.000000
2017-11-11	0.132877	0.001553	0.203815	-0.016176	0.132877	107708000.000000
2017-11-10	-0.125799	0.004670	0.007327	-0.157501	-0.125799	84614000.000000
2017-11-09	0.065878	-0.006910	0.089044	-0.009672	0.065878	86864600.000000
2017-11-08	0.135826	0.000571	0.162118	-0.006238	0.135826	79822896.000000
2017-11-07	-0.030623	0.012807	0.017840	-0.076478	-0.030623	81253296.000000
2017-11-06	0.191890	0.000894	0.191890	-0.002261	0.191890	103722000.000000
2017-11-05	-0.010948	0.000134	0.008483	-0.014460	-0.010948	27619800.000000
2017-11-04	-0.007777	-0.001010	0.005560	-0.028241	-0.007777	23011500.000000
2017-11-03	0.050420	-0.002833	0.076074	-0.002833	0.050420	37321100.000000
2017-11-02	-0.022789	-0.000652	0.004276	-0.047105	-0.022789	48608100.000000
2017-11-01	-0.021998	0.000002	0.006360	-0.033285	-0.021998	36899300.000000
2017-10-31	-0.013459	-0.001046	0.005493	-0.013923	-0.013459	28704900.000000
2017-10-30	0.002123	-0.000679	0.020718	-0.006924	0.002123	28179100.000000
2017-10-29	0.027194	-0.000436	0.046969	-0.000436	0.027194	38368700.000000
2017-10-28	-0.005067	0.001931	0.011704	-0.011948	-0.005067	25397400.000000
2017-10-27	-0.020735	-0.000062	0.006864	-0.024309	-0.020735	27939000.000000
2017-10-26	0.005127	0.000432	0.019704	-0.001248	0.005127	23132200.000000
2017-10-25	-0.003085	0.001025	0.145792	-0.029170	-0.003085	59952100.000000
2017-10-24	0.037471	-0.000641	0.083765	-0.020437	0.037471	42191100.000000
2017-10-23	-0.015849	-0.001141	0.003923	-0.042585	-0.015849	26261800.000000
2017-10-22	-0.017491	0.000692	0.010370	-0.029514	-0.017491	27130000.000000
2017-10-21	-0.026697	-0.001451	-0.001451	-0.043781	-0.026697	25267200.000000
2017-10-20	0.021626	0.000967	0.046307	-0.006221	0.021626	38260700.000000
2017-10-19	-0.010255	0.001291	0.032833	-0.018181	-0.010255	35302300.000000
2017-10-18	-0.019083	-0.001007	-0.000216	-0.051971	-0.019083	36277100.000000
2017-10-17	-0.048134	0.000359	0.010860	-0.053980	-0.048134	43866200.000000
2017-10-16	0.010908	0.001339	0.032744	-0.019148	0.010908	32185000.000000
2017-10-15	-0.053522	-0.002921	0.005757	-0.086141	-0.053522	34188200.000000
2017-10-14	0.053560	-0.000823	0.084022	-0.014806	0.053560	38886100.000000
2017-10-13	0.092341	0.001550	0.111154	-0.017898	0.092341	63578800.000000
2017-10-12	-0.003767	0.001616	0.013863	-0.010981	-0.003767	32783200.000000
2017-10-11	0.006917	-0.000927	0.016460	-0.011797	0.006917	21103400.000000
2017-10-10	0.015630	0.001500	0.034231	-0.014213	0.015630	31695500.000000
2017-10-09	-0.047781	-0.000364	0.003811	-0.066971	-0.047781	38063700.000000
2017-10-08	-0.021036	-0.003408	0.005457	-0.021452	-0.021036	29220800.000000
2017-10-07	0.005636	-0.002743	0.009442	-0.017795	0.005636	22617600.000000
2017-10-06	-0.007284	0.000547	0.011756	-0.017769	-0.007284	24504100.000000
2017-10-05	0.016059	0.000960	0.022567	-0.025027	0.016059	27697400.000000
2017-10-04	-0.027475	-0.000142	0.007414	-0.042120	-0.027475	29568100.000000
2017-10-03	0.015479	-0.000245	0.035696	-0.047332	0.015479	44289800.000000
