2021-02-27	0.023157	0.000010	0.069400	0.000010	0.023157	4756622832.910000
2021-02-26	-0.015243	0.000960	0.036630	-0.043646	-0.015243	6476253874.480000
2021-02-25	-0.079071	-0.000118	0.022647	-0.090558	-0.079071	5952353923.510000
2021-02-24	-0.003655	0.001348	0.054496	-0.039707	-0.003655	8015468859.300000
2021-02-23	-0.171719	-0.001315	-0.001315	-0.336584	-0.171719	14359021785.900000
2021-02-22	0.042258	-0.000430	0.166418	-0.051938	0.042258	18769236631.590000
2021-02-21	0.059995	-0.001223	0.078945	-0.017484	0.059995	6569716152.880000
2021-02-20	-0.087310	-0.000239	0.027169	-0.149163	-0.087310	7892199926.390000
2021-02-19	0.064957	0.000257	0.087619	-0.022121	0.064957	6896487164.350000
2021-02-18	-0.005796	-0.000821	0.043141	-0.021782	-0.005796	5621706994.690000
2021-02-17	0.028207	-0.000091	0.064346	-0.045560	0.028207	9332962077.490000
2021-02-16	-0.051136	-0.000584	0.051738	-0.107261	-0.051136	10310430731.870001
2021-02-15	-0.076200	-0.001245	0.009860	-0.122231	-0.076200	10563510365.059999
2021-02-14	-0.055331	-0.000869	0.005389	-0.098317	-0.055331	10460949240.480000
2021-02-13	0.033526	-0.000800	0.046735	-0.096410	0.033526	14161115004.600000
2021-02-12	0.159695	-0.000303	0.167388	-0.012427	0.159695	13950086407.320000
2021-02-11	0.042390	-0.000780	0.048013	-0.004587	0.042390	8979459920.350000
2021-02-10	0.066643	-0.000152	0.131600	-0.012713	0.066643	13793347171.840000
2021-02-09	0.054252	-0.000095	0.083736	-0.000294	0.054252	9634769935.389999
2021-02-08	0.071166	-0.000460	0.100390	-0.012534	0.071166	8180714581.310000
2021-02-07	-0.048140	0.000074	0.014628	-0.091844	-0.048140	7495069764.550000
2021-02-06	-0.024334	0.000245	0.004966	-0.051854	-0.024334	7625571665.580000
2021-02-05	0.008059	-0.002518	0.040892	-0.047815	0.008059	10229060639.549999
2021-02-04	0.134589	-0.000201	0.200299	-0.036365	0.134589	13193400182.320000
2021-02-03	0.065588	0.000255	0.105050	0.000255	0.065588	8672301822.059999
2021-02-02	-0.006026	-0.002660	0.088167	-0.073323	-0.006026	12756138062.389999
2021-02-01	-0.245383	0.000403	0.512897	-0.267352	-0.245383	34974233953.320000
2021-01-31	0.118274	-0.005481	0.135057	-0.115269	0.118274	24394851755.580002
2021-01-30	0.560112	-0.000126	0.734116	-0.008372	0.560112	24417465996.869999
2021-01-29	0.068399	0.024263	0.174432	-0.013760	0.068399	8031899348.050000
2021-01-28	0.048339	-0.000115	0.067734	-0.012531	0.048339	2793379610.880000
2021-01-27	-0.062803	0.000109	0.000541	-0.086653	-0.062803	2940937078.983688
2021-01-26	-0.000974	-0.000147	0.007487	-0.034862	-0.000974	2790821503.106523
2021-01-25	-0.016159	-0.000130	0.032572	-0.017214	-0.016159	2925493997.194942
2021-01-24	0.006206	0.000068	0.020613	-0.005908	0.006206	2472431874.989438
2021-01-23	-0.003582	-0.000689	0.036012	-0.021334	-0.003582	3018882841.375993
2021-01-22	0.014323	-0.000635	0.033080	-0.089345	0.014323	4501765714.332074
2021-01-21	-0.092985	-0.000174	0.032714	-0.112622	-0.092985	4453463443.358709
2021-01-20	0.007490	-0.000323	0.048613	-0.041887	0.007490	4528341598.212015
2021-01-19	0.033517	0.000198	0.145447	-0.002712	0.033517	5583136814.495458
2021-01-18	0.026626	-0.000042	0.036917	-0.017113	0.026626	3239112861.448567
2021-01-17	-0.010010	-0.000434	0.018130	-0.034036	-0.010010	3488557208.009614
2021-01-16	-0.000774	-0.000403	0.052730	-0.012109	-0.000774	4116256006.911535
2021-01-15	-0.050882	0.000444	0.021388	-0.103882	-0.050882	4955409029.286736
2021-01-14	-0.033189	-0.000142	0.009043	-0.069927	-0.033189	5277189443.997052
2021-01-13	0.046065	-0.000325	0.057082	-0.017918	0.046065	4831812051.282537
2021-01-12	0.011139	-0.000791	0.072753	-0.033005	0.011139	6557418313.619479
2021-01-11	-0.092454	-0.001242	-0.001242	-0.184926	-0.092454	9787288502.543539
2021-01-10	-0.026245	-0.000253	0.117169	-0.106318	-0.026245	9647740012.278091
2021-01-09	0.011406	-0.000226	0.051447	-0.047442	0.011406	7184429144.905484
2021-01-08	-0.008504	0.000266	0.061085	-0.105713	-0.008504	9825829516.383717
2021-01-07	0.299355	0.000121	0.455972	-0.012297	0.299355	15955049239.630749
2021-01-06	0.106483	0.000512	0.187025	-0.014492	0.106483	7552726810.442166
2021-01-05	-0.041943	-0.000174	0.019326	-0.063695	-0.041943	5378491929.289680
2021-01-04	0.047948	0.000842	0.135616	-0.027127	0.047948	6141918380.172625
2021-01-03	0.018918	0.000401	0.072573	-0.020248	0.018918	5109898871.416910
2021-01-02	-0.066498	0.000950	0.003973	-0.091087	-0.066498	4773658725.193008
2021-01-01	0.080051	-0.000004	0.133840	-0.011635	0.080051	5888429287.112350
2020-12-31	0.037848	-0.000196	0.074518	-0.025317	0.037848	5363979601.217674
2020-12-30	-0.041337	-0.000271	0.065159	-0.118988	-0.041337	8894036560.085308
2020-12-29	-0.108874	-0.001149	0.001450	-0.294916	-0.108874	12970077098.215515
2020-12-28	-0.123944	0.001155	0.081179	-0.154135	-0.123944	8389871765.345441
2020-12-27	-0.039612	0.000150	0.043265	-0.083016	-0.039612	9250325477.875986
2020-12-26	-0.073492	-0.000051	0.013279	-0.097167	-0.073492	9984475080.747503
2020-12-25	-0.058398	-0.001442	0.126650	-0.155838	-0.058398	16321189803.982708
2020-12-24	0.306328	0.001977	0.421583	-0.057460	0.306328	16742652288.920650
2020-12-23	-0.423341	-0.001074	-0.001074	-0.506379	-0.423341	19793483655.769108
2020-12-22	-0.132501	-0.000294	0.009005	-0.205810	-0.132501	15134323976.490376
2020-12-21	-0.070342	-0.000173	0.021057	-0.095675	-0.070342	9852685075.400896
2020-12-20	-0.039894	-0.000299	0.011079	-0.070193	-0.039894	9611613769.784760
2020-12-19	-0.008759	-0.000137	0.030261	-0.027810	-0.008759	11188586674.480951
2020-12-18	0.013185	0.000107	0.058411	-0.042206	0.013185	14936843250.332989
2020-12-17	0.014155	-0.000245	0.149978	-0.039057	0.014155	21429914951.254261
2020-12-16	0.210593	-0.000071	0.210899	-0.058935	0.210593	15158282218.051567
2020-12-15	-0.056261	-0.000049	0.017878	-0.063727	-0.056261	9052977849.317656
2020-12-14	-0.026887	0.000281	0.011100	-0.041636	-0.026887	7110439195.738735
2020-12-13	0.009998	0.000548	0.040599	-0.037753	0.009998	8534780504.470488
2020-12-12	-0.073347	-0.000306	-0.000306	-0.108201	-0.073347	10925057158.082012
2020-12-11	-0.046200	0.000189	0.018744	-0.072556	-0.046200	10708202570.492590
2020-12-10	-0.018224	0.000116	0.005597	-0.046985	-0.018224	9695432997.106171
2020-12-09	0.044294	-0.000303	0.077130	-0.094578	0.044294	12648574699.693661
2020-12-08	-0.082272	-0.000126	0.002014	-0.089278	-0.082272	8302771171.770869
2020-12-07	-0.017612	-0.000222	0.004808	-0.043610	-0.017612	7718537439.694420
2020-12-06	0.060624	-0.000012	0.070937	-0.004971	0.060624	10280250882.385309
2020-12-05	0.048736	-0.000311	0.069226	-0.009829	0.048736	8565677726.177081
2020-12-04	-0.117534	-0.000022	0.002351	-0.134281	-0.117534	9629062989.469791
2020-12-03	0.002524	0.000162	0.016574	-0.021781	0.002524	9884297218.631506
2020-12-02	0.027686	0.000111	0.037482	-0.023310	0.027686	12874875863.453136
2020-12-01	-0.077391	0.000268	0.022309	-0.105352	-0.077391	16985355820.328512
2020-11-30	0.095821	0.000070	0.108755	-0.009602	0.095821	17398359052.636246
2020-11-29	-0.030970	0.000192	0.014211	-0.059555	-0.030970	15391721338.943913
2020-11-28	0.118645	0.000728	0.152489	-0.029731	0.118645	17173561815.202776
2020-11-27	0.049245	0.000682	0.099144	-0.045598	0.049245	18713160692.396008
2020-11-26	-0.161238	-0.000931	0.022419	-0.272772	-0.161238	23673915793.172066
2020-11-25	-0.081808	0.000073	0.040101	-0.138065	-0.081808	23569614497.986923
2020-11-24	0.127241	0.000347	0.250887	-0.058753	0.127241	32826193387.803440
2020-11-23	0.383771	0.000001	0.386000	-0.020213	0.383771	20715303967.916351
2020-11-22	-0.031949	0.000000	0.073216	-0.098371	-0.031949	19097682286.032185
2020-11-21	0.397100	-0.000000	0.411465	-0.000000	0.397100	16206296041.162205
2020-11-20	0.080004	0.000002	0.084367	-0.018311	0.080004	6283633941.683356
2020-11-19	0.032438	0.000001	0.041749	-0.032557	0.032438	5230574728.375247
2020-11-18	-0.027071	-0.000038	0.016100	-0.061443	-0.027071	5684799554.182714
2020-11-17	0.059148	0.021981	0.066130	0.019586	0.059148	6002566534.765966
2020-11-16	0.058888	-0.000000	0.068115	-0.005890	0.058888	4105697051.295387
2020-11-15	0.004841	0.000000	0.030840	-0.013779	0.004841	3613774298.493593
2020-11-14	0.011886	0.000000	0.044585	-0.010320	0.011886	4433908910.706979
2020-11-13	0.040358	-0.000003	0.042276	-0.003186	0.040358	2989109716.963856
2020-11-12	-0.005292	-0.000006	0.007108	-0.013349	-0.005292	2443233107.639575
2020-11-11	0.009248	-0.000000	0.022895	-0.004210	0.009248	2811079098.606020
2020-11-10	0.012616	0.000020	0.054036	-0.008071	0.012616	3488798457.999615
2020-11-09	-0.012566	-0.000000	0.008394	-0.030810	-0.012566	3079413902.636914
2020-11-08	0.017455	-0.000000	0.028659	-0.006687	0.017455	2364742335.772003
2020-11-07	-0.034291	0.000000	0.030846	-0.049758	-0.034291	3395345984.487085
2020-11-06	0.051544	-0.000028	0.061145	-0.001912	0.051544	3282591092.092550
2020-11-05	0.033575	0.000025	0.038916	-0.000987	0.033575	2949508994.545471
2020-11-04	-0.007170	0.000002	0.003675	-0.025561	-0.007170	3335786073.591526
2020-11-03	0.017371	-0.000002	0.028489	-0.028243	0.017371	3052524907.458564
2020-11-02	-0.018252	0.000026	0.018603	-0.025142	-0.018252	2412875797.550328
2020-11-01	0.000222	-0.000021	0.006571	-0.011055	0.000222	1855741695.947059
2020-10-31	0.002343	0.000016	0.016872	-0.006000	0.002343	2100764094.139028
2020-10-30	-0.012840	-0.000013	0.007039	-0.039073	-0.012840	2364402263.384838
2020-10-29	-0.014520	0.000002	0.004601	-0.022585	-0.014520	5451698743.227803
2020-10-28	-0.027816	0.000001	0.013815	-0.032784	-0.027816	2375598739.377363
2020-10-27	0.016936	-0.000001	0.020855	-0.002376	0.016936	2273574015.468024
2020-10-26	-0.017872	0.000001	0.020516	-0.036063	-0.017872	2390566064.816308
2020-10-25	-0.012548	0.000000	0.002794	-0.018271	-0.012548	1484930708.593268
2020-10-24	0.006089	0.000001	0.010854	-0.008032	0.006089	1590424951.776231
2020-10-23	-0.007509	0.002019	0.009731	-0.023733	-0.007509	2125734862.760044
2020-10-22	0.020637	-0.001114	0.047090	-0.001518	0.020637	2827483708.437488
2020-10-21	0.033017	-0.000362	0.047845	-0.001616	0.033017	2306399542.959077
2020-10-20	-0.009723	-0.000151	0.013967	-0.013832	-0.009723	1526376279.211559
2020-10-19	0.015440	0.000346	0.029916	-0.007131	0.015440	1435700560.285870
2020-10-18	0.005371	-0.000333	0.010329	-0.001491	0.005371	1238720801.760285
2020-10-17	0.002027	0.000406	0.009464	-0.005096	0.002027	1173505924.564323
2020-10-16	-0.022348	0.000480	0.006710	-0.030250	-0.022348	1656312546.609841
2020-10-15	-0.014064	-0.000166	0.003327	-0.021796	-0.014064	1652788746.509440
2020-10-14	-0.026823	0.001577	0.008075	-0.037609	-0.026823	1954936434.448761
2020-10-13	-0.000481	-0.000373	0.014049	-0.012131	-0.000481	2098212017.555316
2020-10-12	0.002846	-0.000199	0.009778	-0.021689	0.002846	2117892927.894036
2020-10-11	0.005617	-0.000349	0.015330	-0.001837	0.005617	1851962085.971158
2020-10-10	0.003155	-0.001041	0.024782	-0.001368	0.003155	1957706163.745208
2020-10-09	0.008097	-0.000020	0.020775	-0.005865	0.008097	2104833280.604977
2020-10-08	0.011732	0.001401	0.017229	-0.022631	0.011732	1984994731.322448
2020-10-07	0.013035	0.000385	0.023930	-0.014780	0.013035	1894313446.825313
2020-10-06	-0.021833	0.000069	0.031737	-0.033727	-0.021833	3068832280.560093
2020-10-05	0.012642	0.002037	0.024246	-0.002400	0.012642	2159900755.452268
2020-10-04	0.063309	0.000573	0.073840	-0.003125	0.063309	1885456461.745155
2020-10-03	-0.005037	0.000185	0.003650	-0.005037	-0.005037	1261839176.455020
2020-10-02	-0.017341	0.000204	0.004437	-0.035364	-0.017341	1849001295.518548
2020-10-01	-0.014621	0.000764	0.011832	-0.028298	-0.014621	1725071846.034032
2020-09-30	-0.005730	-0.000443	-0.000443	-0.017780	-0.005730	1571088309.772562
2020-09-29	0.005437	-0.002452	0.019390	-0.011677	0.005437	1630882290.750590
2020-09-28	-0.003677	0.002387	0.020318	-0.004788	-0.003677	1722817156.488026
2020-09-27	0.002458	-0.001521	0.009080	-0.015006	0.002458	1388129507.072209
2020-09-26	0.000984	-0.000289	0.015011	-0.013309	0.000984	1589059310.980362
2020-09-25	0.038714	0.000100	0.049049	-0.011092	0.038714	1770527280.113721
2020-09-24	0.052814	0.002053	0.056349	-0.004023	0.052814	1937069766.412569
2020-09-23	-0.052248	-0.000559	0.006956	-0.052641	-0.052248	1646803535.375662
2020-09-22	0.005511	-0.001248	0.011223	-0.008186	0.005511	1019583830.634680
2020-09-21	-0.059194	0.000301	0.005540	-0.065915	-0.059194	1718957623.469860
2020-09-20	-0.019755	-0.000209	-0.000209	-0.031783	-0.019755	1091283584.920700
2020-09-19	0.004025	-0.000704	0.013537	-0.009364	0.004025	1043485054.847900
2020-09-18	-0.005895	0.000360	0.013965	-0.020233	-0.005895	1282349756.389200
2020-09-17	0.017538	-0.000418	0.041732	-0.002536	0.017538	1735400720.985620
2020-09-16	0.016393	0.000658	0.029216	-0.029208	0.016393	1421286454.924870
2020-09-15	-0.010057	-0.000252	0.011849	-0.011915	-0.010057	1245531094.261500
2020-09-14	0.018717	0.000014	0.033174	-0.006117	0.018717	1195994289.887080
2020-09-13	-0.024264	0.000000	0.021477	-0.036143	-0.024264	1163182194.204710
2020-09-12	0.018588	-0.000972	0.022445	-0.006046	0.018588	1043746082.769350
2020-09-11	-0.000979	0.000000	0.005277	-0.024680	-0.000979	1096662166.088910
2020-09-10	0.016363	0.000333	0.039963	-0.000166	0.016363	1353359148.142700
2020-09-09	0.012062	-0.000127	0.027286	-0.010476	0.012062	1203137131.269970
2020-09-08	-0.022382	-0.000600	0.007013	-0.038569	-0.022382	1618416970.205360
2020-09-07	0.005993	0.000335	0.011219	-0.039237	0.005993	1773175897.403840
2020-09-06	0.012786	0.000000	0.025411	-0.026797	0.012786	1752405004.679780
2020-09-05	-0.071090	-0.000291	0.014550	-0.086255	-0.071090	2160621038.284130
2020-09-04	0.037725	0.000591	0.079319	-0.009243	0.037725	1924234479.893270
2020-09-03	-0.108083	0.000631	0.000958	-0.112285	-0.108083	1847290355.248690
2020-09-02	-0.065048	-0.000282	0.025428	-0.089771	-0.065048	1985414445.110800
2020-09-01	0.049438	-0.000544	0.058373	-0.011746	0.049438	1730740377.124000
2020-08-31	-0.004480	0.000111	0.005222	-0.015461	-0.004480	1209798562.716400
2020-08-30	0.031101	0.000262	0.033152	-0.000510	0.031101	1202203314.275450
2020-08-29	0.009008	-0.000136	0.017617	-0.009554	0.009008	1053592719.267410
2020-08-28	0.028487	0.000555	0.033234	-0.012106	0.028487	1178427813.204330
2020-08-27	-0.046776	-0.000473	0.004315	-0.071995	-0.046776	1471948899.006180
2020-08-26	-0.001568	-0.000841	0.007950	-0.010975	-0.001568	1194610015.238940
2020-08-25	-0.039031	-0.000590	0.001231	-0.054990	-0.039031	1403395912.365460
2020-08-24	0.013416	-0.000379	0.020762	-0.007951	0.013416	1237229520.353470
2020-08-23	-0.004048	-0.000656	0.002544	-0.026933	-0.004048	1183627267.369780
2020-08-22	0.020892	-0.000170	0.020892	-0.017053	0.020892	1417207521.784760
2020-08-21	-0.040642	-0.000358	0.010066	-0.042091	-0.040642	1833818565.872660
2020-08-20	0.008019	0.000191	0.013276	-0.014358	0.008019	1749934411.953260
2020-08-19	-0.043064	0.000677	0.007362	-0.068686	-0.043064	2163768927.934560
2020-08-18	-0.036406	-0.001743	0.017915	-0.041057	-0.036406	2126503477.578970
2020-08-17	0.037150	0.000492	0.068903	-0.015919	0.037150	3001054632.771280
2020-08-16	0.012785	0.000354	0.014654	-0.017925	0.012785	2078824447.543270
2020-08-15	-0.002366	-0.000415	0.012707	-0.018246	-0.002366	2260353636.161450
2020-08-14	0.008609	-0.000922	0.028765	-0.013277	0.008609	2246050522.834230
2020-08-13	0.045193	-0.000001	0.046509	-0.037118	0.045193	2061442814.138980
2020-08-12	0.001691	-0.000257	0.018982	-0.036064	0.001691	2001506678.535230
2020-08-11	-0.034648	0.000081	0.037754	-0.068065	-0.034648	4542499150.162560
2020-08-10	0.020805	-0.000293	0.037246	-0.000293	0.020805	2108627559.932760
2020-08-09	-0.018258	0.002030	0.013737	-0.034341	-0.018258	1391288258.622310
2020-08-08	-0.002179	0.000819	0.013793	-0.011579	-0.002179	1355768291.285460
2020-08-07	-0.029383	-0.000397	0.018906	-0.053544	-0.029383	4278382957.379910
2020-08-06	0.000899	-0.000557	0.022256	-0.016392	0.000899	1946386689.075860
2020-08-05	0.009380	0.000967	0.024562	-0.025866	0.009380	2048410252.396270
2020-08-04	-0.030481	-0.000016	0.026959	-0.051333	-0.030481	2746437658.850540
2020-08-03	0.079696	0.001491	0.110791	-0.006522	0.079696	3340814994.368980
2020-08-02	-0.008520	0.000737	0.114089	-0.048132	-0.008520	4780736538.244120
2020-08-01	0.118288	0.000000	0.142350	-0.011819	0.118288	3167874460.875130
2020-07-31	0.058814	0.000519	0.061667	-0.009497	0.058814	1854522560.134030
2020-07-30	0.005855	0.000639	0.022571	-0.017818	0.005855	1650758400.148560
2020-07-29	0.055683	-0.000557	0.082840	-0.000860	0.055683	2022835116.306950
2020-07-28	0.029530	0.000974	0.044804	-0.025832	0.029530	1754695828.271200
2020-07-27	0.040421	-0.000157	0.057831	-0.015378	0.040421	1762737985.017690
2020-07-26	0.004107	-0.000506	0.046372	-0.006119	0.004107	1448138807.266100
2020-07-25	0.049272	-0.000438	0.061503	-0.001429	0.049272	1225769665.740510
2020-07-24	-0.017002	0.001136	0.002098	-0.023801	-0.017002	1294356195.103700
2020-07-23	0.020830	-0.000055	0.029022	-0.008236	0.020830	1443659224.268620
2020-07-22	0.021879	0.000202	0.023873	-0.010582	0.021879	935529987.375753
2020-07-21	0.020113	-0.000995	0.027714	-0.005422	0.020113	928954951.194997
2020-07-20	-0.020437	0.000037	0.003213	-0.027271	-0.020437	848780530.814989
2020-07-19	-0.001034	0.000317	0.010008	-0.016091	-0.001034	828392852.467972
2020-07-18	0.026045	0.000350	0.037684	-0.001773	0.026045	870207692.559130
2020-07-17	0.001202	0.000016	0.015950	-0.011979	0.001202	936113620.467344
2020-07-16	-0.015540	-0.000455	0.001550	-0.035156	-0.015540	1055841761.777150
2020-07-15	-0.008543	-0.000175	0.004094	-0.010645	-0.008543	1067413757.160420
2020-07-14	0.001179	-0.000406	0.004942	-0.015306	0.001179	1197284577.634490
2020-07-13	-0.009788	0.000000	0.023055	-0.022930	-0.009788	1197056592.684070
2020-07-12	-0.003278	0.000097	0.010209	-0.014100	-0.003278	850245454.573376
2020-07-11	0.012812	0.000362	0.024959	-0.000061	0.012812	996288334.282438
2020-07-10	-0.020982	-0.000336	-0.000336	-0.047271	-0.020982	1161794554.697280
2020-07-09	-0.008709	-0.000463	0.027358	-0.029960	-0.008709	1809158570.633070
2020-07-08	0.107718	0.000146	0.113317	-0.003181	0.107718	1878269320.942780
2020-07-07	-0.020044	0.000000	0.002323	-0.031043	-0.020044	1067033697.851160
2020-07-06	0.065248	0.000000	0.068532	-0.003083	0.065248	1423923825.640590
2020-07-05	-0.005433	-0.000395	0.004185	-0.017943	-0.005433	969679447.023358
2020-07-04	0.009347	-0.000419	0.018959	-0.000793	0.009347	1000145449.288590
2020-07-03	-0.005126	0.000115	0.006762	-0.011929	-0.005126	976699960.180535
2020-07-02	0.001516	0.001011	0.007697	-0.015493	0.001516	1053683054.861510
2020-07-01	0.006285	-0.000685	0.014898	-0.006639	0.006285	1115989502.415400
2020-06-30	-0.011739	-0.001453	0.002220	-0.016603	-0.011739	1010363682.914250
2020-06-29	0.001504	-0.000248	0.010508	-0.008158	0.001504	1164729578.627120
2020-06-28	0.004759	0.000123	0.020690	-0.009056	0.004759	1139431603.604050
2020-06-27	-0.031865	0.002322	0.013097	-0.044793	-0.031865	1142888782.802890
2020-06-26	-0.004893	-0.000534	0.012513	-0.020003	-0.004893	1269492277.435010
2020-06-25	-0.003810	-0.001064	0.003852	-0.017993	-0.003810	1055030012.071310
2020-06-24	-0.023363	0.000104	0.011540	-0.029839	-0.023363	1138044691.149520
2020-06-23	-0.003129	0.000120	0.003700	-0.011676	-0.003129	1093605184.997590
2020-06-22	0.019731	0.000295	0.024082	-0.000086	0.019731	1209278721.482720
2020-06-21	-0.015333	-0.000172	0.003195	-0.015913	-0.015333	893641268.535263
2020-06-20	0.009156	0.000000	0.016144	-0.003768	0.009156	966690908.145388
2020-06-19	-0.021824	-0.000173	0.001105	-0.023164	-0.021824	1097387856.406620
2020-06-18	-0.012850	0.000059	0.000072	-0.019733	-0.012850	1045504279.366890
2020-06-17	0.011166	0.000987	0.031329	-0.005232	0.011166	1323161115.821090
2020-06-16	-0.009151	-0.000048	0.001019	-0.015771	-0.009151	1158919075.322970
2020-06-15	0.007602	0.000000	0.011141	-0.040710	0.007602	1315332448.463280
2020-06-14	-0.007712	0.000376	0.002907	-0.010561	-0.007712	1023497501.806320
2020-06-13	-0.004316	0.000239	0.001353	-0.020680	-0.004316	1050423847.911210
2020-06-12	0.019786	-0.000081	0.032058	-0.006951	0.019786	1157151094.360720
2020-06-11	-0.062867	-0.000110	0.003758	-0.066118	-0.062867	1354031835.755650
2020-06-10	0.004581	-0.000182	0.007289	-0.007041	0.004581	1106635421.052140
2020-06-09	-0.008630	0.000185	0.003849	-0.013639	-0.008630	1108186466.685480
2020-06-08	0.001582	-0.000117	0.003580	-0.008761	0.001582	1042709460.864070
2020-06-07	0.001512	0.000185	0.007542	-0.017082	0.001512	1141964765.006150
2020-06-06	-0.004654	0.000569	0.004461	-0.008134	-0.004654	1048611012.399510
2020-06-05	-0.004340	0.000305	0.008599	-0.014209	-0.004340	1264429378.704560
2020-06-04	0.006473	0.000272	0.013898	-0.008835	0.006473	1368430496.031940
2020-06-03	0.004434	0.000676	0.008452	-0.007368	0.004434	1335828090.025440
2020-06-02	-0.035600	-0.000320	0.019435	-0.045436	-0.035600	1850078103.108700
2020-06-01	0.036192	-0.000352	0.038567	-0.003911	0.036192	1702904267.056950
2020-05-31	-0.016071	0.000081	0.025700	-0.021681	-0.016071	1737139256.467370
2020-05-30	0.039685	0.000004	0.040967	-0.007173	0.039685	1683149543.523740
2020-05-29	-0.011199	0.000372	0.011130	-0.017278	-0.011199	1477357235.014910
2020-05-28	0.013836	0.000337	0.015389	-0.011301	0.013836	1615654544.311560
2020-05-27	0.020016	-0.000283	0.024986	-0.001083	0.020016	1535112976.752380
2020-05-26	-0.016990	-0.000272	0.001439	-0.019881	-0.016990	1585691776.765340
2020-05-25	0.009700	-0.000749	0.011246	-0.016528	0.009700	1671594106.335290
2020-05-24	-0.017222	0.000275	0.013057	-0.017365	-0.017222	1447641496.065070
2020-05-23	-0.007422	0.000372	0.007115	-0.013373	-0.007422	1459815519.527370
2020-05-22	0.024724	0.000133	0.031896	-0.009720	0.024724	1852264124.064580
2020-05-21	-0.030726	0.000620	0.004939	-0.050860	-0.030726	1753934487.284020
2020-05-20	-0.011374	-0.000453	0.007844	-0.018540	-0.011374	1933723829.283540
2020-05-19	-0.005598	0.000363	0.000734	-0.015738	-0.005598	1973351018.155980
2020-05-18	0.019484	0.000488	0.025189	-0.001149	0.019484	1968537516.701920
2020-05-17	0.006116	0.002522	0.019198	-0.001595	0.006116	1752063749.201970
2020-05-16	0.005636	0.000857	0.016040	-0.004962	0.005636	1794850123.612870
2020-05-15	-0.020767	-0.000929	0.001410	-0.028692	-0.020767	2046326382.208470
2020-05-14	0.008184	-0.000691	0.015414	-0.009069	0.008184	2154131805.444280
2020-05-13	0.019445	-0.000386	0.029215	-0.005213	0.019445	1947109950.917090
2020-05-12	0.018414	0.000914	0.029566	-0.006877	0.018414	2056508740.859340
2020-05-11	-0.020750	-0.000069	0.010144	-0.048909	-0.020750	2470709527.479880
2020-05-10	-0.086335	0.001065	0.001065	-0.121496	-0.086335	3067472277.382890
2020-05-09	-0.013306	-0.000746	0.022296	-0.013759	-0.013306	2543805061.787340
2020-05-08	0.004156	-0.000366	0.013668	-0.015660	0.004156	2460030843.928740
2020-05-07	0.017225	0.001311	0.026619	-0.010087	0.017225	2582702615.148010
2020-05-06	-0.005786	-0.000826	0.027144	-0.005786	-0.005786	2159327467.049200
2020-05-05	-0.011421	-0.000244	0.012735	-0.016086	-0.011421	2104127661.304990
2020-05-04	-0.002055	0.000167	0.005439	-0.040183	-0.002055	2462194723.052750
2020-05-03	-0.020095	0.000673	0.010834	-0.027584	-0.020095	2182399826.087280
2020-05-02	0.021282	0.000124	0.028998	-0.009122	0.021282	2170661653.838200
2020-05-01	0.030490	0.000456	0.056449	0.000160	0.030490	2306876493.363120
2020-04-30	-0.064511	-0.001157	0.036365	-0.069716	-0.064511	3145263526.808390
2020-04-29	0.055449	0.000362	0.065632	-0.009504	0.055449	3041995823.134750
2020-04-28	0.088423	0.000344	0.101676	-0.008114	0.088423	2515531348.064680
2020-04-27	0.005960	-0.000533	0.012552	-0.006952	0.005960	1792695609.663380
2020-04-26	0.008980	-0.000106	0.011079	-0.002817	0.008980	1692427520.518910
2020-04-25	0.007171	0.000101	0.014869	-0.002710	0.007171	1648491142.309100
2020-04-24	0.010192	0.000861	0.026137	-0.000007	0.010192	1853837706.302930
2020-04-23	0.019900	-0.000435	0.036281	-0.006407	0.019900	2271111353.580960
2020-04-22	0.019759	-0.000831	0.029011	-0.006554	0.019759	1783803231.029440
2020-04-21	0.004568	-0.000835	0.011737	-0.003967	0.004568	1912728846.468850
2020-04-20	-0.038610	-0.000200	0.021170	-0.047303	-0.038610	2364973860.166490
2020-04-19	-0.020857	0.000405	0.007281	-0.021195	-0.020857	1904866741.132550
2020-04-18	0.024832	-0.001528	0.027101	-0.002007	0.024832	1918245143.368540
2020-04-17	0.000512	0.000777	0.010002	-0.013100	0.000512	1887808775.586600
2020-04-16	0.048738	-0.000085	0.054973	-0.021272	0.048738	2610251456.366590
2020-04-15	-0.021937	0.000133	0.021207	-0.022557	-0.021937	1963736221.499740
2020-04-14	-0.012767	0.000405	0.006675	-0.018486	-0.012767	1889687586.538690
2020-04-13	-0.012636	0.002094	0.002094	-0.043796	-0.012636	2253497428.984260
2020-04-12	0.011014	0.000880	0.030760	-0.002375	0.011014	2087857416.614130
2020-04-11	0.003197	-0.000068	0.026298	-0.007206	0.003197	1847482830.778100
2020-04-10	-0.054438	-0.000508	0.002654	-0.073395	-0.054438	2105282078.976310
2020-04-09	-0.013004	0.000519	0.002327	-0.024608	-0.013004	1878628667.704990
2020-04-08	0.045687	0.000228	0.047803	-0.003564	0.045687	2091042647.003500
2020-04-07	-0.017458	0.000919	0.042769	-0.021988	-0.017458	2626151910.461540
2020-04-06	0.089742	0.001236	0.091741	-0.000262	0.089742	2529832371.855810
2020-04-05	-0.012802	0.000175	0.001452	-0.024514	-0.012802	1660971367.243210
2020-04-04	0.012623	0.000806	0.015785	-0.006472	0.012623	1793826152.757320
2020-04-03	0.004626	0.000721	0.022882	-0.009820	0.004626	2106869710.870170
2020-04-02	0.018924	-0.000813	0.045619	-0.005779	0.018924	2352651038.497060
2020-04-01	0.004351	-0.001423	0.004351	-0.031099	0.004351	2053108171.639930
2020-03-31	0.013895	-0.000211	0.033176	-0.003611	0.013895	2101862049.954690
2020-03-30	0.050917	-0.000412	0.063119	-0.003986	0.050917	2131319206.290080
2020-03-29	-0.068003	-0.000584	0.001609	-0.071437	-0.068003	1996124443.050100
2020-03-28	-0.002341	-0.001494	0.018616	-0.049005	-0.002341	2689925753.277180
2020-03-27	0.006721	-0.000091	0.064939	-0.025458	0.006721	2849306895.746790
2020-03-26	0.082818	0.000290	0.088365	-0.007489	0.082818	2236102810.632630
2020-03-25	-0.003833	0.000214	0.010084	-0.022314	-0.003833	2096308695.631580
2020-03-24	0.030722	0.000988	0.038585	-0.003777	0.030722	2155981658.380810
2020-03-23	0.047965	-0.001897	0.051388	-0.006813	0.047965	2117431210.774120
2020-03-22	-0.050357	-0.000365	0.018500	-0.054102	-0.050357	1864979797.879790
2020-03-21	0.008356	-0.000981	0.023428	-0.020539	0.008356	2068099167.292500
2020-03-20	-0.049493	0.000337	0.053169	-0.096038	-0.049493	2946481355.600540
2020-03-19	0.153292	0.000412	0.191299	0.000205	0.153292	2590533670.219300
2020-03-18	-0.009850	0.001028	0.016518	-0.025883	-0.009850	1964626837.313780
2020-03-17	0.024535	-0.000577	0.070185	-0.000577	0.024535	2134494359.889800
2020-03-16	-0.083421	-0.000112	-0.000112	-0.134381	-0.083421	2646513873.609580
2020-03-15	0.044874	0.000004	0.100874	-0.007909	0.044874	2197842519.293660
2020-03-14	-0.075681	-0.000705	0.004288	-0.085768	-0.075681	2310448364.683820
2020-03-13	0.141204	0.006369	0.180017	-0.175760	0.141204	5160523077.119140
2020-03-12	-0.328986	0.000525	0.004943	-0.328986	-0.328986	3547958418.360650
2020-03-11	-0.019505	0.000272	0.005698	-0.050749	-0.019505	2130165442.224730
2020-03-10	0.014602	0.002583	0.029026	-0.012414	0.014602	2317233372.961910
2020-03-09	0.011003	-0.001068	0.021918	-0.029787	0.011003	2796925948.112990
2020-03-08	-0.127246	0.000165	0.000165	-0.127576	-0.127246	2627253062.097640
2020-03-07	-0.028750	-0.000483	0.002238	-0.028942	-0.028750	2109420975.118570
2020-03-06	0.018810	-0.000384	0.026456	-0.001958	0.018810	2423236344.058530
2020-03-05	0.021539	0.000105	0.035559	0.000105	0.021539	2299594698.522980
2020-03-04	0.000639	0.000702	0.015278	-0.010899	0.000639	2280839542.258810
2020-03-03	-0.018290	-0.000327	0.000025	-0.028304	-0.018290	2524293729.852270
2020-03-02	0.043265	0.000388	0.050266	-0.006639	0.043265	2466061223.519480
2020-03-01	-0.010152	-0.000383	0.020004	-0.023733	-0.010152	2086828072.148020
2020-02-29	-0.021595	0.000949	0.023979	-0.021595	-0.021595	2061348763.263170
2020-02-28	-0.003458	-0.000022	0.025844	-0.026739	-0.003458	2468502731.836440
2020-02-27	0.027139	0.001043	0.066446	-0.020264	0.027139	2775673346.910050
2020-02-26	-0.089027	-0.000159	0.006347	-0.094822	-0.089027	3273784861.718750
2020-02-25	-0.063612	-0.000318	0.000730	-0.064944	-0.063612	2590099691.603890
2020-02-24	-0.042743	-0.000428	0.001691	-0.057420	-0.042743	2472100399.770160
2020-02-23	0.024682	0.000139	0.025252	-0.001045	0.024682	2313819447.927420
2020-02-22	0.003504	0.001483	0.007386	-0.009576	0.003504	2190665842.434630
2020-02-21	0.009332	-0.000353	0.020209	-0.006212	0.009332	2626495845.273180
2020-02-20	-0.018755	-0.001671	0.014175	-0.037003	-0.018755	3138024578.758220
2020-02-19	-0.068176	-0.000097	0.019375	-0.068176	-0.068176	3096501888.764860
2020-02-18	0.039574	0.001531	0.047075	-0.027309	0.039574	3719318845.521560
2020-02-17	-0.028681	-0.001373	0.000623	-0.080166	-0.028681	3690067847.226090
2020-02-16	-0.036581	0.003360	0.039026	-0.092087	-0.036581	4025339058.212010
2020-02-15	-0.085376	0.000886	0.027328	-0.097479	-0.085376	4282439062.870120
2020-02-14	0.024842	-0.001049	0.033201	-0.037281	0.024842	4476902768.579320
2020-02-13	0.073305	-0.000648	0.104306	-0.002533	0.073305	6473779289.105180
2020-02-12	0.086570	0.000469	0.097630	-0.000686	0.086570	4092541036.850470
2020-02-11	0.022111	-0.000653	0.024318	-0.022619	0.022111	2383677082.994700
2020-02-10	-0.029657	0.000101	0.003035	-0.043284	-0.029657	2403459577.407770
2020-02-09	0.018808	-0.000526	0.036041	-0.002880	0.018808	2343599758.293980
2020-02-08	-0.007309	-0.001456	0.004297	-0.041915	-0.007309	2380993304.017150
2020-02-07	-0.010382	-0.000031	0.015258	-0.015479	-0.010382	2372731516.747300
2020-02-06	0.017105	0.000266	0.030531	-0.014321	0.017105	3079150333.313220
2020-02-05	0.039953	-0.000435	0.053336	-0.000435	0.039953	3332447611.017220
2020-02-04	0.047839	-0.000274	0.058707	-0.022805	0.047839	2900951895.620450
2020-02-03	0.015525	-0.000657	0.022477	-0.010291	0.015525	2156814065.005260
2020-02-02	0.038430	-0.000555	0.073736	-0.018442	0.038430	2477130012.143370
2020-02-01	0.009290	-0.000175	0.014123	-0.006068	0.009290	1592451417.102480
2020-01-31	-0.018096	-0.000098	0.002590	-0.035861	-0.018096	1892170751.884450
2020-01-30	0.033564	-0.000520	0.043404	-0.015836	0.033564	2125017677.561640
2020-01-29	-0.011566	0.000850	0.011650	-0.013274	-0.011566	1883265673.843550
2020-01-28	0.031425	-0.000069	0.037667	-0.001198	0.031425	2052700894.299100
2020-01-27	0.002323	-0.000666	0.017112	-0.016059	0.002323	1722593698.911450
2020-01-26	0.046541	-0.000371	0.049525	-0.004992	0.046541	1583964763.635610
2020-01-25	-0.011721	0.000032	0.000488	-0.023780	-0.011721	1373179559.502460
2020-01-24	-0.013546	0.000429	0.000929	-0.047391	-0.013546	1706347378.568280
2020-01-23	-0.042158	0.000499	0.000967	-0.055016	-0.042158	1600294983.416410
2020-01-22	-0.004681	0.000410	0.006422	-0.012354	-0.004681	1517150861.332240
2020-01-21	0.016585	0.000186	0.029868	-0.007534	0.016585	1701652844.530350
2020-01-20	-0.009716	-0.000853	0.000690	-0.040745	-0.009716	1723535818.274340
2020-01-19	-0.031653	0.000334	0.025825	-0.057577	-0.031653	2211717302.200730
2020-01-18	0.018888	0.000437	0.051976	-0.023571	0.018888	2391157803.709830
2020-01-17	0.044635	0.000660	0.063796	-0.008740	0.044635	2418043081.014030
2020-01-16	-0.018554	-0.000059	0.002889	-0.037957	-0.018554	2066952513.128840
2020-01-15	-0.007637	-0.000781	0.026886	-0.028837	-0.007637	2590278224.071840
2020-01-14	0.103802	-0.000419	0.137408	-0.001118	0.103802	2639844915.803770
2020-01-13	-0.013988	-0.000045	0.000248	-0.023336	-0.013988	1321442558.948000
2020-01-12	0.017854	0.001416	0.021335	-0.001503	0.017854	1496128429.533040
2020-01-11	-0.002143	-0.000984	0.031392	-0.010607	-0.002143	1655817070.232890
2020-01-10	0.036149	0.000046	0.036623	-0.015024	0.036149	1693646276.112360
2020-01-09	-0.019746	0.000401	0.000554	-0.030795	-0.019746	1341130889.247150
2020-01-08	-0.022864	-0.000387	0.013028	-0.040687	-0.022864	1782128651.986220
2020-01-07	-0.034277	0.000300	0.008469	-0.056263	-0.034277	2237698314.009860
2020-01-06	0.132828	-0.000008	0.144705	-0.002402	0.132828	2301679290.048530
2020-01-05	0.006081	0.000059	0.025043	-0.002426	0.006081	1168067556.974840
2020-01-04	0.004311	0.000001	0.005851	-0.008710	0.004311	999331593.609125
2020-01-03	0.029134	-0.000503	0.032053	-0.011681	0.029134	1270017042.618140
2020-01-02	-0.024004	0.000212	0.001185	-0.029692	-0.024004	1085351425.984290
2020-01-01	-0.001174	0.000093	0.007608	-0.004079	-0.001174	1041134003.129410
2019-12-31	-0.008125	0.000224	0.002076	-0.023165	-0.008125	1116761074.532930
2019-12-30	-0.013076	0.000063	0.008451	-0.017081	-0.013076	1247499610.240900
2019-12-29	0.019814	-0.000551	0.029757	-0.003614	0.019814	1176573822.081610
2019-12-28	0.011094	-0.000206	0.021896	-0.000673	0.011094	1168758139.519910
2019-12-27	0.003719	0.000047	0.012153	-0.009936	0.003719	1151157498.957770
2019-12-26	-0.001703	-0.000858	0.009431	-0.013516	-0.001703	1177534638.750850
2019-12-25	-0.007697	0.000465	0.002203	-0.019379	-0.007697	1140140918.521730
2019-12-24	0.006576	0.000257	0.031121	-0.005419	0.006576	1255576963.233570
2019-12-23	-0.030638	-0.000099	0.005870	-0.035978	-0.030638	1402992086.420830
2019-12-22	0.014921	-0.000425	0.016943	-0.008085	0.014921	1261599020.832060
2019-12-21	-0.006317	0.000123	0.004390	-0.024073	-0.006317	1208597752.632710
2019-12-20	0.023562	0.000423	0.037457	-0.021186	0.023562	1765470385.042550
2019-12-19	-0.027306	0.000576	0.005506	-0.055332	-0.027306	1588179338.095190
2019-12-18	0.067921	0.004976	0.075190	-0.028386	0.067921	2136022807.534690
2019-12-17	-0.113528	-0.000177	0.002095	-0.128997	-0.113528	2059426122.888650
2019-12-16	-0.052041	0.000211	0.001404	-0.053703	-0.052041	1486338424.536630
2019-12-15	0.005730	0.000999	0.012507	-0.027644	0.005730	1171149673.430100
2019-12-14	-0.015396	-0.000029	0.004473	-0.017936	-0.015396	1078990951.943550
2019-12-13	0.004071	-0.000147	0.005221	-0.013325	0.004071	1252707498.340490
2019-12-12	-0.009878	-0.000178	0.002880	-0.013914	-0.009878	1287697362.420770
2019-12-11	-0.010028	-0.000272	0.001962	-0.013428	-0.010028	1072062151.515520
2019-12-10	-0.005101	-0.000059	0.003543	-0.018524	-0.005101	1191690782.289680
2019-12-09	-0.021623	-0.000008	0.003857	-0.031471	-0.021623	1241659373.417540
2019-12-08	0.008712	0.000037	0.023165	-0.009562	0.008712	1117646357.776050
2019-12-07	0.013036	-0.000056	0.015017	-0.000508	0.013036	1073561928.212380
2019-12-06	0.011558	0.000135	0.013144	-0.009615	0.011558	1253702621.177020
2019-12-05	0.030418	-0.000455	0.047274	-0.011011	0.030418	1424294121.422920
2019-12-04	-0.016019	-0.000207	0.008643	-0.033048	-0.016019	1427312576.709040
2019-12-03	0.001316	-0.000294	0.016385	-0.013233	0.001316	1017648494.612280
2019-12-02	-0.025527	0.000234	0.008299	-0.035724	-0.025527	1187513776.628900
2019-12-01	-0.005041	-0.000037	0.000225	-0.027471	-0.005041	1176237060.400740
2019-11-30	-0.016258	0.000063	0.014760	-0.024634	-0.016258	1160032623.564350
2019-11-29	0.025149	0.000240	0.031469	-0.001960	0.025149	1325761773.741810
2019-11-28	-0.002271	0.000624	0.026882	-0.003924	-0.002271	1244175231.246480
2019-11-27	0.013216	-0.001349	0.028600	-0.026766	0.013216	1608881983.506450
2019-11-26	0.016116	-0.000721	0.020996	-0.016764	0.016116	1322723640.409300
2019-11-25	-0.020444	-0.001578	0.012273	-0.072456	-0.020444	9415068270.505369
2019-11-24	-0.055058	0.000165	0.000782	-0.055058	-0.055058	2932397174.288060
2019-11-23	0.019814	-0.000110	0.019814	-0.016809	0.019814	1480512362.860370
2019-11-22	-0.049910	0.000035	0.010875	-0.074166	-0.049910	2012230944.616760
2019-11-21	-0.030225	-0.000188	0.008547	-0.042087	-0.030225	1586333624.308470
2019-11-20	-0.020026	0.000173	0.010289	-0.024052	-0.020026	1319069497.661940
2019-11-19	0.003313	-0.000028	0.011381	-0.033963	0.003313	1420685334.325960
2019-11-18	-0.036190	-0.000439	0.000984	-0.058101	-0.036190	1452996115.409050
2019-11-17	0.005178	0.000464	0.020837	-0.003997	0.005178	1273573228.911270
2019-11-16	0.008530	0.000152	0.014480	-0.003997	0.008530	1195333400.755360
2019-11-15	-0.032310	0.000267	0.002436	-0.038881	-0.032310	1548251349.054090
2019-11-14	-0.009688	-0.000488	0.003046	-0.018192	-0.009688	1264478183.595370
2019-11-13	0.002268	-0.000143	0.011918	-0.004092	0.002268	1278922350.346900
2019-11-12	-0.009697	0.000338	0.007113	-0.015650	-0.009697	1404766288.686150
2019-11-11	-0.018265	-0.000140	0.005437	-0.029249	-0.018265	1437677669.062570
2019-11-10	0.000027	0.000274	0.010426	-0.012587	0.000027	1557437413.295720
2019-11-09	0.011709	-0.000324	0.019923	-0.002256	0.011709	1449652131.179440
2019-11-08	-0.052928	0.000025	0.000621	-0.063011	-0.052928	2026687432.002860
2019-11-07	-0.056936	0.000286	0.010293	-0.086075	-0.056936	2430065390.486360
2019-11-06	0.029313	-0.000507	0.034354	-0.008366	0.029313	1790567870.688780
2019-11-05	0.004394	-0.000106	0.015291	-0.006737	0.004394	1964177330.074690
2019-11-04	0.029791	-0.000083	0.029830	-0.001264	0.029791	1647597869.042160
2019-11-03	-0.016884	0.000030	0.003074	-0.025127	-0.016884	1381510371.075630
2019-11-02	0.012374	0.000157	0.021862	-0.000349	0.012374	1460243469.335080
2019-11-01	-0.012539	0.000106	0.000437	-0.025058	-0.012539	1572251058.143960
2019-10-31	-0.000665	-0.000093	0.019640	-0.018939	-0.000665	1666132252.386230
2019-10-30	-0.017886	-0.000142	0.010678	-0.031636	-0.017886	1883224296.292930
2019-10-29	0.020097	-0.000054	0.040462	-0.002195	0.020097	2125813359.934620
2019-10-28	-0.007022	0.000144	0.015889	-0.015138	-0.007022	2061536472.660940
2019-10-27	0.014983	0.000634	0.026494	-0.012818	0.014983	2237941945.983660
2019-10-26	-0.014976	-0.000420	0.040668	-0.038055	-0.014976	3122465894.101740
2019-10-25	0.070646	0.000419	0.077047	-0.004490	0.070646	2486979029.149650
2019-10-24	0.015860	-0.000151	0.026041	-0.017760	0.015860	1638078551.132130
2019-10-23	-0.059890	-0.000174	0.003877	-0.108103	-0.059890	2172985938.097250
2019-10-22	-0.004684	0.000135	0.029029	-0.006401	-0.004684	1632212673.640330
2019-10-21	-0.004080	0.000292	0.001837	-0.014996	-0.004080	1609355489.686150
2019-10-20	0.003948	0.000066	0.013747	-0.024741	0.003948	1804228003.434160
2019-10-19	-0.006719	-0.000517	0.014320	-0.017302	-0.006719	1768492071.391230
2019-10-18	-0.024181	0.000082	0.000082	-0.050777	-0.024181	1809664284.871830
2019-10-17	0.062097	-0.000296	0.062680	-0.007139	0.062097	1807694163.928150
2019-10-16	-0.014069	0.000671	0.011723	-0.026810	-0.014069	1626378642.158890
2019-10-15	-0.026377	-0.000288	0.005875	-0.041647	-0.026377	1686563829.527390
2019-10-14	0.067533	-0.000498	0.067775	-0.003955	0.067533	1685629956.091420
2019-10-13	0.016740	-0.000230	0.031162	-0.002961	0.016740	1176911157.803410
2019-10-12	0.007717	0.000059	0.028994	-0.000093	0.007717	1100066310.469020
2019-10-11	-0.003577	0.000132	0.014200	-0.012803	-0.003577	1265760689.930280
2019-10-10	-0.033925	-0.000270	-0.000270	-0.045216	-0.033925	1383555181.946140
2019-10-09	0.011378	-0.000240	0.018912	-0.012726	0.011378	1579225264.343330
2019-10-08	0.010063	0.000523	0.028601	-0.014292	0.010063	1518125768.991080
2019-10-07	0.069770	-0.000522	0.082991	-0.008062	0.069770	1938984642.565360
2019-10-06	0.016758	-0.000089	0.016758	-0.004402	0.016758	965338466.428391
2019-10-05	-0.001881	-0.001285	0.010120	-0.017919	-0.001881	944304198.953138
2019-10-04	0.024508	0.000256	0.033836	-0.001755	0.024508	1078860455.586290
2019-10-03	-0.022397	-0.000323	-0.000142	-0.036178	-0.022397	1043933395.042580
2019-10-02	0.015922	0.000212	0.021314	-0.011116	0.015922	1093145012.675320
2019-10-01	-0.024879	0.001097	0.017947	-0.031606	-0.024879	1319433697.037990
2019-09-30	0.060253	-0.000020	0.077710	-0.012710	0.060253	1662002376.683130
2019-09-29	-0.004878	0.000086	0.003203	-0.020724	-0.004878	931369885.101383
2019-09-28	-0.005939	0.000010	0.004205	-0.013386	-0.005939	978211509.090603
2019-09-27	0.000972	-0.000292	0.010346	-0.028872	0.000972	1277746422.496890
2019-09-26	-0.010785	0.000027	0.016296	-0.050335	-0.010785	1387714462.149000
2019-09-25	0.047678	0.001092	0.058395	-0.001363	0.047678	1800796894.353230
2019-09-24	-0.124495	0.000040	0.015606	-0.154920	-0.124495	2114210732.767310
2019-09-23	-0.036767	-0.001179	0.025754	-0.037127	-0.036767	1484938724.342630
2019-09-22	-0.036318	0.000060	0.000797	-0.052261	-0.036318	1242282757.647050
2019-09-21	-0.017074	-0.000047	0.010538	-0.022738	-0.017074	1266771268.997400
2019-09-20	-0.026356	0.000045	0.000045	-0.045339	-0.026356	1558069365.630430
2019-09-19	-0.036124	-0.000115	0.000119	-0.085174	-0.036124	2314376584.178740
2019-09-18	0.100920	-0.002983	0.129892	-0.003831	0.100920	2548478916.699840
2019-09-17	0.092205	-0.000345	0.128775	-0.002465	0.092205	1981364785.643780
2019-09-16	-0.002584	-0.000208	0.008774	-0.009353	-0.002584	878264189.542848
2019-09-15	0.001766	0.000014	0.014134	-0.005562	0.001766	859761209.590933
2019-09-14	0.021974	-0.000260	0.034985	-0.002752	0.021974	1005057193.827440
2019-09-13	0.002906	-0.000063	0.005944	-0.006568	0.002906	869481606.761291
2019-09-12	-0.004476	0.000066	0.004136	-0.013288	-0.004476	974717877.206815
2019-09-11	-0.010495	0.000080	0.004486	-0.020373	-0.010495	992565704.206352
2019-09-10	-0.003433	0.000492	0.015743	-0.013320	-0.003433	975503111.041130
2019-09-09	-0.013387	0.000620	0.002316	-0.020681	-0.013387	1157441363.207040
2019-09-08	0.009197	0.000346	0.016442	-0.005434	0.009197	1043077808.741360
2019-09-07	0.033077	0.000281	0.040214	-0.004228	0.033077	962765308.858238
2019-09-06	-0.015626	-0.000301	0.011647	-0.021614	-0.015626	1063044201.186350
2019-09-05	-0.013693	0.000026	0.003088	-0.019027	-0.013693	1050490374.554770
2019-09-04	-0.012291	0.000174	0.000174	-0.018726	-0.012291	1068332805.161480
2019-09-03	0.008890	0.000068	0.017096	-0.010190	0.008890	1162545092.873830
2019-09-02	0.010720	0.000038	0.017092	-0.014228	0.010720	1044772829.390680
2019-09-01	-0.004438	-0.000128	0.001752	-0.018897	-0.004438	825579908.156142
2019-08-31	0.011655	-0.000090	0.016738	-0.002981	0.011655	845142390.196531
2019-08-30	-0.003218	-0.000365	0.001089	-0.016771	-0.003218	997071647.134617
2019-08-29	-0.001571	0.000043	0.014143	-0.029128	-0.001571	1279995806.870810
2019-08-28	-0.045133	-0.000131	0.002503	-0.061831	-0.045133	1275267910.278340
2019-08-27	-0.004320	0.000410	0.000938	-0.016884	-0.004320	1028940803.912730
2019-08-26	0.002591	-0.000525	0.027192	-0.005601	0.002591	1332395983.826790
2019-08-25	-0.009044	0.000215	0.008699	-0.016873	-0.009044	964693736.605288
2019-08-24	-0.014434	-0.000006	-0.000006	-0.032608	-0.014434	934380519.301133
2019-08-23	0.020671	-0.001364	0.024446	-0.008799	0.020671	999419343.179129
2019-08-22	0.017588	-0.001726	0.026594	-0.016128	0.017588	1065712730.669740
2019-08-21	-0.034608	-0.000149	-0.000149	-0.054813	-0.034608	1164536123.824790
2019-08-20	-0.026549	-0.000597	-0.000308	-0.034894	-0.026549	1056822924.866570
2019-08-19	0.002412	-0.001259	0.022801	-0.014934	0.002412	1241578946.670430
2019-08-18	0.063697	-0.000025	0.086546	-0.008058	0.063697	1216547018.675430
2019-08-17	0.014312	-0.000331	0.023186	-0.010382	0.014312	1004931822.147100
2019-08-16	-0.010989	0.000729	0.002151	-0.029846	-0.010989	1133224404.105660
2019-08-15	0.005845	0.001381	0.018599	-0.027459	0.005845	1342788577.542110
2019-08-14	-0.112243	0.000270	0.001960	-0.149165	-0.112243	1794754609.901860
2019-08-13	-0.012264	0.001130	0.002852	-0.022508	-0.012264	853175559.887426
2019-08-12	-0.005279	0.000841	0.005340	-0.011291	-0.005279	762308356.442951
2019-08-11	0.010695	-0.000519	0.024976	-0.006056	0.010695	838671654.192353
2019-08-10	0.004632	-0.000330	0.024901	-0.013118	0.004632	1077459338.849880
2019-08-09	-0.033537	-0.000308	0.001809	-0.046774	-0.033537	1021136187.768130
2019-08-08	-0.013810	-0.000591	0.002079	-0.021982	-0.013810	907305889.412622
2019-08-07	0.002067	0.000534	0.013644	-0.008371	0.002067	967534123.023741
2019-08-06	-0.037824	0.001402	0.004271	-0.045336	-0.037824	1069603911.444170
2019-08-05	0.011637	-0.000371	0.036181	-0.001351	0.011637	1203381138.983850
2019-08-04	0.009739	0.000332	0.019471	-0.013992	0.009739	926896286.606551
2019-08-03	0.013968	0.000360	0.023231	-0.002232	0.013968	789419360.042041
2019-08-02	-0.017338	-0.000304	0.003053	-0.022214	-0.017338	816728847.610468
2019-08-01	-0.009358	-0.000546	-0.000180	-0.024229	-0.009358	882867287.987502
2019-07-31	0.007659	-0.001830	0.012546	-0.003850	0.007659	996700948.252022
2019-07-30	0.025146	0.001389	0.031381	-0.008992	0.025146	928714009.985778
2019-07-29	-0.005220	-0.000937	0.004879	-0.013668	-0.005220	807093679.251858
2019-07-28	0.005670	0.000333	0.007234	-0.020667	0.005670	846655033.945497
2019-07-27	-0.040188	-0.000056	0.008515	-0.050163	-0.040188	1163969613.769810
2019-07-26	0.027697	-0.000222	0.030805	-0.016170	0.027697	1039753780.566430
2019-07-25	-0.003598	-0.000280	0.017141	-0.006541	-0.003598	1086214216.134730
2019-07-24	0.019428	-0.000132	0.021117	-0.015005	0.019428	1222619064.387070
2019-07-23	-0.037813	0.000502	0.000755	-0.044871	-0.037813	1015322887.550230
2019-07-22	-0.027778	0.000180	0.001090	-0.039769	-0.027778	1079720970.148940
2019-07-21	-0.005703	0.001421	0.007988	-0.029713	-0.005703	1045044899.579320
2019-07-20	0.039312	-0.000358	0.061984	-0.001642	0.039312	1288327248.970000
2019-07-19	-0.007956	-0.000656	0.004123	-0.027938	-0.007956	1181194675.512910
2019-07-18	0.040448	0.000436	0.051169	-0.012840	0.040448	1460358426.497720
2019-07-17	0.046800	0.000121	0.085786	-0.007333	0.046800	2478342584.509580
2019-07-16	-0.058939	-0.000393	0.015642	-0.076167	-0.058939	1527503243.288540
2019-07-15	0.028991	0.000484	0.050115	-0.025315	0.028991	1638295919.459210
2019-07-14	-0.077526	0.001525	0.008085	-0.080837	-0.077526	1365358144.397410
2019-07-13	-0.034694	0.001703	0.002804	-0.054716	-0.034694	1076509238.903220
2019-07-12	0.041722	0.000023	0.058891	-0.021304	0.041722	1641965114.748490
2019-07-11	-0.091923	-0.000904	-0.000388	-0.112291	-0.091923	2056220396.340290
2019-07-10	-0.077107	0.001748	0.009517	-0.106782	-0.077107	2300685763.235330
2019-07-09	-0.018341	0.000279	0.012493	-0.025518	-0.018341	1413299253.466610
2019-07-08	0.011297	0.000539	0.014211	-0.011885	0.011297	1253488309.057870
2019-07-07	0.020543	0.001152	0.025272	-0.003678	0.020543	1210813689.923790
2019-07-06	0.026627	0.000461	0.077606	-0.001322	0.026627	1521409874.712950
2019-07-05	-0.025093	0.000026	0.000026	-0.033720	-0.025093	1286860594.514260
2019-07-04	-0.048499	-0.000529	0.000301	-0.050322	-0.048499	1385563454.131020
2019-07-03	0.020809	-0.000065	0.022576	-0.008696	0.020809	1436716899.499080
2019-07-02	-0.016364	-0.001101	0.007066	-0.055019	-0.016364	1676193189.420340
2019-07-01	0.026365	-0.001287	0.053498	-0.016996	0.026365	1783852225.560770
2019-06-30	-0.076779	-0.000460	-0.000460	-0.076779	-0.076779	1570726856.165950
2019-06-29	0.004826	0.001314	0.005606	-0.049981	0.004826	1775096156.149410
2019-06-28	0.045409	0.000668	0.047069	-0.016137	0.045409	1974643650.964790
2019-06-27	-0.125567	0.000534	0.006839	-0.154164	-0.125567	3038678718.976770
2019-06-26	-0.001662	0.000459	0.055701	-0.015773	-0.001662	3581004665.107970
2019-06-25	-0.003954	0.000949	0.007372	-0.023852	-0.003954	1958460938.405040
2019-06-24	0.003837	0.000583	0.008307	-0.034443	0.003837	1641873590.811110
2019-06-23	-0.013635	0.000198	0.028159	-0.019674	-0.013635	2114801632.185570
2019-06-22	0.071247	0.000994	0.140524	-0.001393	0.071247	3641363867.054560
2019-06-21	0.031095	-0.000023	0.038362	-0.000670	0.031095	1546835769.367230
2019-06-20	-0.016010	-0.000575	-0.000234	-0.030476	-0.016010	1296288449.120270
2019-06-19	0.018787	-0.000011	0.021830	-0.005394	0.018787	1150637870.322020
2019-06-18	-0.043114	-0.000592	0.014326	-0.054557	-0.043114	1832910177.327350
2019-06-17	0.048100	-0.000831	0.074543	-0.000992	0.048100	1979014572.613290
2019-06-16	0.041658	0.000282	0.069336	-0.005157	0.041658	1981370152.299800
2019-06-15	0.011081	-0.000400	0.017080	-0.006028	0.011081	1344741902.530630
2019-06-14	0.012558	-0.000119	0.016526	-0.017641	0.012558	1262403986.894440
2019-06-13	-0.002174	-0.000160	0.014185	-0.005995	-0.002174	1209093570.539310
2019-06-12	0.019021	0.000230	0.022631	-0.009221	0.019021	1221700742.795730
2019-06-11	-0.015400	0.000616	0.004059	-0.033043	-0.015400	1186383475.910370
2019-06-10	0.031322	-0.000205	0.042255	-0.011285	0.031322	1477656039.297830
2019-06-09	-0.058546	0.000674	0.002915	-0.078668	-0.058546	1575002838.037480
2019-06-08	-0.025334	0.000309	0.004690	-0.036545	-0.025334	1244578043.815030
2019-06-07	0.008559	0.000019	0.026201	-0.008436	0.008559	1659632775.221640
2019-06-06	0.041734	-0.000992	0.044253	-0.019402	0.041734	2014934546.291420
2019-06-05	0.005155	-0.000985	0.016199	-0.019912	0.005155	1768216478.836620
2019-06-04	-0.058946	-0.000819	-0.000819	-0.081432	-0.058946	2537240037.547270
2019-06-03	-0.042766	-0.000250	0.033260	-0.044597	-0.042766	2544969218.276050
2019-06-02	0.032984	0.000860	0.035490	-0.001821	0.032984	1595105831.871180
2019-06-01	-0.018220	0.000314	0.005174	-0.032818	-0.018220	1740720642.401880
2019-05-31	0.038301	-0.000150	0.042096	-0.022413	0.038301	2225730799.020540
2019-05-30	-0.048043	0.000165	0.058022	-0.067691	-0.048043	3527827314.741650
2019-05-29	-0.006351	0.000442	0.015067	-0.049792	-0.006351	2538438749.021750
2019-05-28	0.028517	-0.000891	0.045419	-0.030280	0.028517	3193961851.164440
2019-05-27	0.063062	-0.000039	0.078256	-0.003408	0.063062	2736949591.318000
2019-05-26	0.055221	0.000230	0.058958	-0.019618	0.055221	1848938650.064140
2019-05-25	0.006497	0.000684	0.023556	-0.002765	0.006497	1363572842.893380
2019-05-24	0.008755	0.000285	0.030112	-0.017582	0.008755	1872678191.539660
2019-05-23	0.012126	0.000263	0.017228	-0.026103	0.012126	1595345470.926820
2019-05-22	-0.052732	-0.000278	0.024710	-0.059669	-0.052732	2028827459.632410
2019-05-21	-0.001004	0.000518	0.012820	-0.021862	-0.001004	1811582121.511010
2019-05-20	-0.047157	-0.000585	-0.000585	-0.079130	-0.047157	2258366889.328460
2019-05-19	0.120634	-0.000238	0.135891	-0.004805	0.120634	2803922255.255430
2019-05-18	-0.034847	0.006289	0.013812	-0.046657	-0.034847	1866646601.379890
2019-05-17	-0.079850	-0.000074	0.009058	-0.126926	-0.079850	3644156225.242820
2019-05-16	-0.079600	-0.000686	0.040820	-0.119828	-0.079600	4730708974.875450
2019-05-15	0.114758	-0.000950	0.126486	-0.004395	0.114758	4535603093.648080
2019-05-14	0.256814	-0.001118	0.282093	-0.005097	0.256814	5834207845.134870
2019-05-13	0.049669	0.000143	0.065830	-0.005288	0.049669	1973949372.511450
2019-05-12	-0.044584	-0.000859	0.009676	-0.053157	-0.044584	2000224166.880030
2019-05-11	0.080417	-0.000250	0.119634	-0.000717	0.080417	2226303541.421200
2019-05-10	0.013079	0.000046	0.019216	-0.008078	0.013079	1057594528.831320
2019-05-09	-0.014006	-0.000463	0.004828	-0.021030	-0.014006	857521678.105445
2019-05-08	0.003459	-0.002210	0.006058	-0.007168	0.003459	927526279.726519
2019-05-07	-0.008945	-0.000984	0.013356	-0.009629	-0.008945	1082385111.737640
2019-05-06	0.000156	-0.000223	0.011284	-0.019511	0.000156	1048970512.461620
2019-05-05	-0.007254	0.000251	0.003175	-0.016224	-0.007254	805245811.924490
2019-05-04	-0.011909	-0.000158	0.024120	-0.024237	-0.011909	1162919063.172410
2019-05-03	0.016432	-0.000023	0.033172	-0.005817	0.016432	1221399046.247220
2019-05-02	-0.004780	0.000128	0.002813	-0.006988	-0.004780	890538618.615456
2019-05-01	-0.015446	0.000044	0.006815	-0.023246	-0.015446	914654614.200639
2019-04-30	0.051605	0.000105	0.058928	-0.002541	0.051605	1229331266.988620
2019-04-29	-0.010545	-0.000012	0.008145	-0.019413	-0.010545	890911784.045576
2019-04-28	0.002306	0.000416	0.012551	-0.004725	0.002306	721572911.191000
2019-04-27	-0.005899	0.000129	0.006035	-0.010703	-0.005899	785963315.163381
2019-04-26	0.031508	0.001569	0.033299	-0.006564	0.031508	1226933036.399490
2019-04-25	-0.042784	-0.000311	0.012712	-0.048463	-0.042784	1191205195.925430
2019-04-24	-0.058850	-0.000337	0.000184	-0.075463	-0.058850	1517791002.035240
2019-04-23	-0.008370	-0.000276	0.013775	-0.009307	-0.008370	1077333990.031690
2019-04-22	0.004606	-0.000533	0.021403	-0.006859	0.004606	1131094080.382340
2019-04-21	-0.018350	0.000615	0.003505	-0.029621	-0.018350	1005803846.068570
2019-04-20	-0.010323	-0.000093	0.003948	-0.020890	-0.010323	931570799.415735
2019-04-19	-0.015316	-0.000008	0.000246	-0.022215	-0.015316	1025167554.446330
2019-04-18	0.004805	0.000070	0.029322	-0.000351	0.004805	1092731768.772770
2019-04-17	0.025167	-0.000185	0.040063	-0.014759	0.025167	1137811633.137010
2019-04-16	0.019645	0.000264	0.019925	-0.005148	0.019645	799796781.273084
2019-04-15	-0.024014	0.000097	0.008338	-0.032600	-0.024014	934107163.645299
2019-04-14	0.008523	0.000396	0.010399	-0.005479	0.008523	746765729.317191
2019-04-13	-0.000967	0.000122	0.024814	-0.008066	-0.000967	976688780.434445
2019-04-12	-0.014012	-0.000968	-0.000352	-0.029661	-0.014012	1076074030.941510
2019-04-11	-0.067104	0.000101	0.000166	-0.078823	-0.067104	1641951209.662600
2019-04-10	0.015253	-0.000105	0.029519	-0.002154	0.015253	1213341088.697780
2019-04-09	-0.024487	0.000205	0.000205	-0.027071	-0.024487	1076688923.669850
2019-04-08	-0.004507	0.003578	0.019953	-0.022976	-0.004507	1513421925.655100
2019-04-07	0.015381	0.000004	0.030989	-0.007664	0.015381	1398086395.488200
2019-04-06	-0.020448	0.000096	0.004529	-0.029393	-0.020448	1440643534.188200
2019-04-05	0.088086	0.000518	0.124962	0.000352	0.088086	2359353480.686810
2019-04-04	-0.028405	0.000152	0.019703	-0.038466	-0.028405	1599115419.002780
2019-04-03	-0.026359	-0.000541	0.056248	-0.050539	-0.026359	2544122430.586010
2019-04-02	0.123911	0.000187	0.137887	-0.002384	0.123911	2400198267.692070
2019-04-01	0.011376	-0.000109	0.014709	-0.001032	0.011376	836123225.028495
2019-03-31	-0.004517	0.000314	0.001736	-0.007990	-0.004517	652757652.262647
2019-03-30	0.008779	-0.000890	0.061232	-0.003429	0.008779	929122633.480884
2019-03-29	-0.004261	0.000072	0.007754	-0.009739	-0.004261	854583315.627229
2019-03-28	-0.010299	-0.000261	-0.000041	-0.017216	-0.010299	677929378.887681
2019-03-27	0.024274	0.001185	0.024766	-0.003253	0.024274	781951317.881573
2019-03-26	0.003302	-0.000814	0.003302	-0.016669	0.003302	761000016.698177
2019-03-25	-0.015975	0.001472	0.002408	-0.024398	-0.015975	750245385.039203
2019-03-24	-0.010782	0.000118	0.000298	-0.013418	-0.010782	649754894.323139
2019-03-23	0.002626	-0.000635	0.006819	-0.004530	0.002626	611853725.498201
2019-03-22	-0.003762	-0.004400	0.007593	-0.008240	-0.003762	687711343.427700
2019-03-21	-0.021566	0.001093	0.003879	-0.032139	-0.021566	824129022.771874
2019-03-20	0.001030	0.000204	0.004684	-0.014095	0.001030	794566633.474632
2019-03-19	0.005800	-0.002155	0.009937	-0.006582	0.005800	672954616.123345
2019-03-18	-0.000542	0.000327	0.009617	-0.009318	-0.000542	692176695.946148
2019-03-17	-0.008912	-0.000254	0.000845	-0.012391	-0.008912	530234054.251840
2019-03-16	0.017193	0.000046	0.023366	-0.000680	0.017193	759396360.118984
2019-03-15	0.006699	-0.000711	0.009936	-0.004409	0.006699	636037517.181453
2019-03-14	-0.003638	-0.000725	0.007209	-0.008884	-0.003638	706966031.674770
2019-03-13	0.012562	0.001322	0.031956	-0.004968	0.012562	827163023.751890
2019-03-12	-0.002777	0.000234	0.002277	-0.011343	-0.002777	581106367.092084
2019-03-11	-0.006523	0.000216	0.004693	-0.011786	-0.006523	671951310.568879
2019-03-10	-0.002292	0.001400	0.006273	-0.008704	-0.002292	620043948.951466
2019-03-09	0.012057	-0.001086	0.024704	-0.002325	0.012057	763946051.402035
2019-03-08	-0.014864	0.000883	0.005143	-0.018866	-0.014864	680461374.649293
2019-03-07	-0.007144	0.000508	0.009043	-0.007831	-0.007144	716447225.732935
2019-03-06	0.001657	0.000529	0.013669	-0.014281	0.001657	750399371.117227
2019-03-05	0.037274	-0.000124	0.041770	-0.003445	0.037274	786832982.179643
2019-03-04	-0.023742	-0.001704	0.001813	-0.031600	-0.023742	647905631.801871
2019-03-03	-0.008162	-0.000851	0.004360	-0.013330	-0.008162	548503372.464116
2019-03-02	-0.006889	-0.001262	0.006269	-0.014385	-0.006889	604560085.694668
2019-03-01	0.007090	-0.000037	0.028146	-0.004626	0.007090	752723591.363802
2019-02-28	0.006296	0.000026	0.012449	-0.005337	0.006296	734041244.646301
2019-02-27	-0.019940	0.000628	0.009210	-0.033853	-0.019940	716326028.678914
2019-02-26	-0.027497	-0.002224	0.017655	-0.035446	-0.027497	881257177.538296
2019-02-25	0.089789	-0.002439	0.120791	-0.002439	0.089789	1060838439.891610
2019-02-24	-0.093729	0.000968	0.026942	-0.100079	-0.093729	1117884486.440160
2019-02-23	0.033287	-0.001832	0.037243	-0.011381	0.033287	638747256.132275
2019-02-22	0.001908	0.000491	0.006688	-0.009729	0.001908	570898964.438051
2019-02-21	-0.034813	-0.000032	-0.000032	-0.041093	-0.034813	634536384.745986
2019-02-20	0.028143	-0.000604	0.030390	-0.008564	0.028143	777173685.372552
2019-02-19	0.006841	-0.000440	0.068750	-0.001946	0.006841	1135384190.165950
2019-02-18	0.059986	-0.000942	0.080327	-0.002679	0.059986	887187377.082714
2019-02-17	0.005526	-0.000436	0.010711	-0.008180	0.005526	427237164.496304
2019-02-16	-0.000184	-0.000518	0.005824	-0.003405	-0.000184	379011431.463286
2019-02-15	-0.000499	0.000727	0.008958	-0.007704	-0.000499	426310729.253622
2019-02-14	-0.007804	-0.000876	0.005969	-0.009104	-0.007804	418928959.715348
2019-02-13	-0.002970	0.000781	0.020092	-0.009838	-0.002970	494653114.713661
2019-02-12	0.008089	-0.000568	0.015641	-0.010447	0.008089	472806809.850147
2019-02-11	-0.023129	0.000403	0.000403	-0.023129	-0.023129	474495062.365629
2019-02-10	-0.004416	-0.000099	0.000181	-0.029528	-0.004416	495640830.956408
2019-02-09	-0.001281	-0.000338	0.005554	-0.013230	-0.001281	461638795.226323
2019-02-08	0.068806	0.000171	0.081235	-0.005139	0.068806	683014534.789456
2019-02-07	0.003064	-0.000125	0.013378	-0.000970	0.003064	368034283.215982
2019-02-06	-0.028445	0.000639	0.000841	-0.029476	-0.028445	456205129.769722
2019-02-05	-0.003194	-0.001450	0.003597	-0.009952	-0.003194	424722760.392372
2019-02-04	-0.007125	0.000753	0.008953	-0.009883	-0.007125	418384496.534782
2019-02-03	-0.027532	-0.001556	0.001046	-0.037123	-0.027532	438357004.014026
2019-02-02	0.007762	-0.000621	0.009922	-0.010652	0.007762	429425319.800217
2019-02-01	-0.004897	0.002591	0.005995	-0.034307	-0.004897	564486615.357225
2019-01-31	-0.032532	0.000758	0.041734	-0.045543	-0.032532	780304474.314155
2019-01-30	0.106725	-0.000460	0.119167	-0.005676	0.106725	753787392.134001
2019-01-29	-0.017990	0.000668	0.004588	-0.030436	-0.017990	454631054.854841
2019-01-28	-0.047106	-0.000256	0.001418	-0.073929	-0.047106	584796818.256339
2019-01-27	-0.015262	0.001971	0.003279	-0.018677	-0.015262	362599965.066186
2019-01-26	-0.009236	0.000301	0.006814	-0.009236	-0.009236	346413647.873258
2019-01-25	-0.001363	0.000822	0.004632	-0.011881	-0.001363	360076504.922477
2019-01-24	0.003493	-0.000239	0.007596	-0.006507	0.003493	344960253.171201
2019-01-23	-0.009386	0.000235	0.002543	-0.014296	-0.009386	375671478.079147
2019-01-22	-0.004049	0.000899	0.000899	-0.022864	-0.004049	434125854.195898
2019-01-21	-0.001204	0.000006	0.004411	-0.011638	-0.001204	363940430.829241
2019-01-20	-0.029682	0.000659	0.003461	-0.040460	-0.029682	407205880.811446
2019-01-19	0.020737	0.004395	0.029210	0.001955	0.020737	420070096.831554
2019-01-18	-0.015412	-0.000475	0.000427	-0.022764	-0.015412	376280714.047206
2019-01-17	-0.001056	-0.000033	0.001397	-0.012013	-0.001056	433446502.443361
2019-01-16	0.007708	-0.000712	0.023280	-0.003071	0.007708	438731638.439472
2019-01-15	-0.019736	0.000436	0.008192	-0.029228	-0.019736	429283719.597768
2019-01-14	0.050032	0.001546	0.063168	0.001546	0.050032	545540173.999741
2019-01-13	-0.033263	-0.000419	0.014586	-0.035589	-0.033263	452358901.653727
2019-01-12	-0.012328	0.000302	0.010445	-0.014633	-0.012328	376386862.600400
2019-01-11	0.000758	-0.004112	0.015255	-0.014243	0.000758	501054509.360463
2019-01-10	-0.103099	0.001547	0.029818	-0.117910	-0.103099	839535352.306161
2019-01-09	0.015262	0.001564	0.022467	-0.001531	0.015262	455908708.151202
2019-01-08	0.002657	0.000200	0.018239	-0.009915	0.002657	499493489.936279
2019-01-07	-0.010990	0.001246	0.025826	-0.013595	-0.010990	499028522.212821
2019-01-06	0.036930	-0.001479	0.040490	-0.007561	0.036930	492558794.209901
2019-01-05	-0.004127	-0.001123	0.012113	-0.007738	-0.004127	452090239.464935
2019-01-04	-0.009650	-0.001308	0.012266	-0.020650	-0.009650	450633875.589304
2019-01-03	-0.040024	-0.001965	-0.001965	-0.046816	-0.040024	438873803.439924
2019-01-02	0.028708	0.002479	0.036325	-0.014247	0.028708	543216668.575751
2019-01-01	0.034204	-0.000551	0.034204	-0.006535	0.034204	449347621.933471
2018-12-31	-0.045659	0.003977	0.011397	-0.050853	-0.045659	501793515.343151
2018-12-30	0.006343	-0.005457	0.010607	-0.013583	0.006343	486955034.391660
2018-12-29	-0.025474	0.003965	0.018800	-0.025931	-0.025474	617892296.771461
2018-12-28	0.104613	0.001892	0.112128	-0.005929	0.104613	765420103.123526
2018-12-27	-0.099106	0.001091	0.002416	-0.111994	-0.099106	575821046.583166
2018-12-26	-0.005721	-0.002311	0.027469	-0.045766	-0.005721	690588635.092570
2018-12-25	-0.063734	0.004033	0.004033	-0.092027	-0.063734	955306079.644381
2018-12-24	0.095694	0.003036	0.207952	0.003036	0.095694	1688430313.005990
2018-12-23	0.024736	0.002032	0.052905	-0.001382	0.024736	634162706.810880
2018-12-22	0.010425	0.000877	0.012264	-0.024263	0.010425	487175830.168353
2018-12-21	-0.051900	-0.003815	0.015574	-0.063891	-0.051900	724747471.217432
2018-12-20	0.074563	-0.013054	0.105180	-0.013921	0.074563	1006287680.000640
2018-12-19	0.005122	0.013987	0.123279	-0.005601	0.005122	1041279272.339610
2018-12-18	0.066095	0.001733	0.066095	-0.009626	0.066095	753758216.808837
2018-12-17	0.140744	0.000599	0.168695	-0.003427	0.140744	639336584.690385
2018-12-16	0.007156	0.000097	0.028983	0.000023	0.007156	316135928.145933
2018-12-15	-0.010067	-0.000317	0.008939	-0.021702	-0.010067	277696889.736681
2018-12-14	-0.037448	-0.000181	0.000413	-0.049709	-0.037448	320266796.631905
2018-12-13	-0.023745	0.001097	0.001550	-0.029953	-0.023745	303413882.804960
2018-12-12	0.019837	-0.002238	0.032535	-0.002238	0.019837	370325300.476487
2018-12-11	-0.007968	-0.002191	0.021653	-0.018668	-0.007968	394872460.502983
2018-12-10	-0.030649	0.000368	0.009063	-0.040752	-0.030649	386627710.613531
2018-12-09	0.019855	-0.002663	0.041902	-0.008472	0.019855	430122746.737452
2018-12-08	0.017456	0.001466	0.053602	-0.015780	0.017456	463529471.228042
2018-12-07	-0.028748	-0.000319	0.000395	-0.062988	-0.028748	667331346.548883
2018-12-06	-0.080728	-0.003427	0.012573	-0.082433	-0.080728	517551018.205520
2018-12-05	-0.039716	0.000346	0.003059	-0.039716	-0.039716	400526135.081475
2018-12-04	0.009970	-0.000632	0.036348	-0.017854	0.009970	445334425.081625
2018-12-03	-0.051337	0.002641	0.002641	-0.056178	-0.051337	392651602.636649
2018-12-02	-0.014155	-0.001993	0.014714	-0.019238	-0.014155	335732170.187604
2018-12-01	0.028833	0.000280	0.040285	-0.014820	0.028833	397266565.675387
2018-11-30	-0.045072	0.002572	0.003839	-0.064173	-0.045072	512041152.343153
2018-11-29	-0.028151	0.003342	0.004886	-0.042934	-0.028151	629900577.117389
2018-11-28	0.084390	0.000416	0.115003	0.000416	0.084390	774818000.000000
2018-11-27	0.013256	-0.004147	0.034306	-0.035054	0.013256	600169000.000000
2018-11-26	-0.050994	0.002675	0.037765	-0.086856	-0.050994	1032000000.000000
2018-11-25	-0.002091	-0.002198	0.029299	-0.134234	-0.002091	1296590000.000000
2018-11-24	-0.078767	0.001021	0.022910	-0.098358	-0.078767	626279000.000000
2018-11-23	-0.043776	-0.002044	0.004987	-0.065795	-0.043776	774083000.000000
2018-11-22	-0.048187	0.000663	0.001240	-0.048187	-0.048187	480044000.000000
2018-11-21	0.029731	0.004062	0.049268	-0.041281	0.029731	858303000.000000
2018-11-20	-0.090847	0.004419	0.038376	-0.113965	-0.090847	1538310000.000000
2018-11-19	-0.063288	-0.000678	-0.000678	-0.074770	-0.063288	1297340000.000000
2018-11-18	0.038277	0.003590	0.061993	-0.002693	0.038277	884280000.000000
2018-11-17	0.042503	0.001514	0.053267	-0.010169	0.042503	607453000.000000
2018-11-16	-0.020965	-0.005140	0.007004	-0.037236	-0.020965	593572000.000000
2018-11-15	0.015465	-0.004203	0.021487	-0.087796	0.015465	965997000.000000
2018-11-14	-0.070063	-0.003411	0.001047	-0.156268	-0.070063	980604000.000000
2018-11-13	-0.013638	-0.000971	0.015430	-0.022517	-0.013638	521675000.000000
2018-11-12	0.022241	0.003795	0.038787	-0.010075	0.022241	605042000.000000
2018-11-11	-0.001549	0.000389	0.003197	-0.019278	-0.001549	292675000.000000
2018-11-10	0.012044	-0.000735	0.020988	-0.001752	0.012044	328038000.000000
2018-11-09	0.014508	-0.001339	0.044581	-0.001339	0.014508	509865000.000000
2018-11-08	-0.078773	0.001742	0.006673	-0.082920	-0.078773	686221000.000000
2018-11-07	-0.024355	0.000435	0.000435	-0.043919	-0.024355	631230000.000000
2018-11-06	0.103874	-0.000623	0.126927	-0.000623	0.103874	1333160000.000000
2018-11-05	0.075041	-0.002695	0.075041	-0.004154	0.075041	556519000.000000
2018-11-04	0.015415	-0.000970	0.033039	-0.012579	0.015415	429629000.000000
2018-11-03	-0.006580	0.000467	0.000981	-0.009226	-0.006580	275311000.000000
2018-11-02	0.006502	0.001720	0.012571	0.000015	0.006502	401300000.000000
2018-11-01	0.016370	0.000531	0.017666	-0.005159	0.016370	346501000.000000
2018-10-31	0.008146	0.001144	0.012686	-0.013488	0.008146	367008000.000000
2018-10-30	0.007350	0.001028	0.015383	-0.001436	0.007350	245858000.000000
2018-10-29	-0.045181	-0.001747	-0.000601	-0.054820	-0.045181	341648000.000000
2018-10-28	0.013275	0.001799	0.016617	-0.001955	0.013275	280005000.000000
2018-10-27	-0.006401	-0.000244	0.002369	-0.008718	-0.006401	211006000.000000
2018-10-26	0.002698	-0.002382	0.004882	-0.009680	0.002698	235514000.000000
2018-10-25	0.001782	-0.003187	0.012092	-0.009964	0.001782	273380000.000000
2018-10-24	-0.010434	-0.001197	0.010847	-0.016364	-0.010434	295115000.000000
2018-10-23	0.019750	-0.000086	0.040800	-0.029717	0.019750	445238000.000000
2018-10-22	-0.007850	-0.001325	0.003271	-0.013381	-0.007850	249302000.000000
2018-10-21	-0.005351	-0.000627	0.009753	-0.008145	-0.005351	262867000.000000
2018-10-20	0.010949	-0.000533	0.017000	-0.006843	0.010949	277061000.000000
2018-10-19	-0.007749	-0.000832	0.006336	-0.016071	-0.007749	303401000.000000
2018-10-18	-0.022367	-0.001162	0.013723	-0.044646	-0.022367	476876000.000000
2018-10-17	-0.004372	-0.001174	0.017582	-0.021074	-0.004372	526538000.000000
2018-10-16	0.051277	0.001677	0.052925	-0.004464	0.051277	605102000.000000
2018-10-15	0.109178	-0.004047	0.170715	-0.016328	0.109178	1041470000.000000
2018-10-14	-0.037223	-0.000728	0.014596	-0.041583	-0.037223	289195000.000000
2018-10-13	-0.000565	-0.006731	0.015530	-0.010976	-0.000565	373875000.000000
2018-10-12	0.093924	-0.009963	0.147245	-0.011004	0.093924	820154000.000000
2018-10-11	-0.171408	-0.001925	-0.001925	-0.174687	-0.171408	791202000.000000
2018-10-10	-0.036407	-0.001471	-0.001471	-0.043378	-0.036407	412207000.000000
2018-10-09	-0.020202	0.001742	0.002822	-0.038050	-0.020202	416867000.000000
2018-10-08	0.015999	0.004105	0.030193	-0.005504	0.015999	540832000.000000
2018-10-07	-0.012381	0.004479	0.004479	-0.037279	-0.012381	548645000.000000
2018-10-06	-0.059619	0.000632	0.003576	-0.093433	-0.059619	672167000.000000
2018-10-05	-0.014394	0.001755	0.007265	-0.030926	-0.014394	589636000.000000
2018-10-04	-0.002946	0.001382	0.035972	-0.003620	-0.002946	621615000.000000
2018-10-03	0.014064	-0.006945	0.029299	-0.016450	0.014064	789229000.000000
2018-10-02	-0.096492	0.001187	0.001187	-0.100916	-0.096492	743705000.000000
2018-10-01	-0.008788	0.003334	0.035705	-0.076040	-0.008788	1412800000.000000
2018-09-30	0.018108	-0.005572	0.083109	-0.012312	0.018108	1329720000.000000
2018-09-29	0.059572	0.000556	0.089627	-0.016987	0.059572	1034370000.000000
2018-09-28	-0.004191	0.003046	0.013713	-0.035435	-0.004191	718255000.000000
2018-09-27	0.048562	0.000329	0.067041	-0.004534	0.048562	824083000.000000
2018-09-26	-0.020179	-0.012626	0.075473	-0.067262	-0.020179	1821610000.000000
2018-09-25	0.065147	-0.014332	0.103796	-0.107523	0.065147	1639680000.000000
2018-09-24	-0.133132	-0.000131	0.016976	-0.142009	-0.133132	1034380000.000000
2018-09-23	-0.000191	0.007747	0.042444	-0.019529	-0.000191	1043970000.000000
2018-09-22	0.016628	0.007135	0.084868	-0.117060	0.016628	2411430000.000000
2018-09-21	0.247921	0.006486	0.710045	-0.046377	0.247921	4101490000.000000
2018-09-20	0.379892	0.001190	0.464385	-0.011366	0.379892	1291360000.000000
2018-09-19	0.013027	-0.004772	0.039999	-0.024877	0.013027	489609000.000000
2018-09-18	0.182218	-0.002935	0.221861	-0.004558	0.182218	600216000.000000
2018-09-17	-0.031707	0.001348	0.007807	-0.046172	-0.031707	246489000.000000
2018-09-16	-0.002986	-0.001011	-0.000574	-0.019358	-0.002986	197009000.000000
2018-09-15	0.017495	-0.000552	0.023109	-0.001422	0.017495	205361000.000000
2018-09-14	-0.012203	0.002142	0.015532	-0.023979	-0.012203	269029000.000000
2018-09-13	0.038862	0.002577	0.053938	-0.008297	0.038862	311799000.000000
2018-09-12	0.024182	-0.002063	0.033810	-0.030162	0.024182	298449000.000000
2018-09-11	-0.024456	-0.000570	0.017002	-0.053285	-0.024456	200330000.000000
2018-09-10	-0.029995	0.005587	0.012319	-0.053323	-0.029995	204958000.000000
2018-09-09	-0.002338	-0.002406	0.042702	-0.017381	-0.002338	168991000.000000
2018-09-08	-0.041526	-0.001084	0.016374	-0.060549	-0.041526	169208000.000000
2018-09-07	-0.037247	-0.004225	0.008579	-0.050950	-0.037247	213961000.000000
2018-09-06	0.067380	-0.000356	0.076608	-0.026407	0.067380	329763000.000000
2018-09-05	-0.144884	-0.000564	0.007381	-0.144884	-0.144884	344488000.000000
2018-09-04	-0.012826	-0.002313	0.012975	-0.016835	-0.012826	241419000.000000
2018-09-03	-0.019158	0.001793	0.003390	-0.023301	-0.019158	201147000.000000
2018-09-02	-0.014949	-0.001145	0.005234	-0.026826	-0.014949	240907000.000000
2018-09-01	0.036945	-0.000057	0.051665	-0.002580	0.036945	257267000.000000
2018-08-31	-0.000334	0.000089	0.010565	-0.021080	-0.000334	219139000.000000
2018-08-30	-0.027143	-0.000745	0.005328	-0.055574	-0.027143	263925000.000000
2018-08-29	-0.019992	-0.002854	0.005423	-0.030125	-0.019992	275908000.000000
2018-08-28	0.044327	0.001852	0.059053	-0.005735	0.044327	329550000.000000
2018-08-27	0.040543	-0.000411	0.043255	-0.002193	0.040543	227284000.000000
2018-08-26	-0.013570	-0.000207	0.000296	-0.023334	-0.013570	168718000.000000
2018-08-25	0.001905	0.000134	0.011978	-0.009579	0.001905	167363000.000000
2018-08-24	-0.000314	-0.000973	0.002670	-0.028965	-0.000314	244571000.000000
2018-08-23	0.024721	-0.000719	0.028174	-0.001961	0.024721	217578000.000000
2018-08-22	-0.045868	-0.002217	0.044588	-0.055386	-0.045868	286845000.000000
2018-08-21	0.049780	-0.003332	0.058935	-0.007204	0.049780	248735000.000000
2018-08-20	-0.071792	0.001375	0.022417	-0.076418	-0.071792	311144000.000000
2018-08-19	0.051599	0.000804	0.079422	-0.015760	0.051599	327300000.000000
2018-08-18	-0.107932	-0.009952	0.008940	-0.135163	-0.107932	434332000.000000
2018-08-17	0.253868	0.001272	0.277609	0.001128	0.253868	497206000.000000
2018-08-16	0.036989	0.000103	0.067208	-0.013482	0.036989	238219000.000000
2018-08-15	0.028195	0.009206	0.100163	0.009206	0.028195	332432000.000000
2018-08-14	-0.011511	0.004584	0.007745	-0.084634	-0.011511	276768000.000000
2018-08-13	-0.068500	-0.001000	0.043005	-0.071595	-0.068500	235117000.000000
2018-08-12	-0.011259	-0.002184	0.026933	-0.013958	-0.011259	178827000.000000
2018-08-11	-0.059808	0.002172	0.002447	-0.090018	-0.059808	284423000.000000
2018-08-10	-0.075972	-0.001742	0.003466	-0.086114	-0.075972	249264000.000000
2018-08-09	0.044667	0.005504	0.083478	0.002000	0.044667	325775000.000000
2018-08-08	-0.128770	-0.000344	-0.000344	-0.141756	-0.128770	360857000.000000
2018-08-07	-0.079876	-0.000737	0.004434	-0.083450	-0.079876	244448000.000000
2018-08-06	-0.045100	0.000572	0.004972	-0.062167	-0.045100	242075000.000000
2018-08-05	0.011974	0.000170	0.014205	-0.002299	0.011974	186848000.000000
2018-08-04	-0.027383	0.001062	0.005645	-0.030519	-0.027383	185678000.000000
2018-08-03	0.023979	0.000332	0.031096	-0.008769	0.023979	278870000.000000
2018-08-02	-0.034985	0.002611	0.004022	-0.035691	-0.034985	204898000.000000
2018-08-01	0.024417	0.000774	0.054935	-0.018512	0.024417	323200000.000000
2018-07-31	-0.024393	-0.000482	0.000038	-0.041143	-0.024393	228767000.000000
2018-07-30	-0.015881	0.000360	0.002742	-0.036051	-0.015881	247714000.000000
2018-07-29	-0.000796	0.006478	0.007655	-0.007534	-0.000796	191966000.000000
2018-07-28	0.000071	0.002125	0.005588	-0.008685	0.000071	157346000.000000
2018-07-27	0.008257	-0.000660	0.021262	-0.010437	0.008257	203720992.000000
2018-07-26	-0.021549	-0.000831	0.015558	-0.028228	-0.021549	199587008.000000
2018-07-25	0.004821	-0.003892	0.017270	-0.015087	0.004821	255872000.000000
2018-07-24	0.027729	0.000636	0.048381	-0.015072	0.027729	319956000.000000
2018-07-23	-0.008980	-0.000423	0.027758	-0.010712	-0.008980	194542000.000000
2018-07-22	-0.013392	-0.000896	0.012250	-0.013768	-0.013392	158906000.000000
2018-07-21	0.018828	-0.001734	0.026311	-0.019410	0.018828	180339008.000000
2018-07-20	-0.061790	0.000109	0.000109	-0.083852	-0.061790	295403008.000000
2018-07-19	-0.020469	0.002442	0.009967	-0.030151	-0.020469	293942016.000000
2018-07-18	-0.037972	-0.000928	0.027637	-0.056079	-0.037972	367988992.000000
2018-07-17	0.045896	-0.004344	0.068686	-0.027623	0.045896	347700000.000000
2018-07-16	0.084116	0.001164	0.084116	-0.003115	0.084116	269283008.000000
2018-07-15	0.015077	-0.000401	0.022118	-0.004728	0.015077	152903008.000000
2018-07-14	0.001208	-0.000410	0.006621	-0.011045	0.001208	134840992.000000
2018-07-13	0.007757	0.002641	0.021003	-0.001284	0.007757	179403008.000000
2018-07-12	-0.033025	-0.000780	-0.000580	-0.049308	-0.033025	182139008.000000
2018-07-11	0.011664	0.000191	0.016859	-0.003299	0.011664	183887008.000000
2018-07-10	-0.061627	-0.000875	0.000139	-0.065383	-0.061627	230418000.000000
2018-07-09	-0.007282	-0.000959	0.006332	-0.010667	-0.007282	206344992.000000
2018-07-08	-0.029906	-0.000321	0.004910	-0.033526	-0.029906	226644000.000000
2018-07-07	0.027812	-0.001114	0.027812	-0.023865	0.027812	214979008.000000
2018-07-06	-0.005137	-0.002172	-0.000316	-0.039888	-0.005137	245003008.000000
2018-07-05	-0.017178	0.000773	0.015017	-0.034848	-0.017178	279999008.000000
2018-07-04	0.009934	0.000744	0.037882	-0.019474	0.009934	313828992.000000
2018-07-03	-0.001849	0.000282	0.060837	-0.010859	-0.001849	410225984.000000
2018-07-02	0.053676	0.000538	0.059750	-0.016298	0.053676	335919008.000000
2018-07-01	-0.010482	-0.000646	0.000075	-0.033092	-0.010482	267224992.000000
2018-06-30	0.029057	0.002278	0.059740	0.002278	0.029057	345528992.000000
2018-06-29	0.010306	-0.000232	0.022036	-0.047175	0.010306	309777984.000000
2018-06-28	-0.046585	-0.000085	0.002791	-0.052342	-0.046585	220566000.000000
2018-06-27	0.031511	-0.000987	0.036748	-0.008862	0.031511	215618000.000000
2018-06-26	-0.053455	0.001304	0.002323	-0.053455	-0.053455	179426000.000000
2018-06-25	0.009160	-0.000574	0.028761	-0.003812	0.009160	231728992.000000
2018-06-24	-0.028301	0.000995	0.004969	-0.083935	-0.028301	369520000.000000
2018-06-23	0.008907	0.000743	0.020056	-0.012472	0.008907	204927008.000000
2018-06-22	-0.089436	0.000591	0.000591	-0.107501	-0.089436	339428992.000000
2018-06-21	-0.008365	-0.000108	0.014317	-0.015927	-0.008365	194312000.000000
2018-06-20	-0.018804	0.000213	0.001698	-0.043233	-0.018804	256920000.000000
2018-06-19	0.022560	0.002082	0.038259	-0.005395	0.022560	255400000.000000
2018-06-18	0.017567	0.001143	0.037064	-0.031016	0.017567	276527008.000000
2018-06-17	-0.012282	0.001406	0.007661	-0.017893	-0.012282	166028000.000000
2018-06-16	-0.005436	-0.001118	0.002950	-0.026258	-0.005436	202682000.000000
2018-06-15	-0.042043	-0.002216	-0.002216	-0.048111	-0.042043	241684992.000000
2018-06-14	0.049831	0.001444	0.067196	-0.015054	0.049831	379824992.000000
2018-06-13	-0.050219	-0.000156	0.003036	-0.081532	-0.050219	359864992.000000
2018-06-12	-0.068094	-0.003195	-0.003190	-0.078490	-0.068094	309544000.000000
2018-06-11	0.027103	-0.003278	0.027103	-0.032995	0.027103	336547008.000000
2018-06-10	-0.108569	-0.000365	-0.000365	-0.149325	-0.108569	492555008.000000
2018-06-09	-0.021633	0.000645	0.006747	-0.021633	-0.021633	175990000.000000
2018-06-08	-0.005582	-0.000799	0.002271	-0.025547	-0.005582	221887008.000000
2018-06-07	0.004936	0.000765	0.019896	-0.002447	0.004936	244568000.000000
2018-06-06	-0.003276	0.001309	0.006873	-0.025045	-0.003276	273966016.000000
2018-06-05	0.023570	0.000715	0.033889	-0.030233	0.023570	386328000.000000
2018-06-04	-0.014571	0.031676	0.048298	-0.039633	-0.014571	558131008.000000
2018-06-03	0.043133	-0.000061	0.046846	-0.003978	0.043133	327804000.000000
2018-06-02	0.032224	0.000157	0.041096	-0.006236	0.032224	315206016.000000
2018-06-01	0.017534	0.000442	0.019918	-0.005800	0.017534	263088000.000000
2018-05-31	0.011233	-0.003904	0.026112	-0.016058	0.011233	283328000.000000
2018-05-30	0.007611	0.004205	0.043972	-0.018600	0.007611	320604992.000000
2018-05-29	0.088615	0.006853	0.105830	-0.001202	0.088615	380744000.000000
2018-05-28	-0.091436	0.000801	0.003126	-0.091436	-0.091436	327903008.000000
2018-05-27	-0.007878	-0.001090	0.000287	-0.015309	-0.007878	186963008.000000
2018-05-26	0.002794	-0.001445	0.025357	-0.011786	0.002794	213242000.000000
2018-05-25	-0.033222	0.001467	0.006663	-0.045353	-0.033222	289816000.000000
2018-05-24	0.054042	-0.000645	0.067819	-0.017215	0.054042	440532992.000000
2018-05-23	-0.071213	0.004751	0.005505	-0.090726	-0.071213	482480992.000000
2018-05-22	-0.052847	0.000828	0.001975	-0.054284	-0.052847	234712992.000000
2018-05-21	-0.026644	0.000281	0.004009	-0.034332	-0.026644	250480992.000000
2018-05-20	0.034773	0.000805	0.041230	-0.004973	0.034773	275614016.000000
2018-05-19	-0.005264	0.000684	0.014929	-0.021164	-0.005264	249039008.000000
2018-05-18	0.019457	-0.002862	0.027446	-0.020860	0.019457	344944000.000000
2018-05-17	-0.065498	-0.000970	0.000752	-0.074036	-0.065498	337999008.000000
2018-05-16	0.022178	-0.003819	0.022178	-0.041727	0.022178	429641984.000000
2018-05-15	-0.057106	-0.002645	0.015348	-0.065098	-0.057106	422980000.000000
2018-05-14	-0.006503	-0.001404	0.015065	-0.051029	-0.006503	613462016.000000
2018-05-13	0.070347	0.001938	0.089334	-0.022626	0.070347	532488000.000000
2018-05-12	0.017209	0.001203	0.043755	-0.065957	0.017209	596684992.000000
2018-05-11	-0.096657	-0.002188	0.004074	-0.134801	-0.096657	991409024.000000
2018-05-10	-0.054618	0.001457	0.008567	-0.055734	-0.054618	399324000.000000
2018-05-09	-0.014653	-0.000709	0.007370	-0.053651	-0.014653	611574976.000000
2018-05-08	-0.022424	0.000534	0.017236	-0.034917	-0.022424	465040992.000000
2018-05-07	-0.044505	-0.000241	-0.000216	-0.067121	-0.044505	602534976.000000
2018-05-06	-0.037210	-0.000959	0.014995	-0.054282	-0.037210	640057024.000000
2018-05-05	0.010789	0.000134	0.030054	0.000134	0.010789	668800000.000000
2018-05-04	0.012410	-0.003313	0.048876	-0.019836	0.012410	1007609984.000000
2018-05-03	0.029533	-0.000133	0.039369	-0.013706	0.029533	725228992.000000
2018-05-02	0.021021	-0.002439	0.027184	-0.011521	0.021021	544425984.000000
2018-05-01	0.004140	0.000498	0.004930	-0.047870	0.004140	630809024.000000
2018-04-30	-0.039918	-0.001574	0.004595	-0.047630	-0.039918	575363968.000000
2018-04-29	0.010389	0.000689	0.047628	-0.033948	0.010389	896313984.000000
2018-04-28	0.061334	-0.002239	0.090561	-0.002239	0.061334	788718976.000000
2018-04-27	-0.045200	-0.001496	0.008478	-0.045200	-0.045200	673793024.000000
2018-04-26	0.064710	0.001458	0.064710	-0.035998	0.064710	1028590016.000000
2018-04-25	-0.143535	-0.002150	-0.002150	-0.166403	-0.143535	1614050048.000000
2018-04-24	0.066302	-0.000736	0.101468	-0.003526	0.066302	1572930048.000000
2018-04-23	0.007658	-0.003928	0.018730	-0.007691	0.007658	674545024.000000
2018-04-22	-0.003560	-0.007196	0.044437	-0.028647	-0.003560	946398976.000000
2018-04-21	-0.055559	0.000601	0.000601	-0.111797	-0.055559	1563970048.000000
2018-04-20	0.167289	-0.001015	0.184826	-0.001015	0.167289	2344069888.000000
2018-04-19	0.117140	0.004411	0.117140	-0.002949	0.117140	878328000.000000
2018-04-18	0.079154	0.000181	0.098173	0.000181	0.079154	624049024.000000
2018-04-17	-0.009594	0.002402	0.021196	-0.013495	-0.009594	442352992.000000
2018-04-16	-0.028185	-0.000349	0.006785	-0.064354	-0.028185	531996000.000000
2018-04-15	0.079644	0.004269	0.079644	0.003099	0.079644	609636992.000000
2018-04-14	-0.009251	-0.001108	0.036705	-0.034133	-0.009251	626268032.000000
2018-04-13	0.014871	0.002157	0.102388	-0.036456	0.014871	1245170048.000000
2018-04-12	0.165394	-0.001574	0.194645	-0.061099	0.165394	1346739968.000000
2018-04-11	0.096711	0.001295	0.114902	-0.005905	0.096711	341707008.000000
2018-04-10	0.000155	0.000567	0.003639	-0.018331	0.000155	154495008.000000
2018-04-09	-0.017072	0.001605	0.023469	-0.035622	-0.017072	271775008.000000
2018-04-08	0.025685	0.000738	0.027776	-0.000566	0.025685	137548000.000000
2018-04-07	0.024003	0.000882	0.040375	-0.003896	0.024003	209076000.000000
2018-04-06	-0.039068	-0.002057	0.004617	-0.060883	-0.039068	218156000.000000
2018-04-05	-0.011622	0.000636	0.008474	-0.034171	-0.011622	358755008.000000
2018-04-04	-0.101091	-0.006227	0.009091	-0.106725	-0.101091	415257984.000000
2018-04-03	0.114554	0.001688	0.123850	-0.002057	0.114554	578238976.000000
2018-04-02	0.032174	0.002033	0.052290	-0.013369	0.032174	262342000.000000
2018-04-01	-0.053229	0.002930	0.006019	-0.090036	-0.053229	297868992.000000
2018-03-31	0.005471	0.002065	0.038937	-0.008631	0.005471	293208000.000000
2018-03-30	-0.003804	0.003435	0.038640	-0.053076	-0.003804	518219008.000000
2018-03-29	-0.115036	-0.000407	0.001104	-0.115036	-0.115036	420550016.000000
2018-03-28	0.000147	-0.000702	0.027869	-0.008806	0.000147	258298000.000000
2018-03-27	-0.035942	-0.000729	0.008122	-0.057270	-0.035942	351380992.000000
2018-03-26	-0.066075	0.001259	0.003499	-0.087171	-0.066075	384504992.000000
2018-03-25	0.000951	-0.004106	0.024870	-0.014602	0.000951	229352000.000000
2018-03-24	-0.002968	0.004727	0.056647	-0.004133	-0.002968	390740000.000000
2018-03-23	-0.029527	0.000555	0.000555	-0.056560	-0.029527	387164000.000000
2018-03-22	-0.044576	-0.000748	0.011082	-0.082061	-0.044576	449041984.000000
2018-03-21	-0.022744	0.004575	0.015218	-0.043175	-0.022744	527324000.000000
2018-03-20	-0.052427	-0.016448	-0.016448	-0.100995	-0.052427	814275968.000000
2018-03-19	0.137077	0.020263	0.137077	-0.028485	0.137077	1096930048.000000
2018-03-18	0.032799	-0.005315	0.062295	-0.139594	0.032799	923606016.000000
2018-03-17	-0.074579	-0.002198	0.000252	-0.090751	-0.074579	319824000.000000
2018-03-16	-0.011486	0.002573	0.020811	-0.032708	-0.011486	502740000.000000
2018-03-15	-0.006601	0.001440	0.040990	-0.082714	-0.006601	888345024.000000
2018-03-14	-0.111191	-0.000180	0.011864	-0.143978	-0.111191	479148992.000000
2018-03-13	-0.014153	-0.003242	0.005844	-0.028184	-0.014153	279679008.000000
2018-03-12	-0.036185	0.001209	0.008670	-0.052026	-0.036185	355031008.000000
2018-03-11	0.043301	-0.001082	0.054957	-0.026223	0.043301	472972000.000000
2018-03-10	-0.062528	0.006015	0.012571	-0.065930	-0.062528	402670016.000000
2018-03-09	0.028945	0.000321	0.036719	-0.090054	0.028945	989203008.000000
2018-03-08	-0.052057	0.001490	0.019917	-0.052597	-0.052057	499496000.000000
2018-03-07	-0.055995	0.001616	0.008421	-0.106180	-0.055995	809598016.000000
2018-03-06	-0.038026	-0.005128	0.033291	-0.044305	-0.038026	875180032.000000
2018-03-05	-0.045918	0.008702	0.074259	-0.049152	-0.045918	1706819968.000000
2018-03-04	0.107662	-0.001978	0.130541	-0.013424	0.107662	797225984.000000
2018-03-03	-0.002571	-0.001492	0.017984	-0.007186	-0.002571	280852992.000000
2018-03-02	-0.019608	-0.001841	0.005995	-0.028072	-0.019608	271036000.000000
2018-03-01	0.026271	-0.000500	0.054404	-0.015425	0.026271	475256992.000000
2018-02-28	-0.045099	-0.002753	0.008704	-0.045939	-0.045099	329529984.000000
2018-02-27	-0.009985	0.002553	0.016430	-0.012418	-0.009985	312712992.000000
2018-02-26	0.014173	0.000230	0.029061	-0.031886	0.014173	458612992.000000
2018-02-25	-0.011437	-0.002541	0.013825	-0.040992	-0.011437	360271008.000000
2018-02-24	-0.044504	-0.001197	0.015102	-0.069479	-0.044504	489920000.000000
2018-02-23	0.060594	-0.008082	0.090702	-0.046191	0.060594	896403968.000000
2018-02-22	-0.072486	-0.003083	0.031446	-0.091523	-0.072486	889707008.000000
2018-02-21	-0.067988	-0.006857	0.005893	-0.083141	-0.067988	871526016.000000
2018-02-20	-0.048024	0.000114	0.026267	-0.053101	-0.048024	806673024.000000
2018-02-19	0.021384	0.002401	0.041028	0.000455	0.021384	556304000.000000
2018-02-18	-0.070142	-0.000166	0.001959	-0.092632	-0.070142	1113650048.000000
2018-02-17	0.058830	-0.000527	0.069910	-0.004842	0.058830	1186729984.000000
2018-02-16	-0.007699	-0.001674	0.004342	-0.029864	-0.007699	568339008.000000
2018-02-15	0.004590	-0.002251	0.019569	-0.026410	0.004590	1188530048.000000
2018-02-14	0.111163	-0.001295	0.134017	-0.005957	0.111163	1457600000.000000
2018-02-13	-0.049583	-0.001175	0.001776	-0.061332	-0.049583	921100032.000000
2018-02-12	0.076532	0.002330	0.102145	0.002330	0.076532	1756290048.000000
2018-02-11	-0.062181	-0.003185	0.004072	-0.131659	-0.062181	2555310080.000000
2018-02-10	0.121866	-0.007520	0.362691	-0.007520	0.121866	4682010112.000000
2018-02-09	0.185238	-0.010087	0.185238	-0.041878	0.185238	1690339968.000000
2018-02-08	0.112403	0.007400	0.114761	-0.001774	0.112403	947315008.000000
2018-02-07	-0.067618	-0.002340	0.037462	-0.089443	-0.067618	1133369984.000000
2018-02-06	0.122281	0.019257	0.136174	-0.149522	0.122281	2361139968.000000
2018-02-05	-0.151898	0.012554	0.022267	-0.171479	-0.151898	1286179968.000000
2018-02-04	-0.117246	-0.011498	0.031280	-0.137680	-0.117246	1190960000.000000
2018-02-03	0.044371	0.008147	0.101737	-0.139185	0.044371	1988960000.000000
2018-02-02	-0.080773	-0.001962	-0.001962	-0.340088	-0.080773	3529760000.000000
2018-02-01	-0.171939	-0.001299	0.000181	-0.199599	-0.171939	1410419968.000000
2018-01-31	0.020930	-0.006939	0.045997	-0.089543	0.020930	1264029952.000000
2018-01-30	-0.140041	0.003180	0.003180	-0.145653	-0.140041	1134640000.000000
2018-01-29	-0.054037	-0.000279	0.004037	-0.071785	-0.054037	1073680000.000000
2018-01-28	0.148051	0.003921	0.179647	0.003921	0.148051	1327360000.000000
2018-01-27	0.001512	0.000509	0.018246	-0.022863	0.001512	689100992.000000
2018-01-26	-0.072365	-0.002522	0.010509	-0.135060	-0.072365	2037570048.000000
2018-01-25	-0.033099	0.004495	0.020403	-0.047364	-0.033099	986067968.000000
2018-01-24	0.015018	0.011256	0.065733	-0.021861	0.015018	1853440000.000000
2018-01-23	-0.014941	-0.003065	0.057001	-0.112786	-0.014941	2977080064.000000
2018-01-22	-0.016442	0.008384	0.035050	-0.157213	-0.016442	2642510080.000000
2018-01-21	-0.125793	-0.001514	-0.001514	-0.149238	-0.125793	2840750080.000000
2018-01-20	0.017119	0.006952	0.049148	-0.031771	0.017119	2346449920.000000
2018-01-19	-0.027891	-0.009026	0.066116	-0.059653	-0.027891	3697430016.000000
2018-01-18	0.222178	-0.000582	0.326753	-0.038497	0.222178	9110439936.000000
2018-01-17	0.107781	0.003765	0.167472	-0.238665	0.107781	7251210240.000000
2018-01-16	-0.296703	0.000972	0.014701	-0.457687	-0.296703	5687960064.000000
2018-01-15	-0.099109	-0.002654	0.021287	-0.105255	-0.099109	1838460032.000000
2018-01-14	-0.079234	-0.001400	-0.001400	-0.103648	-0.079234	1978200064.000000
2018-01-13	-0.010709	0.004003	0.036937	-0.029957	-0.010709	2130169984.000000
2018-01-12	0.047381	-0.005290	0.105608	-0.042808	0.047381	3330810112.000000
2018-01-11	-0.012213	0.002679	0.138770	-0.182109	-0.012213	6296119808.000000
2018-01-10	-0.060358	0.013384	0.027163	-0.193450	-0.060358	4833639936.000000
2018-01-09	-0.144300	-0.005191	0.029619	-0.193611	-0.144300	3694700032.000000
2018-01-08	-0.272840	-0.004216	-0.004216	-0.388503	-0.272840	3315259904.000000
2018-01-07	0.091740	-0.000326	0.127112	-0.003281	0.091740	2395150080.000000
2018-01-06	0.014846	-0.009073	0.061616	-0.019284	0.014846	2777560064.000000
2018-01-05	-0.046274	0.032591	0.115137	-0.116066	-0.046274	6288500224.000000
2018-01-04	0.029388	0.003855	0.237192	0.003855	0.029388	8103660032.000000
2018-01-03	0.251711	-0.006772	0.321851	-0.015216	0.251711	6635879936.000000
2018-01-02	0.037586	-0.009013	0.041053	-0.059849	0.037586	3171010048.000000
2018-01-01	0.039321	-0.001978	0.039321	-0.065897	0.039321	1894230016.000000
2017-12-31	0.065562	-0.029606	0.107910	-0.133727	0.065562	4642079744.000000
2017-12-30	-0.025097	-0.007044	0.288960	-0.081021	-0.025097	8108389888.000000
2017-12-29	0.547719	0.006073	0.583047	0.003984	0.547719	7545739776.000000
2017-12-28	0.022320	-0.004108	0.072276	-0.100733	0.022320	2843300096.000000
2017-12-27	0.176672	-0.004430	0.234529	-0.006011	0.176672	2854259968.000000
2017-12-26	0.059849	-0.000517	0.061471	-0.028245	0.059849	938846976.000000
2017-12-25	0.075071	0.001590	0.081010	-0.038690	0.075071	686014016.000000
2017-12-24	-0.111033	0.001056	0.001056	-0.224053	-0.111033	754958976.000000
2017-12-23	0.031679	0.024300	0.061338	-0.054618	0.031679	1497590016.000000
2017-12-22	-0.045916	-0.022254	0.156002	-0.378897	-0.045916	4644700160.000000
2017-12-21	0.537520	0.008442	0.593141	0.008442	0.537520	3626109952.000000
2017-12-20	-0.019327	-0.005164	-0.002797	-0.076213	-0.019327	1007420032.000000
2017-12-19	0.016508	-0.001233	0.109363	-0.027856	0.016508	1449670016.000000
2017-12-18	0.068703	-0.000453	0.087385	-0.053604	0.068703	1342720000.000000
2017-12-17	-0.039908	-0.005954	0.009674	-0.051029	-0.039908	805200000.000000
2017-12-16	0.003255	-0.000910	0.079005	-0.019194	0.003255	1334770048.000000
2017-12-15	-0.125057	-0.002896	-0.002896	-0.229269	-0.125057	3194210048.000000
2017-12-14	0.834708	-0.000881	0.894156	-0.009897	0.834708	6358700032.000000
2017-12-13	0.261074	-0.002281	0.375399	-0.081857	0.261074	2738759936.000000
2017-12-12	0.484125	0.002253	0.724742	-0.002900	0.484125	1555040000.000000
2017-12-11	0.060497	-0.003198	0.065073	-0.006442	0.060497	176100992.000000
2017-12-10	-0.030138	0.003433	0.003433	-0.062948	-0.030138	198174000.000000
2017-12-09	-0.029418	0.000147	0.014116	-0.047802	-0.029418	205288992.000000
2017-12-08	0.131503	0.003649	0.250647	-0.002940	0.131503	660172032.000000
2017-12-07	-0.041803	0.000340	0.005229	-0.048180	-0.041803	275204992.000000
2017-12-06	-0.055087	-0.002783	-0.001609	-0.074599	-0.055087	274526016.000000
2017-12-05	-0.029459	0.000106	0.001644	-0.032878	-0.029459	174591008.000000
2017-12-04	0.004011	0.001429	0.011102	-0.021373	0.004011	104650000.000000
2017-12-03	-0.011484	0.000149	0.029668	-0.031707	-0.011484	134710000.000000
2017-12-02	-0.000810	-0.000168	0.013762	-0.019331	-0.000810	118250000.000000
2017-12-01	0.019217	-0.002097	0.031689	-0.045600	0.019217	182992000.000000
2017-11-30	0.032148	0.013861	0.075947	-0.055450	0.032148	270907008.000000
2017-11-29	-0.187490	-0.004295	-0.004295	-0.199708	-0.187490	541177984.000000
2017-11-28	0.178102	0.000433	0.185711	-0.002016	0.178102	720742976.000000
2017-11-27	0.020533	-0.002062	0.023772	-0.003846	0.020533	196735008.000000
2017-11-26	-0.014164	0.002064	0.002064	-0.015072	-0.014164	133297000.000000
2017-11-25	0.031683	-0.001897	0.045201	-0.004325	0.031683	212592992.000000
2017-11-24	0.009241	0.001852	0.012318	-0.016423	0.009241	211486000.000000
2017-11-23	0.014833	0.000553	0.047044	-0.006510	0.014833	240684992.000000
2017-11-22	0.023955	-0.002696	0.032482	-0.004090	0.023955	167078000.000000
2017-11-21	-0.022985	-0.003271	0.009277	-0.048413	-0.022985	217851008.000000
2017-11-20	0.033517	0.001385	0.053737	-0.000428	0.033517	214663008.000000
2017-11-19	0.010449	-0.002130	0.033259	-0.011328	0.010449	193808000.000000
2017-11-18	0.009030	-0.000150	0.016850	-0.018457	0.009030	144298000.000000
2017-11-17	-0.002316	-0.010299	0.054168	-0.030092	-0.002316	397071008.000000
2017-11-16	0.066450	-0.001413	0.276273	-0.017229	0.066450	1022579968.000000
2017-11-15	0.014922	-0.004232	0.015632	-0.008421	0.014922	100294000.000000
2017-11-14	0.031375	0.001165	0.050388	0.001165	0.031375	127361000.000000
2017-11-13	0.030927	0.000674	0.034165	0.000593	0.030927	132567000.000000
2017-11-12	-0.062211	-0.001026	-0.001026	-0.071477	-0.062211	251175008.000000
2017-11-11	0.019115	-0.002591	0.038613	-0.004959	0.019115	134503008.000000
2017-11-10	-0.050600	0.003531	0.007265	-0.056224	-0.050600	141032992.000000
2017-11-09	0.000235	0.002180	0.020024	-0.011824	0.000235	147916992.000000
2017-11-08	0.033672	0.001526	0.052787	-0.010905	0.033672	156959008.000000
2017-11-07	0.021185	-0.004306	0.026142	-0.009767	0.021185	114073000.000000
2017-11-06	0.019475	-0.000436	0.032699	-0.003192	0.019475	102233000.000000
2017-11-05	-0.008319	-0.002336	0.006744	-0.012923	-0.008319	46959000.000000
2017-11-04	-0.021059	-0.000240	0.001662	-0.028828	-0.021059	74013200.000000
2017-11-03	0.011037	0.001671	0.107670	-0.020077	0.011037	373401984.000000
2017-11-02	0.060461	0.002431	0.091303	-0.053105	0.060461	197770000.000000
2017-11-01	-0.032081	-0.001551	0.004702	-0.034628	-0.032081	67921000.000000
2017-10-31	-0.010621	-0.001510	0.005264	-0.011100	-0.010621	43875700.000000
2017-10-30	-0.000365	0.001435	0.006657	-0.004137	-0.000365	34835100.000000
2017-10-29	0.004707	-0.002363	0.016717	-0.008720	0.004707	62511100.000000
2017-10-28	-0.004685	-0.000952	0.003408	-0.006825	-0.004685	26864900.000000
2017-10-27	-0.004140	0.000196	0.004243	-0.009120	-0.004140	29623000.000000
2017-10-26	-0.004770	-0.000782	0.008235	-0.009501	-0.004770	38193100.000000
2017-10-25	-0.009872	0.002270	0.007709	-0.023427	-0.009872	75017504.000000
2017-10-24	0.049338	-0.006911	0.104505	-0.032870	0.049338	220080992.000000
2017-10-23	-0.035504	-0.003296	-0.001264	-0.065864	-0.035504	99914800.000000
2017-10-22	-0.032410	-0.000275	0.004194	-0.048783	-0.032410	75849504.000000
2017-10-21	0.002218	-0.001710	0.008701	-0.046426	0.002218	116807000.000000
2017-10-20	-0.021385	-0.000297	0.040307	-0.029728	-0.021385	182704000.000000
2017-10-19	-0.015422	-0.001332	0.060727	-0.046691	-0.015422	304542016.000000
2017-10-18	-0.058363	-0.003654	0.026226	-0.106863	-0.058363	354224992.000000
2017-10-17	-0.094321	-0.000523	0.026987	-0.129933	-0.094321	411264992.000000
2017-10-16	-0.029362	-0.002262	0.103704	-0.056720	-0.029362	963158016.000000
2017-10-15	0.025894	0.000843	0.043133	-0.032147	0.025894	280211008.000000
2017-10-14	-0.012166	0.002538	0.027763	-0.012166	-0.012166	211160000.000000
2017-10-13	0.048608	-0.000519	0.063748	-0.038432	0.048608	398688992.000000
2017-10-12	-0.060600	0.002295	0.011455	-0.060600	-0.060600	245004000.000000
2017-10-11	0.014214	-0.000288	0.027269	-0.006340	0.014214	161206000.000000
2017-10-10	0.035374	0.003971	0.058513	-0.042220	0.035374	384048992.000000
2017-10-09	-0.100445	-0.004237	-0.004237	-0.141150	-0.100445	610110016.000000
2017-10-08	0.173228	-0.001249	0.173228	-0.004518	0.173228	529838016.000000
2017-10-07	0.019531	-0.000325	0.022633	-0.002397	0.019531	77950200.000000
2017-10-06	-0.012560	0.002996	0.022817	-0.014695	-0.012560	167492000.000000
2017-10-05	0.103560	0.003767	0.122217	0.003767	0.103560	404299008.000000
2017-10-04	0.056345	-0.000492	0.067412	-0.003300	0.056345	123573000.000000
2017-10-03	0.003168	0.002630	0.010519	-0.019469	0.003168	48703100.000000
